id,city_id,language_key,name
333841702,4335607,lt,Tepecik
333841779,4335608,lt,Ayranci
333842087,4335612,lt,Kumcay
333842626,4335619,lt,Aksuetlue
333843011,4335624,lt,Ilicakoey
333843088,4335625,lt,Avsuyu
333843319,4335628,lt,Kurdalan
333843704,4335633,lt,Azikli
333844474,4335643,lt,Inkapi
333844551,4335644,lt,Koepruebasi
333844859,4335648,lt,Konacik
333846168,4335665,lt,Guergoeze'as
333846245,4335666,lt,Cayirli
333846322,4335667,lt,Senkoey
333846476,4335669,lt,Ufaca
333846553,4335670,lt,Yesiloren
333846861,4335674,lt,Celtiksuyu
333846938,4335675,lt,Akyayla
333847015,4335676,lt,Karadayilar
333847092,4335677,lt,Bozkus
333847323,4335680,lt,Salkimbaglar
333847554,4335683,lt,Kemerli
333847785,4335686,lt,Eglence
333848093,4335690,lt,Beson
333848170,4335691,lt,Baglica
333848478,4335695,lt,Kelekci
333848555,4335696,lt,Gecitkoey
333848709,4335698,lt,Sogucak
333849017,4335702,lt,Sakli
333849556,4335709,lt,Guevercinlikas
333849710,4335711,lt,Ikiyaka
333850326,4335719,lt,Yesilkoey
333850403,4335720,lt,Yukari Ocak
333850557,4335722,lt,Karaalani
333850634,4335723,lt,Yuece
333850788,4335725,lt,Yuece
333850865,4335726,lt,Ziyarethesp
333850942,4335727,lt,Sultankoey
333851096,4335729,lt,Kislak
333851481,4335734,lt,Bakisi
333851558,4335735,lt,Harapkueri
333851866,4335739,lt,Guzelagac
333852020,4335741,lt,Tasgedik
333852251,4335744,lt,Ovabasi
333852482,4335747,lt,Kudi
333852636,4335749,lt,Tavsi
333852790,4335751,lt,Aydinli
333852867,4335752,lt,Sargin
333853021,4335754,lt,Karalan
333853175,4335756,lt,Khirre
333853252,4335757,lt,Sapanli
333853329,4335758,lt,Ardicli
333853560,4335761,lt,Tepecik
333853714,4335763,lt,Kirbali
333853868,4335765,lt,Eristi
333854022,4335767,lt,Salihkoy
333854176,4335769,lt,Narli
333854253,4335770,lt,Jenicekoey
333854484,4335773,lt,Kayabasi
333854638,4335775,lt,Tepeli
333855485,4335786,lt,Celikkoey
333855947,4335792,lt,Altinoluk
333856178,4335795,lt,Yokuslu
333856255,4335796,lt,Kaynarca
333856794,4335803,lt,Yilmaz
333857872,4335817,lt,Kartalkaya
333858180,4335821,lt,Kocak
333858411,4335824,lt,Altiyol
333858719,4335828,lt,Kayikoey
333858873,4335830,lt,Guezelkoey
333858950,4335831,lt,Cinarkoey
333859181,4335834,lt,Bazgyur
333859335,4335836,lt,Cukurdere
333859720,4335841,lt,Kefsūras
333859874,4335843,lt,Kefsūras
333860413,4335850,lt,Damlabasi
333860567,4335852,lt,Sagkol
333861260,4335861,lt,Cevrimli
333861337,4335862,lt,Ilisu
333861414,4335863,lt,Yuceli
333861568,4335865,lt,Tilkitepe
333861645,4335866,lt,Yukari Jenikoey
333861722,4335867,lt,Cayiroezue
333861876,4335869,lt,Gyundiukas
333861953,4335870,lt,Ciplaktepe
333862030,4335871,lt,Ahmetli
333862107,4335872,lt,Aytepe
333862261,4335874,lt,Pinarčikas
333862415,4335876,lt,Kayagoze
333862492,4335877,lt,Koemuerlue
333862569,4335878,lt,Harmankaya
333862646,4335879,lt,Uzunkoy
333862723,4335880,lt,Sakalar
333862800,4335881,lt,Yukari Hatunlu
333862877,4335882,lt,Fesligen
333862954,4335883,lt,Cagil
333863262,4335887,lt,Goezluece
333863339,4335888,lt,Sevimli
333863416,4335889,lt,Abduelimamas
333863493,4335890,lt,Akhueyuek
333863570,4335891,lt,Abduelimam
333863647,4335892,lt,Aritepe
333863724,4335893,lt,Alemdar
333863878,4335895,lt,Ilicak
333863955,4335896,lt,Ekinlik
333864032,4335897,lt,Gyundiukas
333864186,4335899,lt,Isiklar
333864263,4335900,lt,Kilduman
333864340,4335901,lt,Akziyaret
333864494,4335903,lt,Haciyusuf
333864571,4335904,lt,Esenli
333864648,4335905,lt,Yusektepe
333864879,4335908,lt,Catak
333864956,4335909,lt,Bugday
333865033,4335910,lt,Karademir
333865495,4335916,lt,Avsuyu
333865572,4335917,lt,Acar
333865649,4335918,lt,Alioezue
333865880,4335921,lt,Koeskas
333865957,4335922,lt,Yedikardes
333866034,4335923,lt,Guerguer
333866265,4335926,lt,Damlali
333866342,4335927,lt,Yumakli
333866419,4335928,lt,Sandikli
333866496,4335929,lt,Kamlideris
333866650,4335931,lt,Eroglu
333866881,4335934,lt,Guneyli
333866958,4335935,lt,Suekuerlue
333867035,4335936,lt,Eskiyol
333867266,4335939,lt,Akcatarla
333867420,4335941,lt,Bueyuek Ciftlikkoeyue
333867651,4335944,lt,Demirtepe
333867728,4335945,lt,Yolbilen
333867882,4335947,lt,Mendikjanas
333868190,4335951,lt,Dursunkoey
333868267,4335952,lt,Yavrukoy
333868344,4335953,lt,Ilkadim
333868421,4335954,lt,Duygulu
333868498,4335955,lt,Guevenli
333868652,4335957,lt,Kuyular
333868729,4335958,lt,Calikoy
333869037,4335962,lt,Odakoey
333869114,4335963,lt,Pinarbasi
333869191,4335964,lt,Seyderis
333869345,4335966,lt,UEcyol
333869422,4335967,lt,Tasliburc
333869653,4335970,lt,Caldere
333869807,4335972,lt,Kozluca
333870115,4335976,lt,Keminas
333870654,4335983,lt,Sinirtepe
333870731,4335984,lt,Yerkoy
333870962,4335987,lt,Ikiztepe
333871424,4335993,lt,Kirca
333871578,4335995,lt,Ortaca
333871963,4336000,lt,Tekkekoey
333872117,4336002,lt,Bakacik
333872271,4336004,lt,Chyrbekhalitas
333872579,4336008,lt,Eroglu
333872656,4336009,lt,Hamzayan
333873195,4336016,lt,Tepecik
333873426,4336019,lt,Nur
333873580,4336021,lt,Tatlar
333873811,4336024,lt,Orencik
333873888,4336025,lt,Gedikli
333874042,4336027,lt,Kesikkavak
333874119,4336028,lt,Soguttepe
333874196,4336029,lt,Gedikli
333874273,4336030,lt,Kocahacili
333874350,4336031,lt,Gueneykoey
333874504,4336033,lt,Bueyuekbag
333874658,4336035,lt,Sincik
333874735,4336036,lt,Saatli
333874812,4336037,lt,Sariyayla
333874889,4336038,lt,Mutlukonak
333875120,4336041,lt,Damlacik
333875197,4336042,lt,Oymakli
333875274,4336043,lt,Gulyolu
333875505,4336046,lt,Guemue
333875659,4336048,lt,Susuz
333875736,4336049,lt,Guemueslue
333875813,4336050,lt,Kartalpinar
333875890,4336051,lt,Guemueslue
333875967,4336052,lt,Yesilyayla
333876044,4336053,lt,Cukurca
333876121,4336054,lt,Arifkoy
333876275,4336056,lt,Tuerkkoeyue
333876352,4336057,lt,Alara
333876429,4336058,lt,Dikmen
333876506,4336059,lt,Oymapinar
333876583,4336060,lt,Uzunkale
333876660,4336061,lt,Oerenšehiras
333876737,4336062,lt,Basyayla
333876814,4336063,lt,Dodurga
333876891,4336064,lt,Uzunyurt
333876968,4336065,lt,Dodurga
333877276,4336069,lt,Bayindir
333877430,4336071,lt,Bayindir
333877507,4336072,lt,Zuemruetova
333877584,4336073,lt,Cukurbag
333877661,4336074,lt,Zuemruetova
333877815,4336076,lt,Kizilca
333878046,4336079,lt,Doganlaras
333878123,4336080,lt,Hisaroenue
333878200,4336081,lt,Korukoey
333878431,4336084,lt,Alacat
333878508,4336085,lt,Girmeler
333878585,4336086,lt,Sultaniye
333878662,4336087,lt,Sultaniye
333878739,4336088,lt,Dalamanas
333878816,4336089,lt,Kuzupinari
333878970,4336091,lt,Akdag
333879047,4336092,lt,Santarla
333879509,4336098,lt,Keruh
333879740,4336101,lt,Yalcinlar
333879817,4336102,lt,Anadolukavagi
333879894,4336103,lt,Zuemruetkoey
333879971,4336104,lt,Senyurt
333880048,4336105,lt,Zuemruetkoey
333880125,4336106,lt,UEnal
333880356,4336109,lt,Zopran
333880433,4336110,lt,Zonguldakas
333880587,4336112,lt,Ziyaretkoy
333880664,4336113,lt,Ziyaret
333880741,4336114,lt,Ziyaret
333880818,4336115,lt,Ziahmetas
333881203,4336120,lt,Zincirlikopru
333881280,4336121,lt,Zimlakova
333881357,4336122,lt,Tasdelen
333881511,4336124,lt,Zilė
333881742,4336127,lt,Orencik
333881973,4336130,lt,Zeytinkoey
333882050,4336131,lt,Zeytinli
333882127,4336132,lt,Zeytinkoey
333882204,4336133,lt,Zeytinburnu
333882281,4336134,lt,Zeytinburnu
333882358,4336135,lt,Zeytinbagi
333882435,4336136,lt,Alančikas
333882512,4336137,lt,Zeyrek
333882589,4336138,lt,Zeybek
333882666,4336139,lt,Girtanas
333882743,4336140,lt,Jenikojus
333882974,4336143,lt,Hisarli
333883051,4336144,lt,Zekeriya
333883205,4336146,lt,Zekeriya
333883282,4336147,lt,Zekeriya
333883436,4336149,lt,Camagzi
333883513,4336150,lt,Zaviye
333883667,4336152,lt,Hamide
333883744,4336153,lt,Akmescit
333883898,4336155,lt,Yigitoezue
333883975,4336156,lt,Ormanustu
333884052,4336157,lt,Sentepe
333884283,4336160,lt,Zaimkoy
333884360,4336161,lt,Zafer
333884437,4336162,lt,Yuezbeyli
333884514,4336163,lt,Koeskkoey
333884591,4336164,lt,Yuezbeyli
333884668,4336165,lt,Yuzbeyi
333884745,4336166,lt,Yuzbasilar
333884822,4336167,lt,Yuvasaray
333884899,4336168,lt,Yuvapinar
333884976,4336169,lt,Karanfilkoey
333885053,4336170,lt,Yuvali
333885130,4336171,lt,Yuvali
333885284,4336173,lt,Yuvalar
333885361,4336174,lt,Yuvademirciler
333885592,4336177,lt,Juvacikas
333885746,4336179,lt,Juvacikas
333885823,4336180,lt,Juvacikas
333886054,4336183,lt,Seyitahmet
333886131,4336184,lt,Yuva
333886208,4336185,lt,Yuva
333886285,4336186,lt,Yuvakoey
333886439,4336188,lt,Yuva
333886516,4336189,lt,Yuva
333886593,4336190,lt,Yuva
333886670,4336191,lt,Yuva
333886824,4336193,lt,Madenkoey
333886901,4336194,lt,Yusufoglan
333886978,4336195,lt,Yusuflu
333887055,4336196,lt,Kuyucakpinar
333887209,4336198,lt,Jusufelis
333887286,4336199,lt,Yusufca
333887363,4336200,lt,Yueruekyeri
333887440,4336201,lt,Yorukyenicesi
333887748,4336205,lt,Yoeruekler
333887825,4336206,lt,Yueruekler
333887902,4336207,lt,Yoeruecekler
333887979,4336208,lt,Yueruekler
333888056,4336209,lt,Dariyeriyueruekler
333888133,4336210,lt,Yueruekler
333888287,4336212,lt,Yueruekkoey
333888518,4336215,lt,Yueruekali
333888749,4336218,lt,Yueruek
333888826,4336219,lt,Yurtyenice
333888903,4336220,lt,Yurttepe
333888980,4336221,lt,Yurtsever
333889134,4336223,lt,Yuntdag
333889211,4336224,lt,Yurtbekler
333889288,4336225,lt,Yurtbasi
333889365,4336226,lt,Yurtbasi
333889442,4336227,lt,Yurtalan
333889596,4336229,lt,Karagueney
333889673,4336230,lt,Yurekli
333889750,4336231,lt,Yurecik
333889827,4336232,lt,Aydinlik
333889904,4336233,lt,Yunuslu
333889981,4336234,lt,Yunuslar
333890058,4336235,lt,Yunusefendi
333890212,4336237,lt,Yunuskoy
333890366,4336239,lt,Yuenluek
333890443,4336240,lt,Yuenluece
333890520,4336241,lt,Juenbuekenas
333890597,4336242,lt,Yundalan
333890674,4336243,lt,Juenbuekenas
333890905,4336246,lt,Yumurcakli
333891059,4336248,lt,Yumakli
333891136,4336249,lt,Yumakli
333891213,4336250,lt,Yumakli
333891290,4336251,lt,Yumakli
333891367,4336252,lt,Yumacik
333891444,4336253,lt,Yueluece
333891521,4336254,lt,Yulafli
333891598,4336255,lt,Kanlidag
333891752,4336257,lt,Yuksekyayla
333891829,4336258,lt,Yueklue
333891906,4336259,lt,Yueksekkoey
333891983,4336260,lt,Bayircik
333892060,4336261,lt,Saatkoey
333892137,4336262,lt,Bayircik
333892214,4336263,lt,Yukarizeytin
333892368,4336265,lt,Yukariyazi
333892445,4336266,lt,Yukariyaylakoey
333892522,4336267,lt,Yukariyavucuk
333892599,4336268,lt,Yukariyapici
333892676,4336269,lt,Yukariyanlar
333892830,4336271,lt,Kolca
333892907,4336272,lt,Tokas
333892984,4336273,lt,Yukari Tepe
333893138,4336275,lt,Yukarisusuz
333893369,4336278,lt,Suayip
333893677,4336282,lt,Yukarikumlu
333893754,4336283,lt,Yukarisimsirli
333893831,4336284,lt,Yukari Kumlu
333893985,4336286,lt,Yukarisevindikli
333894062,4336287,lt,Maden Koprubasi
333894293,4336290,lt,Yukarisayik
333894447,4336292,lt,Saraykoey
333894678,4336295,lt,Yukari Sahinler
333894755,4336296,lt,Yukarisal
333894832,4336297,lt,Yukaris Sahinleris
333894986,4336299,lt,Yukaripelitozu
333895063,4336300,lt,Yukarioz
333895217,4336302,lt,Yukari Ortacami
333895294,4336303,lt,Yukariorenseki
333895371,4336304,lt,Abakolu
333895448,4336305,lt,Demirli
333895602,4336307,lt,Yukarioba
333895756,4336309,lt,Yukarinarli
333895910,4336311,lt,Yukarimescit
333895987,4336312,lt,Yukari Bakracli
333896141,4336314,lt,Kadriye
333896218,4336315,lt,Sirinler
333896295,4336316,lt,Yesilkoey
333896449,4336318,lt,Nuhlar
333896680,4336321,lt,Yukari Maden
333896757,4336322,lt,Yukariliskav
333896911,4336324,lt,Yukarikuyucak
333896988,4336325,lt,Yukari Kurtoglu
333897142,4336327,lt,Yukari Kulaca
333897219,4336328,lt,Yukari Koyunlu
333897296,4336329,lt,Yukarikoy
333897604,4336333,lt,Yukarikoy
333897681,4336334,lt,Guneyfelekettin
333897835,4336336,lt,Yukarikotanli
333897912,4336337,lt,Koepruecek
333897989,4336338,lt,Yukarikizilcaoren
333898066,4336339,lt,Yukari Kislak
333898220,4336341,lt,Yukari Kirzi
333898297,4336342,lt,Yukarikinik
333898374,4336343,lt,Yukarikilicli
333898451,4336344,lt,Yukarikayi
333898605,4336346,lt,Yukariovacik
333898759,4336348,lt,Yukarikaraoren
333898913,4336350,lt,Yukarikarakaya
333899067,4336352,lt,Yukari Karaguney
333899144,4336353,lt,Yukari Karacasu
333899221,4336354,lt,Yukarikaraasik
333899298,4336355,lt,Ulas
333899529,4336358,lt,Yayladag
333899760,4336361,lt,Yukariinova
333899837,4336362,lt,Yukariihsaniye
333899991,4336364,lt,Yukarihuseyinseyh
333900145,4336366,lt,Yukari Horum
333900376,4336369,lt,Guvencler
333900761,4336374,lt,Yukariguclu
333900838,4336375,lt,Yukarigoynuk
333900915,4336376,lt,Yukarigolyazi
333901300,4336381,lt,Levent
333901377,4336382,lt,Yukari Findikli
333901454,4336383,lt,Fevzipasa
333901531,4336384,lt,Yukariemirler
333901608,4336385,lt,Yukariemerce
333901685,4336386,lt,Yukarielma
333901993,4336390,lt,Dumanli
333902070,4336391,lt,Yukariduger
333902147,4336392,lt,Yukaridudullu
333902224,4336393,lt,Yukari Danisment
333902301,4336394,lt,Yukari Yenikoey
333902378,4336395,lt,Yukariderekoy
333902455,4336396,lt,Derdinas
333902609,4336398,lt,Darica
333902686,4336399,lt,Yukaridana
333902763,4336400,lt,Yukari Damlapinar
333902917,4336402,lt,Yukari Civanli
333902994,4336403,lt,Yukariciftlikkoey
333903148,4336405,lt,Yukariciftlikkoey
333903302,4336407,lt,Cende
333903379,4336408,lt,Yukaricayli
333903533,4336410,lt,Yukaricavus
333903610,4336411,lt,Yukari Cavundur
333903841,4336414,lt,Yukaricanveren
333903995,4336416,lt,Yukaricamli
333904072,4336417,lt,Yukari Cambaz
333904149,4336418,lt,Yukari Bozcaarmutas
333904226,4336419,lt,Yukari Boynuyogun
333904303,4336420,lt,Yukari Bogali
333904457,4336422,lt,Yukaribercin
333904611,4336424,lt,Yukaribatak
333904688,4336425,lt,Yukaribarakli
333904765,4336426,lt,Yukaribagdere
333904842,4336427,lt,Yukari Bademozu
333904919,4336428,lt,Yukari Akdere
333904996,4336429,lt,Yukariavlayan
333905073,4336430,lt,Asarcik
333905227,4336432,lt,Yukari Alinli
333905381,4336434,lt,Yukari Alican
333905535,4336436,lt,Yukariyaylakoey
333905612,4336437,lt,Akyazi
333905689,4336438,lt,Yukariaktas
333905766,4336439,lt,Yukari Akoren
333905997,4336442,lt,Yucepinar
333906074,4336443,lt,Yuceler
333906151,4336444,lt,Yucelen
333906228,4336445,lt,Yuece
333906305,4336446,lt,Yucehisar
333906382,4336447,lt,Yucebelen
333906536,4336449,lt,Yurukatli
333906690,4336451,lt,Yoerguec
333906844,4336453,lt,Sakalar
333906998,4336455,lt,Yongalik
333907075,4336456,lt,Yoncali
333907152,4336457,lt,Yoncalik
333907306,4336459,lt,Yoncali
333907383,4336460,lt,Yoncali
333907460,4336461,lt,Yoncali
333907537,4336462,lt,Yoncali
333907614,4336463,lt,Jomra
333907691,4336464,lt,Yoluestue
333907768,4336465,lt,Yoluestue
333907845,4336466,lt,Yoluestue
333907922,4336467,lt,Yoluestue
333907999,4336468,lt,Yoluestue
333908076,4336469,lt,Yoluestue
333908153,4336470,lt,Yoluestue
333908230,4336471,lt,Yoluestue
333908307,4336472,lt,El Pinar
333908384,4336473,lt,El Pinar
333908461,4336474,lt,Yoloren
333908538,4336475,lt,Yolkorur
333908615,4336476,lt,Yolkiyi
333908692,4336477,lt,Yolkaya
333908769,4336478,lt,Yolindi
333908846,4336479,lt,Yolgecti
333908923,4336480,lt,Yolgecen
333909000,4336481,lt,Yolgecen
333909077,4336482,lt,Yolgecen
333909154,4336483,lt,Yoldere
333909308,4336485,lt,Yolcati
333909385,4336486,lt,Yolcati
333909462,4336487,lt,Yolcati
333909539,4336488,lt,Yolboyu
333909616,4336489,lt,Yolbasi
333909770,4336491,lt,Yolbasi
333909847,4336492,lt,Yolalti
333909924,4336493,lt,Yolagzi
333910078,4336495,lt,Yolagzi
333910155,4336496,lt,Yolagzi
333910232,4336497,lt,Yolageldi
333910309,4336498,lt,Cumhuriyet
333910386,4336499,lt,Yokuslu
333910463,4336500,lt,Yokuslu
333910540,4336501,lt,Yokusdibi
333910694,4336503,lt,Yogurtcular
333910771,4336504,lt,Yoguntas
333910848,4336505,lt,Yogunpelit
333910925,4336506,lt,Yogunpelit
333911002,4336507,lt,Yogunpelit
333911079,4336508,lt,Yogunpelit
333911156,4336509,lt,Yogunpelit
333911233,4336510,lt,Kilicli
333911310,4336511,lt,Yirmibesoglu
333911464,4336513,lt,Yiltaric
333911541,4336514,lt,Boztepe
333911695,4336516,lt,Yildizkaya
333911772,4336517,lt,Yildizalan
333911849,4336518,lt,Yildiz
333911926,4336519,lt,Yildiz
333912003,4336520,lt,Yildiz
333912080,4336521,lt,Yildiz
333912157,4336522,lt,Yildiz
333912311,4336524,lt,Yildirimoren
333912388,4336525,lt,Yildirimhacilar
333912465,4336526,lt,Yildirimeloren
333912619,4336528,lt,Yildirimaydogan
333912850,4336531,lt,Yilanlica
333912927,4336532,lt,Dutoezue
333913004,4336533,lt,Esentepė
333913081,4336534,lt,Dutoezue
333913158,4336535,lt,Dutoezue
333913235,4336536,lt,Dutoezue
333913312,4336537,lt,Dutoezue
333913389,4336538,lt,Yilanlar
333913466,4336539,lt,Yilanci
333913543,4336540,lt,Yikilgan
333913620,4336541,lt,Yigitli
333913851,4336544,lt,Yigitkonagi
333914005,4336546,lt,Yigit
333914082,4336547,lt,Yigilca
333914159,4336548,lt,Yigerler
333914236,4336549,lt,Yeveli
333914390,4336551,lt,Yesilyuva
333914467,4336552,lt,Yesilyurt
333914544,4336553,lt,Yesilyurt
333914621,4336554,lt,Yesilyurt
333914698,4336555,lt,Yesilyurt
333914775,4336556,lt,Yesilyurt
333914852,4336557,lt,Yesilyurt
333914929,4336558,lt,Yesilyazi
333915006,4336559,lt,Yesilyazi
333915083,4336560,lt,Yesilyazi
333915160,4336561,lt,Yesilyayla
333915314,4336563,lt,Yesilyayla
333915468,4336565,lt,Yesilvadi
333915545,4336566,lt,Yesiltepe
333915622,4336567,lt,Yesiltepe
333915699,4336568,lt,Yesilsirt
333915853,4336570,lt,Yesiloz
333915930,4336571,lt,Yesiloz
333916007,4336572,lt,Yesiloz
333916084,4336573,lt,Yesiloz
333916161,4336574,lt,Yesiloz
333916315,4336576,lt,Yesilova
333916392,4336577,lt,Yesilova
333916469,4336578,lt,Yesilova
333916700,4336581,lt,Corakmitirlar
333916777,4336582,lt,OEren
333916854,4336583,lt,Yesilkoey
333916931,4336584,lt,Yesilkoey
333917008,4336585,lt,Yesilkoey
333917085,4336586,lt,Yesilkoey
333917239,4336588,lt,Gueneykoey
333917393,4336590,lt,Yesildere
333917470,4336591,lt,Yesildere
333917624,4336593,lt,Yesilcomlu
333917701,4336594,lt,Yesilcit
333917778,4336595,lt,Yesilce
333917855,4336596,lt,Yesilce
333917932,4336597,lt,Yesilce
333918086,4336599,lt,Yesilbaglar
333918163,4336600,lt,Yesilalan
333918240,4336601,lt,Yesilalan
333918317,4336602,lt,Yerlisu
333918394,4336603,lt,Yerli Su
333918471,4336604,lt,Yerlikavak
333918548,4336605,lt,Yerlice
333918625,4336606,lt,Elmakoey
333918702,4336607,lt,Yerkuyu
333918779,4336608,lt,Yerkozlu
333918856,4336609,lt,Yerelma
333918933,4336610,lt,Yeralanas
333919010,4336611,lt,Yeniziraatli
333919087,4336612,lt,Yeniyueruek
333919164,4336613,lt,Bakimli
333919241,4336614,lt,Bakimli
333919318,4336615,lt,Yeniyer
333919472,4336617,lt,Akbelenli
333919703,4336620,lt,Yenitasli
333919780,4336621,lt,Jeniseyhleris
333919857,4336622,lt,Yeni Soloz
333919934,4336623,lt,Jeniseyhleris
333920011,4336624,lt,Yemisen
333920088,4336625,lt,Jenisehiras
333920165,4336626,lt,Yeni Sayaca
333920242,4336627,lt,Yenipazar
333920319,4336628,lt,Jeniormankoey
333920396,4336629,lt,Yenioren
333920473,4336630,lt,Yenimuhacir
333920550,4336631,lt,Yenimehmetli
333920627,4336632,lt,Caglayan
333920704,4336633,lt,Berberu
333920781,4336634,lt,Caglayan
333921012,4336637,lt,Yeniler
333921089,4336638,lt,Jenikojus
333921243,4336640,lt,Jenikojus
333921320,4336641,lt,Soekue
333921397,4336642,lt,Jenikojus
333921628,4336645,lt,Jenikojus
333921705,4336646,lt,Jenikojus
333921859,4336648,lt,Jenikojus
333921936,4336649,lt,Jenikojus
333922013,4336650,lt,Catmaoluk
333922090,4336651,lt,Jenikojus
333922244,4336653,lt,Jenikojus
333922321,4336654,lt,Uzunalan
333922398,4336655,lt,Yegencikas
333922475,4336656,lt,Jenikojus
333922552,4336657,lt,Jenikojus
333922629,4336658,lt,Jenikojus
333922706,4336659,lt,Yeniceciftlik
333922860,4336661,lt,Jenikojus
333922937,4336662,lt,Jenikojus
333923014,4336663,lt,Jenikojus
333923091,4336664,lt,Jenikojus
333923245,4336666,lt,Cavus
333923399,4336668,lt,Jenikojus
333923553,4336670,lt,Jenikojus
333923630,4336671,lt,Jenikojus
333923707,4336672,lt,Jenikojus
333923784,4336673,lt,Jenikojus
333923861,4336674,lt,Jenikojus
333923938,4336675,lt,Jenikojus
333924015,4336676,lt,Jenikojus
333924092,4336677,lt,Jenikojus
333924169,4336678,lt,Jenikojus
333924246,4336679,lt,Jenikojus
333924323,4336680,lt,Jenikojus
333924400,4336681,lt,Jenikojus
333924477,4336682,lt,Jenikojus
333924554,4336683,lt,Jenikojus
333924631,4336684,lt,Jenikojus
333924785,4336686,lt,Jenikojus
333924862,4336687,lt,Yenikizilcakese
333925016,4336689,lt,Jenikentas
333925093,4336690,lt,Yenikayi
333925170,4336691,lt,Yenicamili
333925247,4336692,lt,Yenikavak
333925401,4336694,lt,Yenikaraagac
333925478,4336695,lt,Yenihisar
333925555,4336696,lt,Yenihayat
333925632,4336697,lt,Yenigurle
333925709,4336698,lt,Yeniguney
333925786,4336699,lt,Yenigun
333925863,4336700,lt,Yenigazi
333925940,4336701,lt,Yenidogan
333926017,4336702,lt,Yenidivan
333926094,4336703,lt,Yenidibek
333926171,4336704,lt,Yeniderbent
333926248,4336705,lt,Yeni Demirkapi
333926325,4336706,lt,Yenicote
333926479,4336708,lt,Yeniciftlik
333926556,4336709,lt,Yeniciftlik
333926633,4336710,lt,Yeniceseyhler
333926787,4336712,lt,Yeniceri
333926864,4336713,lt,Yeniceli
333926941,4336714,lt,Yuencueler
333927018,4336715,lt,Jenicekoey
333927095,4336716,lt,Yenicehisar
333927172,4336717,lt,Yenicegorice
333927249,4336718,lt,Yenisefa
333927326,4336719,lt,Jenicekoey
333927403,4336720,lt,Jenicekoey
333927480,4336721,lt,Jenicekoey
333927557,4336722,lt,Jenicekoey
333927634,4336723,lt,Jenikojus
333927711,4336724,lt,Jenicekoey
333927865,4336726,lt,Jenidžė
333927942,4336727,lt,Jenicekoey
333928019,4336728,lt,Kumkoy
333928173,4336730,lt,Jenicekoey
333928250,4336731,lt,Jenicekoey
333928327,4336732,lt,Jenicekoey
333928404,4336733,lt,Jenicekoey
333928481,4336734,lt,Jenicekoey
333928558,4336735,lt,Yalniz
333928635,4336736,lt,Jenicekoey
333928712,4336737,lt,Jenicekoey
333928789,4336738,lt,Yesilyenice
333928866,4336739,lt,Jenicekoey
333928943,4336740,lt,Jenicekoey
333929020,4336741,lt,Jenicekoey
333929097,4336742,lt,Jenicekoey
333929174,4336743,lt,Jenicekoey
333929251,4336744,lt,Jenicekoey
333929328,4336745,lt,Jenicekoey
333929405,4336746,lt,Yeniyenice
333929482,4336747,lt,Jenicekoey
333929636,4336749,lt,Jenicekoey
333929713,4336750,lt,Jenicekoey
333929790,4336751,lt,Jenicekoey
333929867,4336752,lt,Jenicekoey
333929944,4336753,lt,Jenicekoey
333930021,4336754,lt,Jenicekoey
333930098,4336755,lt,Camlica
333930175,4336756,lt,Yenicami
333930252,4336757,lt,Yenicaga
333930329,4336758,lt,Yeni Beyrehatun
333930406,4336759,lt,Yenibeyler
333930483,4336760,lt,Yeniaynali
333930560,4336761,lt,Yeniaslan
333930791,4336764,lt,Konakli
333931022,4336767,lt,Yemisalan
333931099,4336768,lt,Yemencayir
333931176,4336769,lt,Yelten
333931253,4336770,lt,Yelpinar
333931330,4336771,lt,Yelpe
333931407,4336772,lt,Altingedik
333931484,4336773,lt,Yelli
333931561,4336774,lt,Yelkiran
333931638,4336775,lt,Yelkesen
333931715,4336776,lt,Mutlu
333931792,4336777,lt,Yolgozler
333931869,4336778,lt,Yelecli
333932100,4336781,lt,Yegencikas
333932177,4336782,lt,Akca
333932254,4336783,lt,Seferli
333932331,4336784,lt,Yesilyurt
333932408,4336785,lt,Yedioren
333932485,4336786,lt,Yedikardes
333932562,4336787,lt,Yedigoze
333932639,4336788,lt,Yedigoz
333932716,4336789,lt,Yedigelli
333932870,4336791,lt,Inkilap
333932947,4336792,lt,Yazyurdu
333933024,4336793,lt,Yaztepe
333933101,4336794,lt,Cebek
333933178,4336795,lt,Jazlikas
333933255,4336796,lt,Jazlikas
333933332,4336797,lt,Jazlikas
333933409,4336798,lt,Jazlikas
333933486,4336799,lt,Yazlica
333933563,4336800,lt,Yazitepe
333933640,4336801,lt,Goelcuek
333933717,4336802,lt,Goelcuek
333933794,4336803,lt,Goelcuek
333933948,4336805,lt,Yazioren
333934025,4336806,lt,Yazioba
333934102,4336807,lt,Yazili
333934256,4336809,lt,Yazikoey
333934333,4336810,lt,Yazikoey
333934487,4336812,lt,Yazikoey
333934564,4336813,lt,Yazikisla
333934641,4336814,lt,Yazikara
333934718,4336815,lt,Yazihisar
333934795,4336816,lt,Yazihamit
333934872,4336817,lt,Yazicioglu
333934949,4336818,lt,Kutlubeyyazicilar
333935026,4336819,lt,Yazicik
333935180,4336821,lt,Balkaymak
333935411,4336824,lt,Yazica
333935488,4336825,lt,Yaziboy
333935565,4336826,lt,OEzbeyli
333935642,4336827,lt,Yazibelen
333935719,4336828,lt,Yazibasi
333935796,4336829,lt,Yazibasi
333935873,4336830,lt,Guryildiz
333935950,4336831,lt,Kadikoey
333936027,4336832,lt,Asagikizilcaoren
333936104,4336833,lt,Yaymese
333936181,4336834,lt,Yaylim
333936335,4336836,lt,Yaylayurt
333936412,4336837,lt,Yaylayolu
333936566,4336839,lt,Yaylatepe
333936643,4336840,lt,Yaylatepe
333936720,4336841,lt,Yaylasaray
333936797,4336842,lt,Yaylaoenue
333936874,4336843,lt,Yaylaoren
333936951,4336844,lt,Yaylaoenue
333937028,4336845,lt,Duezkoey
333937105,4336846,lt,Duezkoey
333937182,4336847,lt,Duezkoey
333937259,4336848,lt,Yaylalar
333937336,4336849,lt,Yaylalar
333937413,4336850,lt,Yaylalar
333937490,4336851,lt,Yayla
333937567,4336852,lt,Yaylakoey
333937721,4336854,lt,Yaylakoey
333937798,4336855,lt,Yayla
333937875,4336856,lt,Yaylakoey
333938029,4336858,lt,Yaylakoey
333938183,4336860,lt,Yaylakent
333938260,4336861,lt,Yaylak
333938337,4336862,lt,Yaylagone
333938414,4336863,lt,Yayladibi
333938491,4336864,lt,Yayladali
333938568,4336865,lt,Yaylacili
333938645,4336866,lt,Yaylacilar
333938799,4336868,lt,Yaylacilar
333938953,4336870,lt,Yaylacik
333939107,4336872,lt,Yesilalan
333939261,4336874,lt,Yaylacik
333939338,4336875,lt,Yaylacik
333939415,4336876,lt,Yaylacik
333939492,4336877,lt,Yaylacik
333939569,4336878,lt,Yaylacayir
333939646,4336879,lt,Yaylacati
333939723,4336880,lt,Yaylabasi
333939800,4336881,lt,Yaylabasi
333939877,4336882,lt,Yaylabasi
333940108,4336885,lt,Yaykin
333940185,4336886,lt,Yaykil
333940262,4336887,lt,Yayikli
333940339,4336888,lt,Yaydigin
333940493,4336890,lt,Buyukyayalar
333940647,4336892,lt,Yayabasi
333940724,4336893,lt,Yayaagac
333940801,4336894,lt,Yaya
333940878,4336895,lt,Yavuzlar
333940955,4336896,lt,Yavuzkemal
333941032,4336897,lt,Yavasbey
333941109,4336898,lt,Yavuzkoy
333941263,4336900,lt,Yavuc
333941340,4336901,lt,Yuva
333941571,4336904,lt,Yavuz
333941648,4336905,lt,Yavi
333941725,4336906,lt,Yavihasan
333941802,4336907,lt,Yavas
333941879,4336908,lt,Yavaros
333942033,4336910,lt,Taflancik
333942187,4336912,lt,Yatmis
333942264,4336913,lt,Yesildere
333942341,4336914,lt,Yatankavak
333942495,4336916,lt,Yassioeren
333942572,4336917,lt,Yassioeren
333942649,4336918,lt,Yassioeren
333942726,4336919,lt,Yassikisla
333942880,4336921,lt,Yassigecit
333942957,4336922,lt,Yassidag
333943034,4336923,lt,Yassical
333943111,4336924,lt,Yassialan
333943188,4336925,lt,Jasaras
333943265,4336926,lt,Jasaras
333943342,4336927,lt,Yarkaya
333943419,4336928,lt,Yarislar
333943496,4336929,lt,Yaris
333943573,4336930,lt,Yarimsogut
333943650,4336931,lt,Beylik
333943727,4336932,lt,Kiorfezas
333943804,4336933,lt,Yarimca
333943881,4336934,lt,Yarica
333943958,4336935,lt,Yarenler
333944035,4336936,lt,Yarasliyueruek
333944112,4336937,lt,Yarbasi
333944189,4336938,lt,Yarasliyueruek
333944266,4336939,lt,Yaras
333944420,4336941,lt,Saracli
333944497,4336942,lt,Hisaroenue
333944651,4336944,lt,Hisaroenue
333944728,4336945,lt,Yapildak
333944805,4336946,lt,Yapildak
333944882,4336947,lt,Yapalak
333944959,4336948,lt,Yapagili
333945113,4336950,lt,Sinankoey
333945190,4336951,lt,Yankipinar
333945267,4336952,lt,Sinankoey
333945344,4336953,lt,Yaniktas
333945421,4336954,lt,Yaniksayvant
333945498,4336955,lt,Yanikli
333945575,4336956,lt,Yanikkaval
333945729,4336958,lt,Akdag
333945806,4336959,lt,Yanikcam
333945883,4336960,lt,Yanikagil
333946268,4336965,lt,Atakoey
333946345,4336966,lt,Yanalti
333946576,4336969,lt,Yamcili
333946653,4336970,lt,Yamanli
333946730,4336971,lt,Yamanlar
333946807,4336972,lt,Yamankaya
333946884,4336973,lt,Jamanas
333946961,4336974,lt,Yamacyolu
333947038,4336975,lt,Yamacli
333947115,4336976,lt,Yamacli
333947192,4336977,lt,Yamac
333947269,4336978,lt,Kurcali
333947423,4336980,lt,Yalpankaya
333947500,4336981,lt,Jalova
333947577,4336982,lt,Yalova
333947654,4336983,lt,Yalniztepe
333947731,4336984,lt,Yalnizkavak
333947808,4336985,lt,Yalnizdam
333947885,4336986,lt,Yalnizcam
333947962,4336987,lt,Yalnizcam
333948039,4336988,lt,Yalnizcam
333948116,4336989,lt,Bolkus
333948270,4336991,lt,Yalnizkoy
333948347,4336992,lt,Yalmansaray
333948424,4336993,lt,Yalinyazi
333948501,4336994,lt,Karaoemerli
333948809,4336998,lt,Yalikoy
333948886,4336999,lt,Yalikoy
333948963,4337000,lt,Yaliciftlik
333949117,4337002,lt,Yalcinkoy
333949194,4337003,lt,Yalc
333949425,4337006,lt,Yalakdere
333949579,4337008,lt,Yalakcayi
333949810,4337011,lt,Futa
333949964,4337013,lt,Yakupoglan
333950041,4337014,lt,Yakuplu
333950118,4337015,lt,Yakuplu
333950195,4337016,lt,Yakuplu
333950272,4337017,lt,Yakuplar
333950349,4337018,lt,Yakuplar
333950426,4337019,lt,Jakupkojus
333950503,4337020,lt,Yakuphasan
333950580,4337021,lt,Yakupdervis
333950657,4337022,lt,Yakupbey
333950734,4337023,lt,Yakupabdal
333950811,4337024,lt,Jakupkojus
333950888,4337025,lt,Kavakkoey
333951042,4337027,lt,Yakincirisli
333951196,4337029,lt,Yakcukur
333951273,4337030,lt,Jakapinaras
333951350,4337031,lt,Ciftlikköey
333951427,4337032,lt,Yakali
333951504,4337033,lt,Ciftlikkoey
333951581,4337034,lt,Yakakoey
333951658,4337035,lt,Yakakoey
333951735,4337036,lt,Jakakentas
333951812,4337037,lt,Yakakaya
333951889,4337038,lt,Yakakaya
333951966,4337039,lt,Yakadibi
333952043,4337040,lt,Yakadere
333952120,4337041,lt,Yakademirciler
333952274,4337043,lt,Goelcuek
333952351,4337044,lt,Beypinari
333952428,4337045,lt,Goelcuek
333952659,4337048,lt,Boyali
333952736,4337049,lt,Yahyali
333952967,4337052,lt,Yahsihan
333953044,4337053,lt,Yagsiyan
333953198,4337055,lt,Yagmurlu
333953275,4337056,lt,Yagmurlu
333953429,4337058,lt,Yagmurlar
333953583,4337060,lt,Yagmurdere
333953660,4337061,lt,Yagmurdede
333953814,4337063,lt,Yagmurca
333953891,4337064,lt,Yesilada
333953968,4337065,lt,Yagmur
333954045,4337066,lt,Yagmur
333954122,4337067,lt,Yaglidere
333954199,4337068,lt,Yaglidere
333954276,4337069,lt,Yaglicayir
333954430,4337071,lt,Yaglica
333954507,4337072,lt,Yaglialan
333954584,4337073,lt,Yagli
333954738,4337075,lt,Yaginoezue
333954815,4337076,lt,Yayginsogut
333954892,4337077,lt,Yaginoezue
333954969,4337078,lt,Yagcimusa
333955046,4337079,lt,Yagcili
333955200,4337081,lt,Yesilkoey
333955277,4337082,lt,Yagcilar
333955354,4337083,lt,Yagcilar
333955431,4337084,lt,Yagcilar
333955508,4337085,lt,Yagcilar
333955585,4337086,lt,Yagcilar
333955662,4337087,lt,Yagcihuseyin
333955739,4337088,lt,Yagci
333955893,4337090,lt,Yagbasan
333956047,4337092,lt,Yagibasan
333956124,4337093,lt,Yagbasan
333956355,4337096,lt,Vizė
333956432,4337097,lt,Visneli
333956509,4337098,lt,Visneli
333956586,4337099,lt,Korucukas
333956663,4337100,lt,Virinkig
333956817,4337102,lt,Ortaduezu
333956971,4337104,lt,Vicikler
333957048,4337105,lt,Vezirkopru
333957125,4337106,lt,Vezirhan
333957202,4337107,lt,Yayladere
333957279,4337108,lt,Veysel
333957356,4337109,lt,Veskisur
333957510,4337111,lt,Ermis
333957587,4337112,lt,Bakircilar
333957664,4337113,lt,Verintap
333957741,4337114,lt,Verimli
333957818,4337115,lt,Tekke
333957895,4337116,lt,Balikci
333957972,4337117,lt,Velioglu
333958126,4337119,lt,Delimege
333958203,4337120,lt,Velikoy
333958280,4337121,lt,Velikoy
333958511,4337124,lt,Velidag
333958665,4337126,lt,Eren
333958742,4337127,lt,Yoldere
333958819,4337128,lt,Zaferli
333958973,4337130,lt,Anbaras
333959050,4337131,lt,Vaysal
333959204,4337133,lt,Taskesen
333959281,4337134,lt,Vartinik
333959435,4337136,lt,Aktas
333959512,4337137,lt,Sirakoy
333959589,4337138,lt,Varlik
333959666,4337139,lt,Varli
333959897,4337142,lt,Arili
333959974,4337143,lt,Hacihasan
333960051,4337144,lt,Kirazlik
333960205,4337146,lt,Tipili
333960282,4337147,lt,Vakiflar
333960359,4337148,lt,Vakif
333960513,4337150,lt,Vakifgecitveren
333960590,4337151,lt,Vakifbeloren
333960667,4337152,lt,Vakifaktas
333960744,4337153,lt,Vakif
333960821,4337154,lt,Vakif
333960898,4337155,lt,Vakfikebir
333961206,4337159,lt,Dolunay
333961283,4337160,lt,Uzunyurt
333961360,4337161,lt,Uzunyayla
333961437,4337162,lt,Uzuntarla
333961591,4337164,lt,Uzunoz
333961668,4337165,lt,Uzunoz
333961745,4337166,lt,Uzunoz
333961822,4337167,lt,Uzunova
333961899,4337168,lt,Uzunoba
333962130,4337171,lt,Uzunlar
333962207,4337172,lt,Uzunkoy
333962284,4337173,lt,Uzunkopru
333962361,4337174,lt,Uzunkavak
333962438,4337175,lt,Uzunkavak
333962515,4337176,lt,Uzunisa
333962669,4337178,lt,Uzunhaci
333962823,4337180,lt,Uzungurgen
333962900,4337181,lt,Uzunguney
333963054,4337183,lt,Uzungoelis
333963208,4337185,lt,Uzungazi
333963285,4337186,lt,Uzundere
333963362,4337187,lt,Uzundere
333963439,4337188,lt,Osmaniye
333963516,4337189,lt,Uzundere
333963593,4337190,lt,Uzundere
333963670,4337191,lt,Uzuncay
333963747,4337192,lt,Uzuncam
333963824,4337193,lt,Uzuncam
333963901,4337194,lt,Uzunciftlik
333963978,4337195,lt,Uzunbayir
333964209,4337198,lt,UEzuemlue
333964286,4337199,lt,Munamakas
333964363,4337200,lt,Bedi
333964440,4337201,lt,Munamakas
333964517,4337202,lt,UEzuembagi
333964671,4337204,lt,UEzuembagi
333964748,4337205,lt,Uzgoeruer
333964825,4337206,lt,Uzgac
333964902,4337207,lt,Uzengili
333965056,4337209,lt,Uyurca
333965133,4337210,lt,UEyuekoeren
333965210,4337211,lt,UEyuek
333965287,4337212,lt,UEyuek
333965364,4337213,lt,UEyuek
333965441,4337214,lt,UEyuek
333965518,4337215,lt,UEyuecek
333965595,4337216,lt,UEvezli
333965749,4337218,lt,UEvezli
333965826,4337219,lt,UEvezli
333965903,4337220,lt,Uvezdere
333965980,4337221,lt,UEtuek
333966134,4337223,lt,UEtuek
333966288,4337225,lt,Ustamehmet
333966519,4337228,lt,UEskuep
333966673,4337230,lt,UEskuep
333966750,4337231,lt,Uskumrukoy
333966827,4337232,lt,Oyuktas
333966904,4337233,lt,Uskiudaras
333967058,4337235,lt,Usakgol
333967212,4337237,lt,Paltay
333967289,4337238,lt,UEruenlue
333967443,4337240,lt,Aitvaras
333967597,4337242,lt,Kocak
333967751,4337244,lt,Urganci
333967905,4337246,lt,UEregil
333967982,4337247,lt,UEregil
333968136,4337249,lt,Unjė
333968213,4337250,lt,UEnluekaja
333968290,4337251,lt,Unlupinar
333968367,4337252,lt,UEnluekaya
333968444,4337253,lt,UEnkezek
333968598,4337255,lt,Senyurt
333968675,4337256,lt,Uncukuru
333968752,4337257,lt,Umutlu
333968829,4337258,lt,Umutlu
333968906,4337259,lt,Umurlu
333968983,4337260,lt,Umurlar
333969060,4337261,lt,Umurcu
333969137,4337262,lt,Umurca
333969214,4337263,lt,Umurca
333969291,4337264,lt,Umurca
333969368,4337265,lt,Umurbey
333969445,4337266,lt,Umurbey
333969522,4337267,lt,Umurbey
333969599,4337268,lt,Umurbey
333969676,4337269,lt,Umurbey
333969753,4337270,lt,Umraniye
333969830,4337271,lt,Umudum
333969907,4337272,lt,UEmitkoey
333969984,4337273,lt,Ummiye
333970061,4337274,lt,UEmitalani
333970138,4337275,lt,UEmit
333970215,4337276,lt,UEmitalani
333970292,4337277,lt,UEmit
333970369,4337278,lt,Umac
333970446,4337279,lt,Ulutepe
333970523,4337280,lt,Ulus
333970600,4337281,lt,Suverler
333970677,4337282,lt,Ulupinar
333970754,4337283,lt,Ulupinar
333970831,4337284,lt,Ulupinar
333970908,4337285,lt,Ulupelit
333970985,4337286,lt,Guerguer
333971139,4337288,lt,Guerguer
333971216,4337289,lt,Guerguer
333971293,4337290,lt,Guerguer
333971370,4337291,lt,Guerguer
333971524,4337293,lt,Guerguer
333971755,4337296,lt,Guerguer
333971909,4337298,lt,Ulukir
333971986,4337299,lt,Ulukentas
333972063,4337300,lt,Ulukaya
333972140,4337301,lt,Ulugazi
333972217,4337302,lt,Ulugecitkadi
333972294,4337303,lt,Ulugecitambarci
333972371,4337304,lt,Ulugecit
333972602,4337307,lt,Ulucayir
333972679,4337308,lt,Ulucayir
333972756,4337309,lt,Ulucami
333972910,4337311,lt,Kaslikaya
333972987,4337312,lt,Ulucam
333973141,4337314,lt,Olucak
333973372,4337317,lt,Ulubey
333973449,4337318,lt,Ulubag
333973526,4337319,lt,Uluagac
333973603,4337320,lt,Uluagac
333973680,4337321,lt,Uluabat
333973757,4337322,lt,UElkuekoey
333974065,4337326,lt,Ulaslar
333974219,4337328,lt,Ulamis
333974296,4337329,lt,Ulakli
333974373,4337330,lt,Ugurtasi
333974450,4337331,lt,Ugurtasi
333974604,4337333,lt,Ugurlu
333974681,4337334,lt,Ugurludag
333974835,4337336,lt,Ugurlu
333974912,4337337,lt,Besirli
333974989,4337338,lt,Ugurlu
333975066,4337339,lt,Ugurlu
333975143,4337340,lt,Ugurlu
333975220,4337341,lt,Ugurlar
333975297,4337342,lt,Ugurkoey
333975374,4337343,lt,Ugurgeldi
333975451,4337344,lt,Ugurcayiri
333975528,4337345,lt,Dokuztepe
333975605,4337346,lt,Ugurca
333975682,4337347,lt,Ugurkoey
333975759,4337348,lt,UEguemue
333975836,4337349,lt,Ugrak
333975913,4337350,lt,Ugrak
333975990,4337351,lt,Ugrak
333976067,4337352,lt,Ugrak
333976221,4337354,lt,UEcyol
333976375,4337356,lt,Ucsaray
333976529,4337358,lt,UEcpinar
333976683,4337360,lt,UEcpinar
333976760,4337361,lt,UEcpinar
333976837,4337362,lt,UEcpinar
333976914,4337363,lt,UEcpinar
333977068,4337365,lt,UEckoey
333977145,4337366,lt,UEckoey
333977222,4337367,lt,UEckoey
333977299,4337368,lt,UEckoey
333977376,4337369,lt,UEckoey
333977453,4337370,lt,Ovacikas
333977530,4337371,lt,Uckopru
333977607,4337372,lt,Uckol
333977761,4337374,lt,Uckaya
333977838,4337375,lt,Uckardes
333977915,4337376,lt,Ucirmak
333977992,4337377,lt,Isirganli
333978069,4337378,lt,UEcem
333978377,4337382,lt,Ucdam
333978608,4337385,lt,UEcboeluek
333978685,4337386,lt,Ucbas
333978762,4337387,lt,Ucbas
333978839,4337388,lt,Ucarsu
333978916,4337389,lt,Tuzlucal
333978993,4337390,lt,Tuzluca
333979070,4337391,lt,Tuzlucal
333979147,4337392,lt,Tuzluca
333979224,4337393,lt,Tuzluca
333979301,4337394,lt,Tuzlu
333979378,4337395,lt,Tuzla
333979455,4337396,lt,Tuzla
333979609,4337398,lt,Tuzla
333979686,4337399,lt,Tuzcular
333979917,4337402,lt,Tuzakli
333979994,4337403,lt,Tuzakli
333980071,4337404,lt,Tuzakli
333980148,4337405,lt,Tuzakli
333980225,4337406,lt,Tuzakci
333980302,4337407,lt,Tuzak
333980456,4337409,lt,Tuetuencueleris
333980533,4337410,lt,Tuetuencue
333980610,4337411,lt,Tuetuencueler
333980687,4337412,lt,Tuetuencue
333980764,4337413,lt,Tutmac
333980841,4337414,lt,Tutenocak
333980995,4337416,lt,Tutenli
333981072,4337417,lt,Tutas
333981149,4337418,lt,Kocadal
333981226,4337419,lt,Turplu
333981303,4337420,lt,Turpcular
333981380,4337421,lt,Turpcu
333981457,4337422,lt,Turnasuyu
333981534,4337423,lt,Gulyali
333981611,4337424,lt,Turnali
333981688,4337425,lt,Turnali
333981765,4337426,lt,Turnali
333981842,4337427,lt,Turnali
333981996,4337429,lt,Turnaci
333982073,4337430,lt,Turankoey
333982150,4337431,lt,Turkobasi
333982227,4337432,lt,Turkoba
333982381,4337434,lt,Turkmenli
333982458,4337435,lt,Turkmendami
333982535,4337436,lt,Turkmen
333982612,4337437,lt,Turkmen
333982689,4337438,lt,Turkmen
333982766,4337439,lt,Turkmen
333982843,4337440,lt,Turkmen
333982920,4337441,lt,Tuerkkoeyue
333983074,4337443,lt,Tuerkkoeyue
333983151,4337444,lt,Tuerkguecue
333983228,4337445,lt,Tuerkkoeyue
333983305,4337446,lt,Tuerkguecue
333983382,4337447,lt,Tuerkgoezue
333983536,4337449,lt,Turkelli
333983613,4337450,lt,Tiurkelis
333983690,4337451,lt,Avsa
333983767,4337452,lt,Tuerkeli
333983844,4337453,lt,Turhan
333983921,4337454,lt,Turhalas
333983998,4337455,lt,Turgutlu
333984152,4337457,lt,Turgutbey
333984229,4337458,lt,Yesiltepe
333984306,4337459,lt,Trubaitsi
333984460,4337461,lt,Turanas
333984614,4337463,lt,Dorukkiris
333984768,4337465,lt,Tuney
333984845,4337466,lt,Tuncoluk
333984922,4337467,lt,Dulkoey
333984999,4337468,lt,Tulumpinar
333985076,4337469,lt,Dulkoey
333985153,4337470,lt,Gueduelge
333985230,4337471,lt,Tuglakoey
333985307,4337472,lt,Doertyol
333985384,4337473,lt,Tuglakoey
333985461,4337474,lt,Tugcu
333985692,4337477,lt,Tufekci
333985846,4337479,lt,Trabzonas
333985923,4337480,lt,Tozman
333986000,4337481,lt,Tozluburun
333986077,4337482,lt,Tozkoy
333986154,4337483,lt,Tozanlifindicak
333986231,4337484,lt,Tozakli
333986385,4337486,lt,Toyhane
333986462,4337487,lt,Toygarli
333986539,4337488,lt,Toygarli
333986616,4337489,lt,Beyoezue
333986693,4337490,lt,Tosja
333986770,4337491,lt,Tosunlu
333986847,4337492,lt,Tosunlar
333986924,4337493,lt,Kavaklidere
333987001,4337494,lt,Asagihocalar
333987078,4337495,lt,Torul
333987155,4337496,lt,Karamazi
333987232,4337497,lt,Tortumkale
333987309,4337498,lt,Tortum
333987463,4337500,lt,Torhasan
333987540,4337501,lt,Cavuskoey
333987771,4337504,lt,Topuzsaray
333988002,4337507,lt,Topuz
333988079,4337508,lt,Topsoeguet
333988156,4337509,lt,Toprakkalė
333988233,4337510,lt,Toprakdere
333988310,4337511,lt,Toplukonak
333988387,4337512,lt,Topluca
333988464,4337513,lt,Topluca
333988541,4337514,lt,Toplu
333988618,4337515,lt,Topkaya
333988695,4337516,lt,Tophisar
333988926,4337519,lt,Topcukoy
333989080,4337521,lt,Čavušlu
333989157,4337522,lt,Topali
333989234,4337523,lt,Cavuslu
333989311,4337524,lt,Topalaras
333989388,4337525,lt,Topagac
333989465,4337526,lt,Topagac
333989619,4337528,lt,Tonya
333989696,4337529,lt,Tugrul
333989773,4337530,lt,Tongurlar
333990081,4337534,lt,Tomrukkoey
333990158,4337535,lt,Tomlacik
333990235,4337536,lt,Tombul
333990312,4337537,lt,Tomarli
333990389,4337538,lt,Handagi
333990620,4337541,lt,Tokuslar
333990697,4337542,lt,Turgutlu
333990851,4337544,lt,Toklucakas
333991005,4337546,lt,Gumelik
333991082,4337547,lt,Tokcam
333991159,4337548,lt,Tokatli
333991236,4337549,lt,Tokatas
333991313,4337550,lt,Tohumluk
333991544,4337553,lt,Karapinar
333991621,4337554,lt,Tivnikas
333991775,4337556,lt,Golcayir
333991852,4337557,lt,Tirkoey
333991929,4337558,lt,Tatlisu
333992006,4337559,lt,Tirebolu
333992160,4337561,lt,Tintinas
333992237,4337562,lt,Koepruekoey
333992391,4337564,lt,Koepruekoey
333992468,4337565,lt,Timaryaylasi
333992545,4337566,lt,Timarli
333992622,4337567,lt,Timaraktas
333992699,4337568,lt,Yarimca
333992776,4337569,lt,Timaras
333992853,4337570,lt,Timanyaylasi
333992930,4337571,lt,Yesilpinar
333993007,4337572,lt,Mehterler
333993238,4337575,lt,Tezekci
333993315,4337576,lt,Tevfikiye
333993392,4337577,lt,Tevfikiye
333993469,4337578,lt,Tevfikiye
333993700,4337581,lt,Tevekli
333993777,4337582,lt,Tetemecele
333993854,4337583,lt,OEtekoey
333994008,4337585,lt,Teslim
333994162,4337587,lt,Goekcebelis
333994239,4337588,lt,Terzili
333994316,4337589,lt,Terzili
333994470,4337591,lt,Terziler
333994547,4337592,lt,Terzikoey
333994624,4337593,lt,Terzikoey
333994701,4337594,lt,Terzidere
333994778,4337595,lt,Terzikoey
333994932,4337597,lt,Terskirik
333995009,4337598,lt,Tashane
333995163,4337600,lt,Terme
333995317,4337602,lt,Terke
333995394,4337603,lt,Jenikojus
333995471,4337604,lt,Terice
333995548,4337605,lt,Jenikojus
333995625,4337606,lt,Taslikkoje
333995702,4337607,lt,Tepeyolalti
333995779,4337608,lt,Tepeyatak
333995933,4337610,lt,Tepeyurt
333996010,4337611,lt,Tepepanayir
333996087,4337612,lt,Tepeoren
333996164,4337613,lt,Tepeoren
333996318,4337615,lt,Tepeoren
333996395,4337616,lt,Tepekuetueguen
333996472,4337617,lt,Tepeler
333996549,4337618,lt,Tepekuetueguen
333996934,4337623,lt,Tepeyurt
333997011,4337624,lt,Tepekoey
333997088,4337625,lt,Tepekoey
333997165,4337626,lt,Catalyazi
333997396,4337629,lt,Tepekoey
333997473,4337630,lt,Tepekoey
333997550,4337631,lt,Tepekoey
333997627,4337632,lt,Tepekoey
333997704,4337633,lt,Hisarkaya
333997781,4337634,lt,Jenikojus
333997858,4337635,lt,Aydullar
333997935,4337636,lt,Tepekoey
333998089,4337638,lt,Tepekoey
333998166,4337639,lt,Tepekoey
333998243,4337640,lt,Tepekoeknarli
333998320,4337641,lt,Tepekisla
333998397,4337642,lt,Tepeduezu
333998551,4337644,lt,Tepeduezue
333998628,4337645,lt,Tepedelik
333998705,4337646,lt,Tepedam
333998782,4337647,lt,Tepecik
333999013,4337650,lt,Tepecik
333999167,4337652,lt,Tepecik
333999244,4337653,lt,Tepecik
333999398,4337655,lt,Tepecik
333999475,4337656,lt,Tepecik
333999552,4337657,lt,Tepecik
333999706,4337659,lt,Duezkoey
333999783,4337660,lt,Tepebasi
333999860,4337661,lt,Tepebasi
333999937,4337662,lt,Tepebasi
334000091,4337664,lt,Tepealti
334000168,4337665,lt,Derekoey
334000245,4337666,lt,Tepealagoz
334000322,4337667,lt,Derekoey
334000553,4337670,lt,Akbogaz
334000630,4337671,lt,Tencerli
334000707,4337672,lt,Temrezli
334000784,4337673,lt,Temecik
334000861,4337674,lt,Telme
334000938,4337675,lt,Dagbeloren
334001015,4337676,lt,Tellioglu
334001092,4337677,lt,Tellioglu
334001169,4337678,lt,Tellikoz
334001246,4337679,lt,Teknepinar
334001477,4337682,lt,Tekneli
334001631,4337684,lt,Tekneciler
334001708,4337685,lt,Aydinkoy
334001862,4337687,lt,Tekmen
334001939,4337688,lt,Tekkiraz
334002016,4337689,lt,Tekkeyeni
334002170,4337691,lt,Tekke
334002247,4337692,lt,Tekkekoey
334002401,4337694,lt,Tekkekoyu
334002478,4337695,lt,Tekkekoey
334002555,4337696,lt,Tekkekoey
334002632,4337697,lt,Tekkekoey
334002709,4337698,lt,Tekkekizillar
334002786,4337699,lt,Tekkekoey
334003017,4337702,lt,Kavakoglu
334003094,4337703,lt,Geyikceli
334003171,4337704,lt,Tekke
334003325,4337706,lt,Tekkaya
334003402,4337707,lt,Tekirler
334003479,4337708,lt,Tekirler
334003556,4337709,lt,Tekirdahas
334003633,4337710,lt,Tekgoz
334003710,4337711,lt,Teketas
334003787,4337712,lt,Akdogantekke
334003941,4337714,lt,Jenikojus
334004018,4337715,lt,Teke
334004172,4337717,lt,Konukseven
334004249,4337718,lt,Teberikler
334004480,4337721,lt,Doeseli
334004634,4337723,lt,Tazekent
334004711,4337724,lt,Tayyip
334004788,4337725,lt,Taytak
334004865,4337726,lt,Taypakli
334004942,4337727,lt,Toygaoren
334005019,4337728,lt,Tayfurkoy
334005096,4337729,lt,Tayakadin
334005404,4337733,lt,Tavsanli
334005481,4337734,lt,Tavsanli
334005635,4337736,lt,Tavsancil
334005712,4337737,lt,Tavsancik
334005789,4337738,lt,Tavsancik
334005943,4337740,lt,Tatlipinaras
334006097,4337742,lt,Tatlipinaras
334006174,4337743,lt,Tatlicak
334006251,4337744,lt,Tatlicak
334006328,4337745,lt,Tatlicak
334006482,4337747,lt,Tatlica
334006559,4337748,lt,Tatli
334006636,4337749,lt,Tatlar
334006713,4337750,lt,Tatlak
334006790,4337751,lt,Tatkavakli
334006944,4337753,lt,Tatarmuslu
334007021,4337754,lt,Sitmasuyu
334007098,4337755,lt,Uyueklue totorių
334007175,4337756,lt,Uyueklue totorių
334007252,4337757,lt,Tatarlar
334007329,4337758,lt,Tatarkoey
334007406,4337759,lt,Tatarkoey
334007483,4337760,lt,Tatarkoey
334007560,4337761,lt,Tatarkale
334007714,4337763,lt,Tatarkoey
334007791,4337764,lt,Tatarkoey
334007868,4337765,lt,Tatarkoey
334007945,4337766,lt,Tasyatak
334008022,4337767,lt,Tasumurca
334008099,4337768,lt,Tastepe
334008176,4337769,lt,Tastepe
334008253,4337770,lt,Taspinar
334008330,4337771,lt,Taspinar
334008484,4337773,lt,Taspinar
334008561,4337774,lt,Taspinar
334008638,4337775,lt,Taspinar
334008715,4337776,lt,Taspinar
334008792,4337777,lt,Taspinar
334008869,4337778,lt,Taspinar
334008946,4337779,lt,Taspinar
334009023,4337780,lt,Tasova
334009100,4337781,lt,Guevencetmi
334009177,4337782,lt,Tasoren
334009254,4337783,lt,Tasoren
334009331,4337784,lt,Pirki
334009408,4337785,lt,Koemurcukuru
334009639,4337788,lt,Koemurcukuru
334009716,4337789,lt,Koemurcukuru
334009793,4337790,lt,Koemurcukuru
334009870,4337791,lt,Tasoglu
334009947,4337792,lt,Tasocagi
334010024,4337793,lt,Tasmanli
334010101,4337794,lt,Bayhanli
334010255,4337796,lt,Tasmaci
334010409,4337798,lt,Taslica
334010486,4337799,lt,Taslisekban
334010563,4337800,lt,Taslipinar
334010640,4337801,lt,Taslimusellim
334010717,4337802,lt,Taslikoy
334010794,4337803,lt,Taslikkoje
334010871,4337804,lt,Taslikkoje
334011025,4337806,lt,Taslikkoje
334011102,4337807,lt,Taslikkoje
334011179,4337808,lt,Taslihueyuek
334011256,4337809,lt,Tasliguney
334011333,4337810,lt,Tasli Guney
334011410,4337811,lt,Tasligecit
334011487,4337812,lt,Taslidere
334011564,4337813,lt,Tasliciftlik
334011641,4337814,lt,Taslica
334011718,4337815,lt,Taslica
334011795,4337816,lt,Taslica
334011872,4337817,lt,Taslica
334011949,4337818,lt,Taslica
334012026,4337819,lt,Tasliagil
334012103,4337820,lt,Tasliagil
334012180,4337821,lt,Taskoeprue
334012257,4337822,lt,Taskoeprue
334012334,4337823,lt,Taskoeprue
334012411,4337824,lt,Taskoeprue
334012488,4337825,lt,Taskoeprue
334012565,4337826,lt,Taskopru
334012642,4337827,lt,Taskoeprue
334012719,4337828,lt,Sarigoelis
334012796,4337829,lt,Dagyurdu
334012950,4337831,lt,Taskaynak
334013027,4337832,lt,Taskaracalar
334013104,4337833,lt,Tashanli
334013181,4337834,lt,Tasgecit
334013258,4337835,lt,Tasdere
334013335,4337836,lt,Tasdemir
334013412,4337837,lt,Tasdegirmen
334013566,4337839,lt,Tascilar
334013643,4337840,lt,Tascilar
334013720,4337841,lt,Tascilar
334013797,4337842,lt,Tascilar
334013951,4337844,lt,Caybuekue
334014028,4337845,lt,Yongalik
334014105,4337846,lt,Siragoemue
334014182,4337847,lt,Siragoemue
334014259,4337848,lt,Tasbilek
334014336,4337849,lt,Tasbasi
334014490,4337851,lt,Tarpak
334014567,4337852,lt,Tarlaagzi
334014644,4337853,lt,Tarhan
334014721,4337854,lt,Tarakli
334014798,4337855,lt,Taraklis
334014875,4337856,lt,Taptik
334015029,4337858,lt,Hikice
334015106,4337859,lt,Tanrivermis
334015260,4337861,lt,Tanoba
334015337,4337862,lt,Tangalas
334015491,4337864,lt,Tandirli
334015568,4337865,lt,Kekec
334015645,4337866,lt,Camlica
334015722,4337867,lt,Tanbura
334015799,4337868,lt,Sendurak
334015953,4337870,lt,Tamislar
334016030,4337871,lt,Tamdere
334016107,4337872,lt,Talipli
334016184,4337873,lt,Talipler
334016338,4337875,lt,Eskioglu
334016415,4337876,lt,Takazli
334016569,4337878,lt,Kurtderė
334016646,4337879,lt,Tahtayazi
334016723,4337880,lt,Kurtdere
334016954,4337883,lt,Tahtakopru
334017031,4337884,lt,Tahtakiran
334017108,4337885,lt,Tahtaciorencik
334017185,4337886,lt,Karadere
334017339,4337888,lt,Tahtkoy
334017416,4337889,lt,Tahirabat
334017493,4337890,lt,Cakiromeraga
334017570,4337891,lt,Asagi Kizilca
334017647,4337892,lt,Tahal
334017724,4337893,lt,Asagi Kizilca
334017801,4337894,lt,Hacilar
334017878,4337895,lt,Taflancik
334017955,4337896,lt,Taflan
334018032,4337897,lt,Tacir
334018109,4337898,lt,Tacettin
334018186,4337899,lt,Tabanoezue
334018263,4337900,lt,Tabankoey
334018340,4337901,lt,Gecen
334018494,4337903,lt,Suyurdu
334018571,4337904,lt,Suhilan
334018648,4337905,lt,Suyatagi
334018725,4337906,lt,Gonulacan
334018802,4337907,lt,Sutveren
334018879,4337908,lt,Suetluece
334018956,4337909,lt,Suetluece
334019033,4337910,lt,Suetluece
334019110,4337911,lt,Suetluece
334019187,4337912,lt,Suetluece
334019264,4337913,lt,Suetluece
334019418,4337915,lt,Suetluece
334019495,4337916,lt,Suetluece
334019572,4337917,lt,Kemerkaja
334019649,4337918,lt,Suetcueleris
334019726,4337919,lt,Dokuzkat
334019803,4337920,lt,Susuzmusellim
334019880,4337921,lt,Susuz
334020034,4337923,lt,Susuzkinik
334020188,4337925,lt,Susuz
334020265,4337926,lt,Derebercin
334020342,4337927,lt,Susuz
334020419,4337928,lt,Susuz
334020573,4337930,lt,Susuz
334020650,4337931,lt,Susuz
334020727,4337932,lt,Susuz
334020804,4337933,lt,Susuz
334020881,4337934,lt,Saklica
334020958,4337935,lt,Susuz
334021035,4337936,lt,Susuz
334021189,4337938,lt,Sueruegueden
334021343,4337940,lt,Sueruegueden
334021420,4337941,lt,Surmenli
334021497,4337942,lt,Sugoeren
334021574,4337943,lt,Sendere
334021651,4337944,lt,Suerbehanas
334021805,4337946,lt,Suerbehanas
334021959,4337948,lt,Sarikonakas
334022036,4337949,lt,Suenuerlue
334022190,4337951,lt,Yesilyurt
334022267,4337952,lt,Sunnet
334022344,4337953,lt,Akcapinar
334022498,4337955,lt,Suenguet
334022575,4337956,lt,Sungutasi
334022652,4337957,lt,Suenguet
334022729,4337958,lt,Sungurpasa
334022883,4337960,lt,Sungurlu
334022960,4337961,lt,Arile
334023037,4337962,lt,Sunguderesi
334023114,4337963,lt,Sungubayiri
334023268,4337965,lt,Sugoerenas
334023422,4337967,lt,Sumucak
334023499,4337968,lt,Suemeris
334023576,4337969,lt,Suembuellue
334023653,4337970,lt,Hasanseyh
334023730,4337971,lt,Suembuellue
334023884,4337973,lt,Sulusoekue
334023961,4337974,lt,Suluovas
334024038,4337975,lt,Suelueklue
334024192,4337977,lt,Suelueklue
334024269,4337978,lt,Suelueklue
334024346,4337979,lt,Irfaniye
334024423,4337980,lt,Sueluekluegoel
334024577,4337982,lt,Sulugol
334024654,4337983,lt,Suludere
334024731,4337984,lt,Suludere
334024808,4337985,lt,Suluca
334024885,4337986,lt,Suluca
334024962,4337987,lt,Mecidiye
334025039,4337988,lt,Suluca
334025116,4337989,lt,sultonas
334025193,4337990,lt,Sultankoey
334025347,4337992,lt,Sultaniye
334025501,4337994,lt,Sultaniye
334025655,4337996,lt,Sultanica
334025732,4337997,lt,Sultanciftligi
334025886,4337999,lt,Sultanbėjus
334026117,4338002,lt,Suloglu
334026194,4338003,lt,Suellue
334026271,4338004,lt,Sullertoklar
334026348,4338005,lt,Elemanli
334026425,4338006,lt,Elemanli
334026502,4338007,lt,Suleymankoy
334026579,4338008,lt,Suleymaniye
334026656,4338009,lt,Suleymaniye
334026733,4338010,lt,Suleymaniye
334026810,4338011,lt,Suleymaniye
334026887,4338012,lt,Suleymaniye
334026964,4338013,lt,Suleymaniye
334027041,4338014,lt,Suleymaniye
334027118,4338015,lt,Ahmetpinar
334027195,4338016,lt,Suleymanhacilar
334027272,4338017,lt,Suleymandanisment
334027426,4338019,lt,Uzunahmetler
334027503,4338020,lt,Suleymanbeyler
334027657,4338022,lt,Suleymanbey
334027811,4338024,lt,Derinsu
334027888,4338025,lt,Suleler
334028042,4338027,lt,Suele
334028119,4338028,lt,Suele
334028196,4338029,lt,Suele
334028273,4338030,lt,Suekuerler
334028350,4338031,lt,Suekuerler
334028427,4338032,lt,Sulakbahce
334028504,4338033,lt,Suekuerleris
334028581,4338034,lt,Sutalan
334028735,4338036,lt,Sukrupasa
334028889,4338038,lt,Sukriye
334028966,4338039,lt,Suekraniye
334029043,4338040,lt,Suekraniye
334029120,4338041,lt,Bogazli
334029197,4338042,lt,Sukenari
334029274,4338043,lt,Sugoezue
334029351,4338044,lt,Sugoerenas
334029505,4338046,lt,OEzlue
334029659,4338048,lt,Sucati
334029736,4338049,lt,Subatuk
334029813,4338050,lt,Batanas
334029890,4338051,lt,Shu`bat Yahya `Ali
334029967,4338052,lt,Subasi
334030044,4338053,lt,Subasi
334030121,4338054,lt,Subasi
334030198,4338055,lt,Subasi
334030352,4338057,lt,Subasi
334030429,4338058,lt,Subasi
334030506,4338059,lt,Subasi
334030583,4338060,lt,Subasi
334030660,4338061,lt,Subasi
334030737,4338062,lt,Subasi
334030814,4338063,lt,Subasi
334030891,4338064,lt,Suayipli
334030968,4338065,lt,Suadiye
334031122,4338067,lt,Soylu
334031199,4338068,lt,Soylu
334031276,4338069,lt,Soylemis
334031507,4338072,lt,Sagri
334031584,4338073,lt,Sehitlik
334031815,4338076,lt,Sorkunlu
334031892,4338077,lt,Sorkunlu
334031969,4338078,lt,Sorkunas
334032046,4338079,lt,Sorkunas
334032123,4338080,lt,Sorkunas
334032200,4338081,lt,Sorkunas
334032277,4338082,lt,Sorgun
334032354,4338083,lt,Sorgun
334032431,4338084,lt,Sorguckavakli
334032662,4338087,lt,Sopcaalan
334032893,4338090,lt,Samali
334032970,4338091,lt,Soeloezas
334033047,4338092,lt,Caglayan
334033124,4338093,lt,Hizarli
334033201,4338094,lt,Solaklar
334033355,4338096,lt,Sokutas
334033509,4338098,lt,Sokucayiri
334033586,4338099,lt,Tezcan
334033740,4338101,lt,Soku
334033817,4338102,lt,Sokmen
334033971,4338104,lt,Soken
334034125,4338106,lt,Soeguetlue
334034202,4338107,lt,Sogutyani
334034279,4338108,lt,Sogutpinar
334034433,4338110,lt,Soeguetluekaja
334034510,4338111,lt,Soeguetluedere
334034587,4338112,lt,Soeguetluekaya
334034664,4338113,lt,Soeguetluedere
334034741,4338114,lt,Cerkez-Soeguetlue
334034818,4338115,lt,Soeguetlue
334035049,4338118,lt,Soeguetlue
334035126,4338119,lt,Soeguetlue
334035203,4338120,lt,Soeguetlue
334035280,4338121,lt,Soeguetlue
334035357,4338122,lt,Soeguetlue
334035434,4338123,lt,hindi
334035665,4338126,lt,Soeguetleris
334035742,4338127,lt,Soegueteli
334035896,4338129,lt,Sogutcuk
334035973,4338130,lt,Soeguetalan
334036050,4338131,lt,Soeguetalan
334036127,4338132,lt,Sogutagzi
334036204,4338133,lt,Soeguetagil
334036589,4338138,lt,Soguksu
334036666,4338139,lt,Guerpinar
334036743,4338140,lt,Soguksu
334036820,4338141,lt,Soguksu
334036897,4338142,lt,Soguksu
334036974,4338143,lt,Soguksu
334037051,4338144,lt,Kozkaya
334037128,4338145,lt,Kozkaya
334037205,4338146,lt,Kozkaya
334037359,4338148,lt,Kuruca
334037436,4338149,lt,Sogukkuyu
334037513,4338150,lt,Sogukgoze
334037590,4338151,lt,Sogukcam
334037744,4338153,lt,Sogucali
334037975,4338156,lt,Sogucakpinar
334038052,4338157,lt,Sogucak
334038129,4338158,lt,Sogucak
334038206,4338159,lt,Sogucak
334038283,4338160,lt,Sogucak
334038360,4338161,lt,Sogucak
334038437,4338162,lt,Kemerkaja
334038591,4338164,lt,Sogulcak
334038668,4338165,lt,Sogucak
334038899,4338168,lt,Koeskas
334038976,4338169,lt,Koeskas
334039053,4338170,lt,Koeskas
334039130,4338171,lt,Bahadir
334039207,4338172,lt,Sofuoglu
334039284,4338173,lt,Sofulu
334039438,4338175,lt,Toygar
334039515,4338176,lt,Sofularciftligi
334039592,4338177,lt,Sofular
334039669,4338178,lt,Sofular
334039746,4338179,lt,Sofular
334039823,4338180,lt,Sofular
334039900,4338181,lt,Sofular
334039977,4338182,lt,Sofular
334040054,4338183,lt,Sofular
334040131,4338184,lt,Sofular
334040285,4338186,lt,Sofular
334040362,4338187,lt,Sofular
334040516,4338189,lt,Sofular
334040593,4338190,lt,Sofular
334040670,4338191,lt,Sofular
334040747,4338192,lt,Sofular
334040824,4338193,lt,Sofualan
334040901,4338194,lt,Sofu
334041055,4338196,lt,Sofullu
334041132,4338197,lt,Softalar
334041209,4338198,lt,Sofcular
334041286,4338199,lt,Sobucimen
334041363,4338200,lt,Yitirmez
334041440,4338201,lt,Sobranas
334041517,4338202,lt,Siyahlar
334041594,4338203,lt,Sivriler
334041671,4338204,lt,Sivriler
334041748,4338205,lt,Sivrikese
334041825,4338206,lt,Sivrikaya
334041902,4338207,lt,Sivricek
334042056,4338209,lt,Sivaslilar
334042210,4338211,lt,Bahcekoey
334042287,4338212,lt,Yesilyayla
334042364,4338213,lt,Colakpehlivan
334042441,4338214,lt,Sislioba
334042595,4338216,lt,Sirtbey
334042749,4338218,lt,Sirpsindigi
334042826,4338219,lt,Sirli
334042903,4338220,lt,Godel
334043134,4338223,lt,Sirinsuhliye
334043211,4338224,lt,Sirinkoey
334043288,4338225,lt,Sirhoca
334043365,4338226,lt,Sircali
334043442,4338227,lt,Sircali
334043519,4338228,lt,Sircali
334043596,4338229,lt,Sircali
334043673,4338230,lt,Sirbasmak
334043750,4338231,lt,Yerba Santa
334043827,4338232,lt,Sirataslar
334043904,4338233,lt,Sirataslar
334043981,4338234,lt,Siran
334044058,4338235,lt,Sirali
334044212,4338237,lt,Sirakaya
334044289,4338238,lt,Siracevizler
334044366,4338239,lt,Ipekkoy
334044520,4338241,lt,Tasbasi
334044597,4338242,lt,Sipali
334044674,4338243,lt,Sipahiler
334044751,4338244,lt,Sipahiler
334044982,4338247,lt,Sipahiler
334045059,4338248,lt,Sipahiler
334045136,4338249,lt,Sipahiler
334045213,4338250,lt,Sipahi
334045290,4338251,lt,Sipahi
334045367,4338252,lt,Sipahi
334045521,4338254,lt,Sinopas
334045598,4338255,lt,Sinirkoey
334045675,4338256,lt,Sinik
334045752,4338257,lt,Isikli
334045829,4338258,lt,Sinekci
334045906,4338259,lt,Sindiran
334046060,4338261,lt,Cumhuriyet
334046137,4338262,lt,Sincansarnic
334046214,4338263,lt,Atayurt
334046291,4338264,lt,Sincan
334046368,4338265,lt,Saricicek
334046445,4338266,lt,Sinantekke
334046522,4338267,lt,Sinanoezue
334046599,4338268,lt,Sinanoglu
334046676,4338269,lt,Sinanlibilalli
334046753,4338270,lt,Sinandi
334046830,4338271,lt,Sinandi
334046984,4338273,lt,Sinankoey
334047061,4338274,lt,Siremirtabaklar
334047138,4338275,lt,Simsirli
334047215,4338276,lt,Sehitleris
334047292,4338277,lt,Simenli
334047369,4338278,lt,Aksoeguet
334047446,4338279,lt,Silvi
334047523,4338280,lt,Sile
334047600,4338281,lt,Seyhleris
334047754,4338283,lt,Seyhleris
334047831,4338284,lt,Alidede
334048062,4338287,lt,Sihčekas
334048293,4338290,lt,Akcatarla
334048370,4338291,lt,Sigirtmac
334048601,4338294,lt,Sigirlihaci
334048678,4338295,lt,Sigircili
334048755,4338296,lt,Sigircik
334048832,4338297,lt,Sigilli
334048909,4338298,lt,Sigircayi
334048986,4338299,lt,Sigilli
334049140,4338301,lt,Kumaskaya
334049217,4338302,lt,Eskikadi
334049294,4338303,lt,Alazli
334049602,4338307,lt,Alatas
334049756,4338309,lt,Seyran
334049833,4338310,lt,Seymenli
334049910,4338311,lt,Seymen
334049987,4338312,lt,Seymen
334050064,4338313,lt,Seymen
334050141,4338314,lt,Karakoyseyhler
334050218,4338315,lt,Seylanas
334050295,4338316,lt,Seyitoren
334050372,4338317,lt,Seyitnizam
334050449,4338318,lt,Seyitler
334050526,4338319,lt,Seyitler
334050603,4338320,lt,Seyitali
334050757,4338322,lt,Seyitahmet
334050834,4338323,lt,Seyhyunus
334050911,4338324,lt,Seyhyeni
334050988,4338325,lt,Seyhvarmaz
334051065,4338326,lt,Seyhulas
334051142,4338327,lt,Seyhsafi
334051219,4338328,lt,Seyhsadi
334051296,4338329,lt,Seyhoren
334051450,4338331,lt,Seyhnusrettin
334051527,4338332,lt,Seyhmustafa
334051604,4338333,lt,Seyhmusa
334051758,4338335,lt,Seyhli
334051835,4338336,lt,Seyhli
334051912,4338337,lt,Seyhli
334051989,4338338,lt,Seyhli
334052066,4338339,lt,Seyhli
334052220,4338341,lt,Seyhleris
334052374,4338343,lt,Seyhleris
334052451,4338344,lt,Seyhleris
334052605,4338346,lt,Asagi Seyhler
334052682,4338347,lt,Kadincik
334052759,4338348,lt,Seyhleris
334052836,4338349,lt,Seyhleris
334052913,4338350,lt,Seyhkoy
334053067,4338352,lt,Seyhkoy
334053144,4338353,lt,Seyhkoy
334053221,4338354,lt,Seyhhamza
334053298,4338355,lt,Seyhdogan
334053375,4338356,lt,Seyhbali
334053452,4338357,lt,Seyhan
334053529,4338358,lt,Seyhali
334053606,4338359,lt,Seyhoglu
334053760,4338361,lt,Seydiyakup
334053837,4338362,lt,Seydimcakalli
334053914,4338363,lt,Seydim
334053991,4338364,lt,Seydiler
334054068,4338365,lt,Seyitkoey
334054145,4338366,lt,Seyitkoey
334054222,4338367,lt,Seydibaba
334054299,4338368,lt,Sevkiler
334054376,4338369,lt,Sevketiye
334054453,4338370,lt,Sevketiye
334054530,4338371,lt,Sevketiye
334054607,4338372,lt,Sevketiye
334054684,4338373,lt,Sevindikli
334054915,4338376,lt,Sevindik
334054992,4338377,lt,Sevindik
334055069,4338378,lt,Sevincoren
334055146,4338379,lt,Sevincer
334055300,4338381,lt,Sevimli
334055608,4338385,lt,Sortullu
334055685,4338386,lt,Guzeloluk
334055762,4338387,lt,Serpin
334055839,4338388,lt,Serme
334055916,4338389,lt,Sermayeci
334056070,4338391,lt,Serinsu
334056147,4338392,lt,Guerpinar
334056224,4338393,lt,Serince
334056301,4338394,lt,Serincayir
334056378,4338395,lt,Serifali
334056455,4338396,lt,Sergenkaya
334056532,4338397,lt,Sergen
334056609,4338398,lt,Serenli
334056686,4338399,lt,Serenli
334056763,4338400,lt,Serenas
334056840,4338401,lt,Gueney
334056917,4338402,lt,Yenicam
334056994,4338403,lt,Ugurlu
334057071,4338404,lt,Ugurlu
334057148,4338405,lt,Ugurlu
334057225,4338406,lt,Ugurlu
334057302,4338407,lt,Serdivanas
334057456,4338409,lt,Serdar
334057533,4338410,lt,Serdar
334057610,4338411,lt,Eskipolat
334057764,4338413,lt,Sercebogazi
334057841,4338414,lt,Serbettar
334057918,4338415,lt,Yesilkoey
334057995,4338416,lt,Serbetli
334058072,4338417,lt,Yazilitas
334058149,4338418,lt,Yesilyurt
334058226,4338419,lt,Sepetli
334058303,4338420,lt,Sepetci
334058380,4338421,lt,Sariahmetler
334058457,4338422,lt,Senyuva
334058611,4338424,lt,Senyurt
334058688,4338425,lt,Senpinar
334058765,4338426,lt,Senpazar
334058842,4338427,lt,Senol
334058919,4338428,lt,Senocak
334058996,4338429,lt,Senocak
334059073,4338430,lt,Kasikli
334059227,4338432,lt,Senkoey
334059304,4338433,lt,Senkaya
334059458,4338435,lt,Senemoglu
334059535,4338436,lt,Senemoglu
334059689,4338438,lt,Senaiye
334059766,4338439,lt,Senkoey
334059843,4338440,lt,Kusluhan
334059920,4338441,lt,Semsettin
334059997,4338442,lt,Semsettinkoy
334060074,4338443,lt,Semetli
334060151,4338444,lt,Semetler
334060228,4338445,lt,Sameteli
334060382,4338447,lt,Semerci
334060459,4338448,lt,Semer
334060536,4338449,lt,Deyincek
334060613,4338450,lt,Seloz
334060690,4338451,lt,Goelcuegez
334060844,4338453,lt,Selimpasa
334060921,4338454,lt,Selimas
334060998,4338455,lt,Selimas
334061152,4338457,lt,Selimas
334061229,4338458,lt,Selimas
334061306,4338459,lt,Selimas
334061383,4338460,lt,Selimas
334061460,4338461,lt,Selimas
334061537,4338462,lt,Selimas
334061614,4338463,lt,Kirli
334061845,4338466,lt,Selcuk
334061922,4338467,lt,Selcuk
334061999,4338468,lt,Selcuk
334062076,4338469,lt,Selbuekue
334062153,4338470,lt,Selbeyi
334062230,4338471,lt,Selamli
334062307,4338472,lt,Selametli
334062384,4338473,lt,Selamet
334062538,4338475,lt,Selahattinkoey
334062615,4338476,lt,Selahiye
334062692,4338477,lt,Sekue
334062846,4338479,lt,Sekue
334063000,4338481,lt,Sekue
334063077,4338482,lt,Sekiler
334063154,4338483,lt,Sekue
334063231,4338484,lt,Seki
334063308,4338485,lt,Sekiharman
334063462,4338487,lt,Sekibagi
334063539,4338488,lt,Seki
334063847,4338492,lt,Sekersu
334064001,4338494,lt,Dizdaroglu
334064078,4338495,lt,Sekerli
334064155,4338496,lt,Sekerhacili
334064386,4338499,lt,Sehriman
334064463,4338500,lt,Sehren
334064540,4338501,lt,Sehitlik
334064617,4338502,lt,Sehitlik
334064694,4338503,lt,Sehitlik
334064771,4338504,lt,Sehitleris
334064848,4338505,lt,Sehithalit
334064925,4338506,lt,Sehitemin
334065002,4338507,lt,Sehiroren
334065079,4338508,lt,Sehirkurucay
334065156,4338509,lt,Sehircay
334065233,4338510,lt,Sahbazas
334065310,4338511,lt,Sefkatiye
334065464,4338513,lt,Seferler
334065541,4338514,lt,Seferkoey
334065695,4338516,lt,Yesilyayla
334065772,4338517,lt,Sefali
334065849,4338518,lt,Seckoey
334066003,4338520,lt,Seckoey
334066080,4338521,lt,Sebzeciler
334066157,4338522,lt,Sebin Karahisar
334066234,4338523,lt,Camarasi
334066311,4338524,lt,Sebenardi
334066388,4338525,lt,Seben
334066465,4338526,lt,Sazoba
334066619,4338528,lt,Sazlisu
334066696,4338529,lt,Sazlimalkoc
334066773,4338530,lt,Sazlidere
334066850,4338531,lt,Sazlicayir
334066927,4338532,lt,Sazlica
334067004,4338533,lt,Sazlibosna
334067081,4338534,lt,Sazli
334067158,4338535,lt,Sazlar
334067235,4338536,lt,Sazkoey
334067389,4338538,lt,Sazkoey
334067466,4338539,lt,Sazkoey
334067543,4338540,lt,Sazkoey
334067620,4338541,lt,Akcam
334067774,4338543,lt,Sazak
334067851,4338544,lt,Sazak
334067928,4338545,lt,Sayvancatak
334068005,4338546,lt,Sayvan
334068082,4338547,lt,Sayrac
334068159,4338548,lt,Saygili
334068236,4338549,lt,Sayfiye
334068313,4338550,lt,Sayca
334068390,4338551,lt,Sayalar
334068544,4338553,lt,Savsat
334068621,4338554,lt,Savcikoy
334068775,4338556,lt,Savasir
334068929,4338558,lt,Savas
334069006,4338559,lt,Savas
334069314,4338563,lt,Ormancik
334069391,4338564,lt,Satmazli
334069545,4338566,lt,Satilarkoey
334069622,4338567,lt,Cengel
334069699,4338568,lt,Satilarkoey
334069776,4338569,lt,Satikoey
334069930,4338571,lt,Sarvan
334070161,4338574,lt,Sarpun
334070238,4338575,lt,Elalan
334070315,4338576,lt,Sarpkaya
334070392,4338577,lt,Sarpincak
334070469,4338578,lt,Sarpdere
334070546,4338579,lt,Sarpdere
334070623,4338580,lt,Sarp
334070700,4338581,lt,Saroluk
334070854,4338583,lt,Sarnickoey
334070931,4338584,lt,Sarnickoey
334071008,4338585,lt,Sarnickoey
334071085,4338586,lt,Sarnickoey
334071316,4338589,lt,Sarmasik
334071393,4338590,lt,Sarmasik
334071547,4338592,lt,Sarmasik
334071701,4338594,lt,Sarmasa
334071778,4338595,lt,Zeytinoba
334071855,4338596,lt,Zeytinoba
334071932,4338597,lt,Zeytinoba
334072009,4338598,lt,Sarkli
334072163,4338600,lt,Sariyurt
334072240,4338601,lt,Sariyer
334072317,4338602,lt,Sariyer
334072394,4338603,lt,Sariyazla
334072471,4338604,lt,Sariyazi
334072548,4338605,lt,Sariyazi
334072702,4338607,lt,Sariyayla
334072779,4338608,lt,Sariyar
334072856,4338609,lt,Sariyar
334072933,4338610,lt,Sariyar
334073010,4338611,lt,Sariyar
334073087,4338612,lt,Sariyar
334073164,4338613,lt,Sayacaturk
334073241,4338614,lt,Sariyar
334073318,4338615,lt,Sariyar
334073395,4338616,lt,Sariyar
334073472,4338617,lt,Sariyamac
334073549,4338618,lt,Sarimsaqlu
334073703,4338620,lt,Saritas
334073780,4338621,lt,Saritarla
334073934,4338623,lt,Sarisuleyman
334074088,4338625,lt,Sarisu
334074242,4338627,lt,Sariseki
334074319,4338628,lt,Sarisivat
334074396,4338629,lt,Sariisik
334074473,4338630,lt,Boeguergenas
334074550,4338631,lt,Boeguergenas
334074627,4338632,lt,Boeguergenas
334074704,4338633,lt,Sarisaz
334074781,4338634,lt,Saripolat
334074858,4338635,lt,Saripinaras
334074935,4338636,lt,Saripinaras
334075012,4338637,lt,Saripinaras
334075089,4338638,lt,Sariomer
334075166,4338639,lt,Sarimsak
334075243,4338640,lt,Sarimbėjus
334075320,4338641,lt,Sarimbėjus
334075397,4338642,lt,Sarimbėjus
334075551,4338644,lt,Sarimbėjus
334075628,4338645,lt,Sarimbėjus
334075705,4338646,lt,Yaylakoey
334075782,4338647,lt,Pinaroenue
334075859,4338648,lt,Sarilar
334075936,4338649,lt,Sarilar
334076013,4338650,lt,Goellue
334076090,4338651,lt,Sarilar
334076167,4338652,lt,Sarilar
334076321,4338654,lt,Sarikum
334076398,4338655,lt,Sarikoey
334076552,4338657,lt,Darica
334076629,4338658,lt,Sarikoey
334076706,4338659,lt,Sarikoey
334076783,4338660,lt,Sarikoey
334076860,4338661,lt,Sarikonakas
334077014,4338663,lt,Sarikizli
334077091,4338664,lt,Sirakayalar
334077168,4338665,lt,Sarikaya
334077245,4338666,lt,Sarikaya
334077322,4338667,lt,Sarikaya
334077399,4338668,lt,Sarikaya
334077476,4338669,lt,Sarikaya
334077553,4338670,lt,Sarikaya
334077630,4338671,lt,Sarikaya
334077707,4338672,lt,Sarikaya
334077784,4338673,lt,Sarikaya
334077861,4338674,lt,Kuerikas
334077938,4338675,lt,Sarikamis
334078015,4338676,lt,Yavihasan
334078092,4338677,lt,Sarihan
334078169,4338678,lt,Sarihalil
334078246,4338679,lt,Siragoemue
334078323,4338680,lt,Sarigun
334078400,4338681,lt,Siragoemue
334078477,4338682,lt,Sarigoelis
334078708,4338685,lt,Goellue
334078785,4338686,lt,Sarifasil
334078862,4338687,lt,Goellue
334078939,4338688,lt,Saridibek
334079016,4338689,lt,Sarideresi
334079093,4338690,lt,Saridanisment
334079170,4338691,lt,Saricoban
334079324,4338693,lt,Saricicek
334079478,4338695,lt,Lengerli
334079555,4338696,lt,Saricayir
334079632,4338697,lt,Saricali
334079786,4338699,lt,Saricalar
334079863,4338700,lt,Kocaman
334079940,4338701,lt,Saricaeli
334080017,4338702,lt,Saricaali
334080171,4338704,lt,Darica
334080248,4338705,lt,Icyaka
334080325,4338706,lt,Darica
334080402,4338707,lt,Darica
334080556,4338709,lt,Saribulak
334080633,4338710,lt,Saribugday
334080710,4338711,lt,Saribudak
334080787,4338712,lt,Sariboga
334080864,4338713,lt,Saribeyli
334080941,4338714,lt,Saribeyler
334081095,4338716,lt,Saribasak
334081172,4338717,lt,Sariayak
334081249,4338718,lt,Asagi Kozpinar
334081326,4338719,lt,Sarialan
334081403,4338720,lt,Sarialan
334081480,4338721,lt,Saralan
334081557,4338722,lt,Sarialan
334081634,4338723,lt,Sarialan
334081788,4338725,lt,Sariahmetler
334081865,4338726,lt,Mescicele
334081942,4338727,lt,Sariagil
334082019,4338728,lt,Sariagaccayi
334082250,4338731,lt,Sarpin
334082327,4338732,lt,Sarayoezue
334082404,4338733,lt,Sarayli
334082481,4338734,lt,Sarayli
334082558,4338735,lt,Saraylar
334082635,4338736,lt,Saraykoey
334082712,4338737,lt,Saraykoey
334082789,4338738,lt,Saraykoey
334082866,4338739,lt,Saraykoey
334082943,4338740,lt,Saraykoey
334083020,4338741,lt,Saraykoey
334083097,4338742,lt,Saraykoey
334083174,4338743,lt,Saraykoey
334083251,4338744,lt,Saraykoey
334083328,4338745,lt,Sarayduzu
334083405,4338746,lt,Sarayduzu
334083713,4338750,lt,Saraykoey
334083790,4338751,lt,Saraykoey
334083867,4338752,lt,Saraykoey
334083944,4338753,lt,Saraykoey
334084175,4338756,lt,Saraykoey
334084252,4338757,lt,Saraykoey
334084329,4338758,lt,Saraykoey
334084406,4338759,lt,Saraykoey
334084483,4338760,lt,Saraykoey
334084637,4338762,lt,Saraykoey
334084714,4338763,lt,Saraykoey
334084791,4338764,lt,Saraykoey
334085099,4338768,lt,Saraykoey
334085176,4338769,lt,Saraykoey
334085253,4338770,lt,Saraykoey
334085330,4338771,lt,Saraykoey
334085407,4338772,lt,Saray
334085561,4338774,lt,Saraykoey
334085638,4338775,lt,Saraykoey
334085869,4338778,lt,Saracli
334085946,4338779,lt,Saraclar
334086023,4338780,lt,Saraclar
334086100,4338781,lt,Sarackoey
334086177,4338782,lt,Sarackoey
334086254,4338783,lt,Sapmaz
334086331,4338784,lt,Saplica
334086485,4338786,lt,Cayirkoey
334086639,4338788,lt,Sapca
334086793,4338790,lt,Sapanli
334087024,4338793,lt,Sapandža
334087101,4338794,lt,Sapakpinar
334087178,4338795,lt,Sapaca
334087255,4338796,lt,Sapaca
334087332,4338797,lt,Sapaca
334087486,4338799,lt,Sapa
334087563,4338800,lt,Sansarak
334087794,4338803,lt,Sandiktas
334087871,4338804,lt,Sandallar
334088025,4338806,lt,Sanci
334088102,4338807,lt,Sancar
334088179,4338808,lt,Sancar
334088333,4338810,lt,Sančaktepė
334088410,4338811,lt,Sancakkoey
334088487,4338812,lt,Sancakli
334088564,4338813,lt,Sancakkoey
334088641,4338814,lt,Yalincak
334088718,4338815,lt,Sindiran
334088795,4338816,lt,Yarbasi
334088872,4338817,lt,Samurcay
334088949,4338818,lt,Samurlu
334089026,4338819,lt,Samur
334089103,4338820,lt,Sakf al `Udayn
334089180,4338821,lt,Samsunas
334089257,4338822,lt,Samsun
334089334,4338823,lt,Soguksu
334089411,4338824,lt,Samri
334089488,4338825,lt,Hacinaipli
334089642,4338827,lt,Samlaras
334089719,4338828,lt,Samlaras
334089796,4338829,lt,Samayer
334089873,4338830,lt,Samikale
334089950,4338831,lt,Samayer
334090027,4338832,lt,Samat
334090104,4338833,lt,Samat
334090181,4338834,lt,Samanlioren
334090258,4338835,lt,Samanli
334090335,4338836,lt,Samandoken
334090412,4338837,lt,Samandira
334090489,4338838,lt,Samandere
334090566,4338839,lt,Samanci
334090643,4338840,lt,Samanci
334090720,4338841,lt,Samanbeyli
334090797,4338842,lt,Bogazbasi
334090874,4338843,lt,Al Ubazi
334090951,4338844,lt,Salur
334091028,4338845,lt,Salur
334091105,4338846,lt,Salur
334091182,4338847,lt,Salur
334091259,4338848,lt,Salur
334091336,4338849,lt,Salur
334091413,4338850,lt,Salur
334091490,4338851,lt,Saltuklu
334091567,4338852,lt,Salpazari
334091721,4338854,lt,Salordek
334091798,4338855,lt,Guerguer
334091875,4338856,lt,Salmanlar
334092106,4338859,lt,Al Jura
334092183,4338860,lt,Salmankoey
334092260,4338861,lt,Sallar
334092337,4338862,lt,Sallar
334092491,4338864,lt,Salkimsu
334092568,4338865,lt,Salkimoren
334092722,4338867,lt,Arkboerk
334092799,4338868,lt,Yenidogan
334092876,4338869,lt,Salihler
334092953,4338870,lt,Sali
334093030,4338871,lt,Salgamli
334093107,4338872,lt,Salgam
334093184,4338873,lt,Salcilar
334093261,4338874,lt,Salci
334093338,4338875,lt,Salbas
334093415,4338876,lt,Salavat
334093492,4338877,lt,Salarli
334093646,4338879,lt,Salacor
334093800,4338881,lt,Salacor
334093877,4338882,lt,Sakizlik
334093954,4338883,lt,Sakizli
334094031,4338884,lt,Sakizkoy
334094108,4338885,lt,Sakizcilar
334094262,4338887,lt,Sakaryakaracaoeren
334094339,4338888,lt,Sakarli
334094416,4338889,lt,Sakaryakaracaoeren
334094493,4338890,lt,Sakariilica
334094647,4338892,lt,Sakarcaoren
334094724,4338893,lt,Sakarca
334094801,4338894,lt,Yesiltepe
334095032,4338897,lt,Sakalli
334095186,4338899,lt,Sakallar
334095417,4338902,lt,Sakalar
334095494,4338903,lt,Yesilkoypinar
334095571,4338904,lt,Sakaeli
334095648,4338905,lt,UEzuemlue
334095725,4338906,lt,Saitabat
334095879,4338908,lt,Dorekler
334095956,4338909,lt,Sahne
334096033,4338910,lt,Sahnalar
334096110,4338911,lt,Sahnalar
334096187,4338912,lt,Sahnaalan
334096264,4338913,lt,Sahmelik
334096341,4338914,lt,Sahmelek
334096418,4338915,lt,Sahmelek
334096572,4338917,lt,Sahip
334096649,4338918,lt,Tasdikmenas
334096726,4338919,lt,Sahinyurdu
334096957,4338922,lt,Sahinli
334097034,4338923,lt,Sahinli
334097111,4338924,lt,Sahinli
334097188,4338925,lt,Sahinleris
334097265,4338926,lt,Sahinleris
334097419,4338928,lt,Sahincati
334097496,4338929,lt,Sahinas
334097573,4338930,lt,Sahinas
334097727,4338932,lt,Sahinas
334097804,4338933,lt,Sahinkoy
334097958,4338935,lt,Sahcali
334098035,4338936,lt,Sahbazlar
334098189,4338938,lt,Sagpazar
334098266,4338939,lt,Karadere
334098343,4338940,lt,Saglica
334098420,4338941,lt,Saglamtas
334098959,4338948,lt,Safranbolu
334099036,4338949,lt,Safran
334099267,4338952,lt,Safibey
334099344,4338953,lt,Sofuhalil
334099421,4338954,lt,Safaalan
334099498,4338955,lt,Safali
334099575,4338956,lt,Safaalan
334099652,4338957,lt,Sadilli
334099729,4338958,lt,Cumatabakli
334099960,4338961,lt,Sarikoey
334100037,4338962,lt,Sadeyaka
334100114,4338963,lt,Akkoy
334100191,4338964,lt,Sada
334100268,4338965,lt,Catak
334100345,4338966,lt,Sadaka
334100422,4338967,lt,Sadak
334100499,4338968,lt,Sacmalipinar
334100576,4338969,lt,Saclimusellim
334100653,4338970,lt,Saccilar
334100730,4338971,lt,Sacak
334100961,4338974,lt,Sabanoezue
334101038,4338975,lt,Sabanoezue
334101192,4338977,lt,Sabirlar
334101269,4338978,lt,Sabanoezue
334101423,4338980,lt,Sabanmere
334101500,4338981,lt,Sirakoy
334101654,4338983,lt,Sabankoey
334101731,4338984,lt,Sabaholdu
334101885,4338986,lt,Ruestuekoey
334101962,4338987,lt,Ruzgarli
334102039,4338988,lt,Ruestuekoey
334102193,4338990,lt,Rusanlar
334102270,4338991,lt,Rumelifeneri
334102347,4338992,lt,Rizekent
334102424,4338993,lt,Rizė
334102578,4338995,lt,Resullu
334102655,4338996,lt,Resuller
334102886,4338999,lt,Resadiye
334102963,4339000,lt,Resadiye
334103040,4339001,lt,Resadiye
334103194,4339003,lt,Recepbey
334103348,4339005,lt,Karcilar
334103425,4339006,lt,Ramazanoglu
334103502,4339007,lt,Ramazanlar
334103733,4339010,lt,Kirecli
334103810,4339011,lt,Rahmiye
334103887,4339012,lt,Rahmanca
334103964,4339013,lt,Tortumkale
334104041,4339014,lt,Pusat
334104118,4339015,lt,Pusacak
334104349,4339018,lt,Pursaklar
334104426,4339019,lt,Puercuekoeren
334104657,4339022,lt,Yukari Ilipinar
334104811,4339024,lt,Poyrazlar
334104965,4339026,lt,Poyraz
334105042,4339027,lt,Poyrazli
334105119,4339028,lt,Sogucak
334105196,4339029,lt,Suhulet
334105273,4339030,lt,Posofas
334105350,4339031,lt,Kabatas
334105427,4339032,lt,Yoerueklu
334105504,4339033,lt,Porsuk
334105581,4339034,lt,Porsuk
334105658,4339035,lt,Polat
334105735,4339036,lt,Polatli
334105812,4339037,lt,Polat
334105889,4339038,lt,Polatkoyu
334106043,4339040,lt,Piroglu
334106120,4339041,lt,Pirnalli
334106197,4339042,lt,Pirnar
334106351,4339044,lt,Pirler
334106428,4339045,lt,Pirinclik
334106505,4339046,lt,Kuecuekoeren
334106582,4339047,lt,Pirinccesme
334106736,4339049,lt,Piri
334106890,4339051,lt,Pirdemir
334106967,4339052,lt,Kanatlar
334107044,4339053,lt,Pirazizas
334107121,4339054,lt,Piraziz
334107198,4339055,lt,Pirahmetler
334107275,4339056,lt,Pinaroezue
334107352,4339057,lt,Pinaryaka
334107429,4339058,lt,Pinaroezue
334107506,4339059,lt,Bakisla
334107583,4339060,lt,Bakisla
334107660,4339061,lt,Bakisla
334107737,4339062,lt,Pinarlar
334107814,4339063,lt,Pinarhisaras
334107891,4339064,lt,Pinargoezue
334107968,4339065,lt,Pinarcukuru
334108122,4339067,lt,Pinarčikas
334108199,4339068,lt,Pinarčikas
334108276,4339069,lt,Pinarca
334108353,4339070,lt,Pinarca
334108430,4339071,lt,Pinarbeyli
334108507,4339072,lt,Pinarbasi
334108584,4339073,lt,Pinarbasi
334108661,4339074,lt,Pinarbasi
334108738,4339075,lt,Cakmakcilar
334109046,4339079,lt,Eynir
334109123,4339080,lt,Eynir
334109200,4339081,lt,Petekli
334109277,4339082,lt,Petekli
334109354,4339083,lt,Petekli
334109431,4339084,lt,Petekkaya
334109585,4339086,lt,Pervane
334109662,4339087,lt,Atakoey
334109739,4339088,lt,Yukari Camli
334109816,4339089,lt,Saksi
334109893,4339090,lt,Yesiltepe
334109970,4339091,lt,Persembe
334110047,4339092,lt,Dagdibi
334110201,4339094,lt,Percem
334110355,4339096,lt,Penek
334110432,4339097,lt,Pendikas
334110509,4339098,lt,Pembeli
334110663,4339100,lt,Pelitoezue
334110740,4339101,lt,Kayabasi
334110894,4339103,lt,Pelitoezue
334111125,4339106,lt,Pelitoren
334111202,4339107,lt,Pelitoren
334111279,4339108,lt,Pelitliyatak
334111356,4339109,lt,OElcuelue
334111433,4339110,lt,OElcuelue
334111510,4339111,lt,OElcuelue
334111741,4339114,lt,Pelitcik
334111818,4339115,lt,Pelitcik
334111895,4339116,lt,Pelitcik
334111972,4339117,lt,Yenipelitcik
334112049,4339118,lt,Pelitcik
334112126,4339119,lt,Pelitcik
334112280,4339121,lt,Pekmezli
334112357,4339122,lt,Pekmezli
334112511,4339124,lt,Pekmezci
334112588,4339125,lt,Pehlivantasi
334112742,4339127,lt,Pehlivankoy
334112896,4339129,lt,Findikli
334112973,4339130,lt,Pelitcik
334113050,4339131,lt,Gueney
334113127,4339132,lt,Pecenek
334113204,4339133,lt,Pecenek
334113281,4339134,lt,Pazaryolu
334113358,4339135,lt,Edemli
334113435,4339136,lt,Pazarsuyu
334113512,4339137,lt,Pazarli
334113589,4339138,lt,Pazarli
334113743,4339140,lt,Pazarkoy
334113820,4339141,lt,Pazarkoy
334113897,4339142,lt,Pazardere
334113974,4339143,lt,Pazarcik
334114128,4339145,lt,Pazarcayir
334114205,4339146,lt,Pazarbeleni
334114282,4339147,lt,Akamber
334114359,4339148,lt,Akamber
334114436,4339149,lt,Pazaras
334114513,4339150,lt,Ortaklar
334114590,4339151,lt,Pasli
334114667,4339152,lt,Pasayigit
334114744,4339153,lt,Pasayeri
334114821,4339154,lt,Pasayenice
334114898,4339155,lt,Pasayazi
334115052,4339157,lt,Pasaseyh
334115129,4339158,lt,Pasapinari
334115206,4339159,lt,Pasalioglu
334115360,4339161,lt,Pasali
334115437,4339162,lt,Pasali
334115514,4339163,lt,Pasalar
334115591,4339164,lt,Uzunoz
334115745,4339166,lt,Pasakoey
334115822,4339167,lt,Pasakoey
334115899,4339168,lt,Pasakoey
334116130,4339171,lt,Pasakoey
334116207,4339172,lt,Pasaciftligi
334116284,4339173,lt,Guelluece
334116361,4339174,lt,Pasaciftligi
334116515,4339176,lt,Pasacayi
334116746,4339179,lt,Parmaksiz
334116823,4339180,lt,Parmakdere
334116900,4339181,lt,Pancirot
334116977,4339182,lt,Papatya
334117054,4339183,lt,Pancirot
334117131,4339184,lt,Pancarkoy
334117208,4339185,lt,Pamuktas
334117285,4339186,lt,Pamukovas
334117362,4339187,lt,Pamukcular
334117439,4339188,lt,Bueyuekderbent
334117516,4339189,lt,Yamacustu
334117593,4339190,lt,Palazlar
334117670,4339191,lt,Palanli
334117824,4339193,lt,Palabiyik
334117978,4339195,lt,Harakoy
334118055,4339196,lt,OEzyurt
334118209,4339198,lt,OEzuekavak
334118286,4339199,lt,OEzoeren
334118363,4339200,lt,OEzluece
334118440,4339201,lt,Ozmal
334118517,4339202,lt,OEzluece
334118594,4339203,lt,OEzluece
334118671,4339204,lt,OEzluece
334118825,4339206,lt,OEzluece
334118902,4339207,lt,OEzlue
334118979,4339208,lt,OEzlue
334119056,4339209,lt,OEzen
334119133,4339210,lt,OEzguevenas
334119210,4339211,lt,OEzen
334119364,4339213,lt,Ozdil
334119441,4339214,lt,Oezdemiras
334119595,4339216,lt,Oezdemiras
334119672,4339217,lt,Kirazcik
334119826,4339219,lt,OEzkoey
334119903,4339220,lt,OEzbeyli
334119980,4339221,lt,Ozbel
334120134,4339223,lt,Ozbek
334120211,4339224,lt,Ozbek
334120288,4339225,lt,Ozbek
334120442,4339227,lt,OEzbasi
334120519,4339228,lt,OEzbasi
334120596,4339229,lt,Ozbagi
334120673,4339230,lt,Ozansu
334120750,4339231,lt,Ozanli
334120904,4339233,lt,Ozanca
334121058,4339235,lt,Ozankoey
334121135,4339236,lt,Oyumigde
334121212,4339237,lt,Euzumdie
334121289,4339238,lt,Oyuklu
334121366,4339239,lt,Oymayaka
334121597,4339242,lt,Oymaagacseki
334121674,4339243,lt,Oymaagac
334121751,4339244,lt,Oymaagac
334121828,4339245,lt,Oymaagac
334121905,4339246,lt,Oymaagac
334121982,4339247,lt,Oylumdere
334122213,4339250,lt,OEvuendue
334122290,4339251,lt,OEvuence
334122367,4339252,lt,OEvenleris
334122444,4339253,lt,Ovecler
334122521,4339254,lt,Ovayurt
334122598,4339255,lt,Ovayenice
334122675,4339256,lt,Ovasaray
334122752,4339257,lt,Ovapinar
334122829,4339258,lt,Hacili
334122906,4339259,lt,Ovakoey
334122983,4339260,lt,Hacili
334123060,4339261,lt,Ovaesemen
334123214,4339263,lt,Ovacuma
334123291,4339264,lt,Ovacikas
334123368,4339265,lt,Goelkoey
334123522,4339267,lt,Ovacikas
334123599,4339268,lt,Cimenli
334123676,4339269,lt,Ovacikas
334123753,4339270,lt,Ovacikas
334123830,4339271,lt,Ovacikas
334123907,4339272,lt,Ovakoey
334123984,4339273,lt,Ovacikas
334124138,4339275,lt,Ovacikas
334124215,4339276,lt,Ovacikas
334124292,4339277,lt,Ovacikas
334124369,4339278,lt,Ovacikas
334124446,4339279,lt,Ovacikas
334124523,4339280,lt,Ovacikas
334124600,4339281,lt,Ovacikas
334124677,4339282,lt,Ovabasi
334124831,4339284,lt,Jenikonakas
334124908,4339285,lt,Otmanli
334125062,4339287,lt,Otlutepe
334125139,4339288,lt,Otlukdere
334125447,4339292,lt,Kirazkoey
334125601,4339294,lt,Otaci
334125755,4339296,lt,Osmansin
334125832,4339297,lt,Osmanoglu
334125909,4339298,lt,Daguestue
334125986,4339299,lt,Daguestue
334126063,4339300,lt,Daguestue
334126140,4339301,lt,Daguestue
334126217,4339302,lt,Daguestue
334126294,4339303,lt,Daguestue
334126448,4339305,lt,Osmanas
334126525,4339306,lt,Osmanas
334126679,4339308,lt,Osmanas
334126833,4339310,lt,Osmaniye
334126987,4339312,lt,Osmanpinari
334127064,4339313,lt,Osmaniye
334127218,4339315,lt,Osmanelis
334127295,4339316,lt,Osmančikas
334127372,4339317,lt,Osmančikas
334127449,4339318,lt,Cuma
334127526,4339319,lt,Osmanbeyli
334127603,4339320,lt,Ozpinar
334127680,4339321,lt,Osmanbey
334127757,4339322,lt,Osmanas
334127834,4339323,lt,Topluca
334127988,4339325,lt,Ishan
334128296,4339329,lt,Onbasilar
334128450,4339331,lt,OEruecueler
334128527,4339332,lt,Orucuk
334128681,4339334,lt,Orucoglu
334128758,4339335,lt,Oruclu
334128912,4339337,lt,Orucbeyli
334128989,4339338,lt,Orucbeyli
334129143,4339340,lt,Anday
334129220,4339341,lt,OErtueluece
334129297,4339342,lt,Anday
334129374,4339343,lt,Eglek
334129451,4339344,lt,Ortayazi
334129528,4339345,lt,Ortayaka
334129682,4339347,lt,Ortatepe
334129759,4339348,lt,Ortasoekue
334129836,4339349,lt,Ortaseki
334129913,4339350,lt,Ortasaribey
334129990,4339351,lt,Ugurlu
334130067,4339352,lt,Ortaova
334130144,4339353,lt,Ortaoren
334130221,4339354,lt,Ortaoren
334130298,4339355,lt,Fakilli
334130452,4339357,lt,Ortalik
334130529,4339358,lt,Ortalica
334130606,4339359,lt,Ortalar
334130837,4339362,lt,Sarpun
334130914,4339363,lt,Ortakoey
334131068,4339365,lt,Guergencikas
334131145,4339366,lt,Ortakoey
334131222,4339367,lt,Ortakoey
334131299,4339368,lt,Ortaalan
334131376,4339369,lt,Ortakoey
334131453,4339370,lt,Hemsin
334131607,4339372,lt,Ortakoey
334131761,4339374,lt,Ortakoey
334131838,4339375,lt,Akyar
334131915,4339376,lt,Ortakoey
334131992,4339377,lt,Beydere
334132069,4339378,lt,Ortakoey
334132223,4339380,lt,Ortakoey
334132300,4339381,lt,Ortakoey
334132454,4339383,lt,Ortakoey
334132531,4339384,lt,Ortakoey
334132685,4339386,lt,Ortakoey
334132839,4339388,lt,Ortakoey
334132916,4339389,lt,Ortakent
334133070,4339391,lt,Ortakioj
334133147,4339392,lt,Ortakoy
334133224,4339393,lt,Ortakoey
334133301,4339394,lt,Ortakoey
334133378,4339395,lt,Ortakoey
334133455,4339396,lt,Ortaklar
334133532,4339397,lt,Ortaklar
334133686,4339399,lt,Ortakci
334133840,4339401,lt,Ortakale
334134071,4339404,lt,Ortagecit
334134148,4339405,lt,Ortadurak
334134302,4339407,lt,Osmaniye
334134379,4339408,lt,Orta Cimagil
334134456,4339409,lt,Ortaci
334134533,4339410,lt,Ahapli Ortaci
334134610,4339411,lt,Ortacalar
334134687,4339412,lt,Ortaca
334134764,4339413,lt,Ortaca
334134841,4339414,lt,Ortaca
334134918,4339415,lt,Ortaca
334134995,4339416,lt,Ortaburun
334135149,4339418,lt,Ortaburun
334135303,4339420,lt,Ortabolme
334135380,4339421,lt,Ortabogaz
334135457,4339422,lt,Ortabereket
334135611,4339424,lt,Kinalicam
334135688,4339425,lt,Orta
334135996,4339429,lt,Ormeci
334136150,4339431,lt,Ormanoezue
334136227,4339432,lt,Ormanoezue
334136304,4339433,lt,Ormanoezue
334136381,4339434,lt,Ormanoezue
334136458,4339435,lt,Ormanas
334136535,4339436,lt,Ormanas
334136612,4339437,lt,Ormanas
334136689,4339438,lt,Ormanas
334136766,4339439,lt,Ormanas
334136920,4339441,lt,Ormankadi
334136997,4339442,lt,Ormandibi
334137074,4339443,lt,Ormandibi
334137228,4339445,lt,Ormancik
334137305,4339446,lt,Ormancik
334137382,4339447,lt,Ormancik
334137459,4339448,lt,Ormanbeyli
334137536,4339449,lt,OErik
334137690,4339451,lt,OErikas
334137767,4339452,lt,Orhenli
334137844,4339453,lt,Orhen
334137998,4339455,lt,OEreykoey
334138152,4339457,lt,Hakaniye
334138229,4339458,lt,OEreykoey
334138306,4339459,lt,OEreykoey
334138383,4339460,lt,OEreykoey
334138460,4339461,lt,OEreykoey
334138537,4339462,lt,OEreykoey
334138614,4339463,lt,OEreykoey
334138691,4339464,lt,OEreykoey
334138768,4339465,lt,OEreykoey
334138845,4339466,lt,OEreykoey
334138922,4339467,lt,Orchangazis
334138999,4339468,lt,OEreykoey
334139076,4339469,lt,Orentas
334139153,4339470,lt,OEren
334139307,4339472,lt,Ortaduezu
334139384,4339473,lt,Oerenkoey
334139461,4339474,lt,OErenkoey
334139538,4339475,lt,OErenkoey
334139769,4339478,lt,Orencik
334139846,4339479,lt,Kizilorencik
334140154,4339483,lt,Orencik
334140385,4339486,lt,Orencik
334140462,4339487,lt,Orencik
334140539,4339488,lt,Orencik
334140616,4339489,lt,Orencik
334140770,4339491,lt,Orencik
334140924,4339493,lt,Orencik
334141001,4339494,lt,Orencik
334141155,4339496,lt,Ericek
334141232,4339497,lt,Orencik
334141309,4339498,lt,Orencik
334141386,4339499,lt,Orencik
334141463,4339500,lt,Orencik
334141540,4339501,lt,Orencik
334141617,4339502,lt,Orencik
334141771,4339504,lt,OEren
334141848,4339505,lt,Orenbasi
334141925,4339506,lt,Hisarkoey
334142156,4339509,lt,Oeren
334142233,4339510,lt,Toylar
334142310,4339511,lt,Oeren
334142387,4339512,lt,Topcayiri
334142464,4339513,lt,Ordukoey
334142541,4339514,lt,Ordular
334142618,4339515,lt,Ordukoey
334142695,4339516,lt,Ordu
334142772,4339517,lt,Ordekhaci
334142849,4339518,lt,OErcuen
334142926,4339519,lt,Doguorcunler
334143003,4339520,lt,OErcuen
334143080,4339521,lt,Onerler
334143157,4339522,lt,OEncuel
334143311,4339524,lt,Onac
334143388,4339525,lt,Omersin
334143465,4339526,lt,Omerseyhler
334143542,4339527,lt,Omerpasalar
334143619,4339528,lt,OEmerkoey
334143696,4339529,lt,Kazanci
334143773,4339530,lt,OEmerkoey
334143850,4339531,lt,Alli
334143927,4339532,lt,Alli
334144004,4339533,lt,Kayapinar
334144081,4339534,lt,Alapli Omerli
334144235,4339536,lt,Alli
334144312,4339537,lt,Alli
334144389,4339538,lt,OEmerkoey
334144466,4339539,lt,OEmerkoey
334144697,4339542,lt,Omercik
334144774,4339543,lt,Omerbey
334144851,4339544,lt,Omerbey
334145005,4339546,lt,Omeraga
334145082,4339547,lt,Olur
334145159,4339548,lt,Olukyani
334145236,4339549,lt,Olukman
334145313,4339550,lt,Olukman
334145390,4339551,lt,Olukman
334145467,4339552,lt,Oluklu
334145621,4339554,lt,Oluklu
334145775,4339556,lt,Oluklu
334145929,4339558,lt,Olukalan
334146006,4339559,lt,Olukalan
334146083,4339560,lt,Olukalan
334146160,4339561,lt,Olukalan
334146237,4339562,lt,Olucak
334146314,4339563,lt,Olucak
334146391,4339564,lt,Olucak
334146468,4339565,lt,Olucak
334146545,4339566,lt,Oltu
334146776,4339569,lt,Olgunas
334146853,4339570,lt,UEyuekoeren
334146930,4339571,lt,Vezin
334147007,4339572,lt,Temelli
334147084,4339573,lt,Olacak
334147238,4339575,lt,Alioglu
334147315,4339576,lt,Kalkandere
334147546,4339579,lt,Asagicayircik
334147854,4339583,lt,Okluk
334147931,4339584,lt,Okluk
334148008,4339585,lt,Okluca
334148085,4339586,lt,Oklali
334148162,4339587,lt,Oklali
334148316,4339589,lt,Okculu
334148470,4339591,lt,Okcular
334148547,4339592,lt,Okcular
334148701,4339594,lt,Okcular
334148855,4339596,lt,Okcular
334148932,4339597,lt,Sarikoz
334149009,4339598,lt,Okcular
334149086,4339599,lt,Yukari Okcular
334149163,4339600,lt,Okcular
334149317,4339602,lt,Okcugol
334149394,4339603,lt,Okcu
334149625,4339606,lt,Ohtamis
334149702,4339607,lt,Oguzyolu
334149779,4339608,lt,Oguzlu
334149856,4339609,lt,Oguzlu
334149933,4339610,lt,Oguzlu
334150010,4339611,lt,Oguzkoey
334150164,4339613,lt,Oguzhan
334150241,4339614,lt,Oguzas
334150395,4339616,lt,Ogurlu
334150472,4339617,lt,Ogulpasa
334150549,4339618,lt,Ogulpasa
334150703,4339620,lt,Ogulkoy
334150857,4339622,lt,Ogulduruk
334150934,4339623,lt,Ogulcuk
334151011,4339624,lt,Ogulbėjus
334151088,4339625,lt,Ogulbagi
334151165,4339626,lt,Ogulagac
334151396,4339629,lt,Oglakoezue
334151473,4339630,lt,Oglakli
334151550,4339631,lt,Oglakcilar
334151704,4339633,lt,Oglakci
334151781,4339634,lt,Ogdem
334151858,4339635,lt,OEzoeren
334151935,4339636,lt,Ofa
334152089,4339638,lt,Yesilkoey
334152243,4339640,lt,Odemis
334152320,4339641,lt,Odemis
334152397,4339642,lt,OEdek
334152474,4339643,lt,Odayeri
334152628,4339645,lt,Odalar
334152782,4339647,lt,Ocaktasi
334152859,4339648,lt,Soganliyuruk
334152936,4339649,lt,Ocakli
334153013,4339650,lt,Ocakli
334153090,4339651,lt,Ocakli
334153167,4339652,lt,Ocakli
334153321,4339654,lt,Ocakbasi
334153552,4339657,lt,Ocak
334153629,4339658,lt,UEnluece
334153706,4339659,lt,Obruk
334153783,4339660,lt,Obruk
334153937,4339662,lt,Obrucak
334154014,4339663,lt,Obektas
334154168,4339665,lt,Obayayla
334154322,4339667,lt,Oba
334154399,4339668,lt,Nuzhetiye
334154553,4339670,lt,Nuzhetiye
334154630,4339671,lt,Nusretli
334154707,4339672,lt,Nusretiye
334154784,4339673,lt,Gueneykoey
334154861,4339674,lt,Nusratlar
334154938,4339675,lt,Nusratfaki
334155015,4339676,lt,Nuruosmaniye
334155169,4339678,lt,Numanpasa
334155246,4339679,lt,Numanlar
334155400,4339681,lt,Nuhoeren
334155554,4339683,lt,Norsen
334155631,4339684,lt,Meydanlar
334155708,4339685,lt,Norsen
334155939,4339688,lt,Nodullar
334156016,4339689,lt,Nisantasi
334156093,4339690,lt,Nisantasi
334156247,4339692,lt,Nimetli
334156324,4339693,lt,Nihah
334156401,4339694,lt,Niksaras
334156478,4339695,lt,Necmiye
334156555,4339696,lt,Baskoey
334156632,4339697,lt,Necmiye
334156709,4339698,lt,Necipkoy
334156786,4339699,lt,Necefali
334156863,4339700,lt,Necatiye
334157017,4339702,lt,Nebiseyh
334157171,4339704,lt,Nebioglu
334157248,4339705,lt,Nebioglu
334157402,4339707,lt,Nebikoy
334157479,4339708,lt,Nebihoca
334157710,4339711,lt,Nazifpasa
334157787,4339712,lt,Navsaklar
334157864,4339713,lt,Saraclar
334157941,4339714,lt,Nasuhbey
334158018,4339715,lt,Ahacik
334158095,4339716,lt,Narzanlar
334158172,4339717,lt,Narman
334158249,4339718,lt,Narlikisla
334158403,4339720,lt,Narlik
334158480,4339721,lt,Narlik
334158557,4339722,lt,Narlica
334158634,4339723,lt,Narli
334158711,4339724,lt,Narli
334158865,4339726,lt,Nanepinari
334158942,4339727,lt,Namazli
334159019,4339728,lt,Camdali
334159173,4339730,lt,Nallihan
334159327,4339732,lt,Nallidere
334159404,4339733,lt,Nalkoy
334159481,4339734,lt,Nalinlar
334159558,4339735,lt,Nalcikuyucagi
334159635,4339736,lt,Nakkas
334159789,4339738,lt,Naipyusuf
334159866,4339739,lt,Naipkoey
334159943,4339740,lt,Naipkoey
334160097,4339742,lt,Nahizeris
334160174,4339743,lt,Nadirli
334160251,4339744,lt,Nadas
334160328,4339745,lt,Nacak
334160405,4339746,lt,Muzruplu
334160636,4339749,lt,Mutluca
334160713,4339750,lt,Mutlu
334161098,4339755,lt,Musulca
334161175,4339756,lt,Mustecep
334161252,4339757,lt,Mustecep
334161406,4339759,lt,Mustakimler
334161483,4339760,lt,Mustafakemalpasa
334161791,4339764,lt,Muslubey
334161868,4339765,lt,Muslu
334161945,4339766,lt,Muslimler
334162022,4339767,lt,Mismilagac
334162176,4339769,lt,Yakaboyu
334162253,4339770,lt,Sariyonca
334162330,4339771,lt,Musellimler
334162407,4339772,lt,Musellim
334162484,4339773,lt,Musellim
334162561,4339774,lt,Musellim
334162638,4339775,lt,Musellim
334162715,4339776,lt,Musellim
334162792,4339777,lt,Musellim
334162869,4339778,lt,Musasofular
334162946,4339779,lt,Musallar
334163100,4339781,lt,Musullar
334163177,4339782,lt,Musakoey
334163254,4339783,lt,Musakoey
334163331,4339784,lt,Musakoey
334163408,4339785,lt,Musakoey
334163562,4339787,lt,Musatanisman
334163639,4339788,lt,Musadagi
334163716,4339789,lt,Musabeyli
334163793,4339790,lt,Musaaga
334163870,4339791,lt,Kizilkese
334164024,4339793,lt,Mursitali
334164101,4339794,lt,Murseller
334164178,4339795,lt,Mursel
334164255,4339796,lt,Mursel
334164332,4339797,lt,Mursalli
334164409,4339798,lt,Mursal
334164486,4339799,lt,Demirciler
334164563,4339800,lt,Firincik
334164717,4339802,lt,Murefte
334164794,4339803,lt,Kislakoey
334164871,4339804,lt,Muratoba
334164948,4339805,lt,Muratli
334165102,4339807,lt,Muratli
334165179,4339808,lt,Muratli
334165256,4339809,lt,Muratli
334165333,4339810,lt,Muratli
334165410,4339811,lt,Muratbey
334165487,4339812,lt,Muratlar
334165564,4339813,lt,Muratlar
334165641,4339814,lt,Muratkolu
334165718,4339815,lt,Muratcali
334165872,4339817,lt,Muratbeyli
334165949,4339818,lt,Muratbey
334166026,4339819,lt,Muratbagi
334166103,4339820,lt,Muradiyemengencik
334166180,4339821,lt,Muradiye
334166257,4339822,lt,Muradiye
334166565,4339826,lt,Muncurlu
334166642,4339827,lt,Muelkkoey
334166719,4339828,lt,Muelkkoey
334166796,4339829,lt,Muelkkoey
334166873,4339830,lt,Muelkkoey
334166950,4339831,lt,Mulayim
334167104,4339833,lt,Yolac
334167258,4339835,lt,Muhsinler
334167335,4339836,lt,Oztoprak
334167412,4339837,lt,Muharremsah
334167489,4339838,lt,Sirinkoey
334167566,4339839,lt,Mueftueleris
334167643,4339840,lt,Kayabogazi
334167720,4339841,lt,Mueftueleris
334167797,4339842,lt,Mufettisler
334167874,4339843,lt,Muezzinler
334167951,4339844,lt,Muezzinler
334168028,4339845,lt,Demircimuezzin
334168105,4339846,lt,Mudurnu
334168182,4339847,lt,Karsikent
334168259,4339848,lt,Guendoganas
334168336,4339849,lt,Mudanja
334168413,4339850,lt,Muallim
334168567,4339852,lt,Muallim
334168721,4339854,lt,Morkaya
334169029,4339858,lt,Mollamustafa
334169183,4339860,lt,Mollakoey
334169337,4339862,lt,Mollaismail
334169414,4339863,lt,Mollahasan
334169491,4339864,lt,Bostanci
334169568,4339865,lt,Yaroren
334169645,4339866,lt,Kuecuekkoey
334169799,4339868,lt,Miyadinas
334169953,4339870,lt,Kirazkoey
334170030,4339871,lt,Mislerovacigi
334170107,4339872,lt,Misirlik
334170184,4339873,lt,Kemalkoey
334170261,4339874,lt,Misinli
334170338,4339875,lt,Atyolu
334170415,4339876,lt,Misakca
334170569,4339878,lt,Mircekiraz
334170800,4339881,lt,Kadiyusuf
334170877,4339882,lt,Mimarsinan
334171031,4339884,lt,Dumantepe
334171416,4339889,lt,Mihalgazi
334171647,4339892,lt,Mezraa
334171724,4339893,lt,Mezraa
334171878,4339895,lt,Yesilkoey
334172032,4339897,lt,Mezraa
334172109,4339898,lt,Kaledibi
334172186,4339899,lt,Dervisli
334172263,4339900,lt,Dervisli
334172340,4339901,lt,Bascakmak
334172417,4339902,lt,Hocalar
334172494,4339903,lt,Meyildere
334172648,4339905,lt,Doruklu
334172879,4339908,lt,Meydankobaca
334172956,4339909,lt,Meydancik
334173033,4339910,lt,Meydancik
334173110,4339911,lt,Kalkandere
334173495,4339916,lt,Mesudiye
334173572,4339917,lt,Mesudiye
334173649,4339918,lt,Mesudiye
334173726,4339919,lt,Mesudiye
334173803,4339920,lt,Mesudiye
334173957,4339922,lt,Mestanlar
334174034,4339923,lt,Mesruriye
334174111,4339924,lt,Mesrurija
334174188,4339925,lt,Mesrurija
334174265,4339926,lt,Mesepinar
334174496,4339929,lt,Meseliciftligikoeyue
334174573,4339930,lt,Meseli
334174650,4339931,lt,Meseli
334174727,4339932,lt,Meseli
334174804,4339933,lt,Mesekoy
334174881,4339934,lt,Mesekoy
334174958,4339935,lt,Mesedibi
334175266,4339939,lt,Mescit
334175343,4339940,lt,Mescit
334175420,4339941,lt,Mescit
334175497,4339942,lt,Mescit
334175574,4339943,lt,Ahmetbey
334175651,4339944,lt,Subasi
334175728,4339945,lt,Merzifonas
334175805,4339946,lt,Erkoy
334175959,4339948,lt,Meryemkoy
334176113,4339950,lt,Mertekli
334176190,4339951,lt,Mersinkoey
334176344,4339953,lt,Kasnakcimermer
334176575,4339956,lt,Mericas
334176729,4339958,lt,Mericas
334176806,4339959,lt,Duzagac
334176960,4339961,lt,Mercimekoey
334177037,4339962,lt,Erdemli
334177114,4339963,lt,Mercimekoey
334177191,4339964,lt,Mercan
334177268,4339965,lt,Menuk
334177345,4339966,lt,Mentese
334177422,4339967,lt,Kapanci
334177576,4339969,lt,Mengen
334177653,4339970,lt,Mengenas
334177807,4339972,lt,Meneksesofular
334177961,4339974,lt,Sevimli
334178038,4339975,lt,Mendemecukuru
334178269,4339978,lt,Mencekli
334178346,4339979,lt,Memnuniye
334178731,4339984,lt,Memikli
334178808,4339985,lt,Memeceler
334178885,4339986,lt,Merdanalis
334178962,4339987,lt,Yaltkaya
334179039,4339988,lt,Meliksah
334179116,4339989,lt,Meliksah
334179193,4339990,lt,Melikli
334179270,4339991,lt,Melikkoyu
334179347,4339992,lt,Kama
334179424,4339993,lt,Bekiroglu
334179501,4339994,lt,Melenagzi
334179578,4339995,lt,Melen
334179732,4339997,lt,Meleksesolak
334179809,4339998,lt,Guezelyayla
334179886,4339999,lt,Derinpinar
334179963,4340000,lt,Altinkaja
334180040,4340001,lt,Mekece
334180348,4340005,lt,Mehmetbeyli
334180579,4340008,lt,Medetli
334180656,4340009,lt,Mecitoezue
334180733,4340010,lt,Gorpe
334180810,4340011,lt,Mecidiyekavak
334180887,4340012,lt,Mecidiye
334180964,4340013,lt,Mecidiye
334181041,4340014,lt,Mecidiye
334181118,4340015,lt,Mecidiye
334181195,4340016,lt,Mecidiye
334181272,4340017,lt,Mecidiye
334181349,4340018,lt,Mecidiye
334181426,4340019,lt,Mazlumoglu
334181503,4340020,lt,Marasal Fevzi Cakmak
334181580,4340021,lt,Saraclar
334181657,4340022,lt,Mayislar
334181734,4340023,lt,Mataraci
334181811,4340024,lt,Cakilli
334181888,4340025,lt,Masra
334181965,4340026,lt,Kizlarkale
334182119,4340028,lt,Kiyicik
334182196,4340029,lt,Masat
334182273,4340030,lt,Beyalan
334182350,4340031,lt,Marufalinca
334182427,4340032,lt,Marufas
334182504,4340033,lt,Culhali
334182581,4340034,lt,Martkoy
334182658,4340035,lt,Marmara Ereglisi
334182735,4340036,lt,Marmara
334182812,4340037,lt,Marmara
334182889,4340038,lt,Marmara
334183043,4340040,lt,Cagli
334183120,4340041,lt,Marasli
334183197,4340042,lt,Maralkoy
334183351,4340044,lt,Manyas
334183582,4340047,lt,Karaagacli
334183736,4340049,lt,Muallim
334183813,4340050,lt,Buyuk Mandira
334183890,4340051,lt,Tayakadin
334183967,4340052,lt,Mancilik
334184198,4340055,lt,Manas
334184275,4340056,lt,Mamatlar
334184352,4340057,lt,Sivritepė
334184506,4340059,lt,Goezsuezlue
334184583,4340060,lt,Goezsuezlue
334184660,4340061,lt,Goezsuezlue
334184737,4340062,lt,Malli
334184814,4340063,lt,Malkoclar
334184891,4340064,lt,Malkoc
334185045,4340066,lt,Malkara
334185199,4340068,lt,Gevencli
334185276,4340069,lt,Korubuekue
334185353,4340070,lt,Makriyan
334185430,4340071,lt,Makriyan
334185507,4340072,lt,Makriyan
334185584,4340073,lt,Makriyan
334185661,4340074,lt,Aykutkoey
334185738,4340075,lt,Maksutcuk
334185815,4340076,lt,Maksudiye
334185892,4340077,lt,Maksempinari
334186046,4340079,lt,Makmudiye
334186123,4340080,lt,Makaraci
334186200,4340081,lt,Mahramli
334186277,4340082,lt,Mahmuttiri
334186354,4340083,lt,Mahmutsevketpasa
334186662,4340087,lt,Mahmutoglu
334186739,4340088,lt,Mahmutoglan
334186816,4340089,lt,Mahmutlu
334186893,4340090,lt,Mahmutlu
334186970,4340091,lt,Mahmutlu
334187047,4340092,lt,Mahmutlu
334187124,4340093,lt,Mahmutlu
334187278,4340095,lt,Mahmutlaras
334187355,4340096,lt,Mahmutkoy
334187509,4340098,lt,Mahmutcavus
334187586,4340099,lt,Mahmutbeyli
334187663,4340100,lt,Karsikoy
334187740,4340101,lt,Mahmutbey
334187971,4340104,lt,Mahmudiye
334188048,4340105,lt,Mahmudiye
334188202,4340107,lt,Mahmudiye
334188279,4340108,lt,Mahmatli
334188356,4340109,lt,Mahmatlar
334188433,4340110,lt,Mahkemeagcin
334188510,4340111,lt,Mahirbey
334188587,4340112,lt,Mahbubeler
334188741,4340114,lt,Magara
334189049,4340118,lt,Madenleris
334189126,4340119,lt,Madenleris
334189203,4340120,lt,Madenleris
334189280,4340121,lt,Yaylabeli
334189357,4340122,lt,Madenleris
334189511,4340124,lt,Madenkoey
334189588,4340125,lt,Madenkoey
334189742,4340127,lt,Madenkoey
334189819,4340128,lt,Madenkoey
334190050,4340131,lt,Suetluece
334190127,4340132,lt,Macun
334190204,4340133,lt,Macra
334190281,4340134,lt,Macarlar
334190358,4340135,lt,Lutfiye
334190512,4340137,lt,Luleburgazas
334190743,4340140,lt,Guroluk
334190820,4340141,lt,Dutlu
334190974,4340143,lt,Yassikaya
334191051,4340144,lt,Limankoy
334191128,4340145,lt,Limanas
334191205,4340146,lt,Limandere
334191359,4340148,lt,OEzyurt
334191590,4340151,lt,Latifli
334191667,4340152,lt,Kopruyani
334191744,4340153,lt,Lapsekis
334191821,4340154,lt,Lapa
334191898,4340155,lt,Laloglu
334191975,4340156,lt,Laleli
334192052,4340157,lt,Laledere
334192129,4340158,lt,Lalapasa
334192206,4340159,lt,Lalacik
334192360,4340161,lt,Lahna
334192514,4340163,lt,Pinaroenue
334192591,4340164,lt,Doertyol
334192668,4340165,lt,Ladik
334192745,4340166,lt,Lacin
334192822,4340167,lt,Lacin
334192899,4340168,lt,Kuzyakakoseler
334193053,4340170,lt,Kuzyaka
334193130,4340171,lt,Ermelik
334193284,4340173,lt,Kuzupinari
334193361,4340174,lt,Findikkoey
334193515,4340176,lt,Kuzulu
334193746,4340179,lt,Kuzucular
334193823,4340180,lt,Kuzucu
334193900,4340181,lt,Kuzucak
334193977,4340182,lt,Kuzalan
334194054,4340183,lt,Kuscular
334194131,4340184,lt,Kuzorenemirler
334194362,4340187,lt,Kuzoren
334194439,4340188,lt,Kuzoren
334194516,4340189,lt,Kuzkoey
334194593,4340190,lt,Kuzluk
334194670,4340191,lt,Kuzkoey
334194901,4340194,lt,Baltaci Mehmetpasa
334194978,4340195,lt,Halilusagi
334195132,4340197,lt,Kuzkoey
334195209,4340198,lt,Kuzkoey
334195440,4340201,lt,Sucati
334195671,4340204,lt,Dueguenyurdu
334195748,4340205,lt,Dueguenyurdu
334195825,4340206,lt,Kuzgolcuk
334195902,4340207,lt,Kuzgol
334195979,4340208,lt,Kuzdere
334196056,4340209,lt,Kuzfindik
334196133,4340210,lt,Kuzdere
334196210,4340211,lt,Alibey
334196287,4340212,lt,Kuzalan
334196364,4340213,lt,Bueyuekderbent
334196441,4340214,lt,Kuzalan
334196595,4340216,lt,Kuzalan
334196826,4340219,lt,Kuyupinaras
334196903,4340220,lt,Kuyupinaras
334197057,4340222,lt,Kuyumcular
334197134,4340223,lt,Kuyumculu
334197211,4340224,lt,Kuyumcular
334197288,4340225,lt,Serintepe
334197365,4340226,lt,Kuyumcular
334197442,4340227,lt,Kuyumcu
334197519,4340228,lt,Kuyumcukoey
334197673,4340230,lt,Dilaver
334197750,4340231,lt,Kuyucuk
334197904,4340233,lt,Calkuyucak
334197981,4340234,lt,Calkuyucak
334198058,4340235,lt,Calkuyucak
334198135,4340236,lt,Calkuyucak
334198212,4340237,lt,Calkuyucak
334198289,4340238,lt,Calkuyucak
334198443,4340240,lt,Kucukyenice
334198597,4340242,lt,Kuytul
334198674,4340243,lt,Kuytuca
334198751,4340244,lt,Kuylus
334198828,4340245,lt,Kuyluca
334198905,4340246,lt,Kuyas
334199059,4340248,lt,Beyazkaya
334199136,4340249,lt,Kutu
334199367,4340252,lt,Yesiller
334199444,4340253,lt,Kuetuekkoey
334199675,4340256,lt,Kutluoren
334199829,4340258,lt,Kutlukent
334199983,4340260,lt,Kutlugun
334200060,4340261,lt,Kutluca
334200137,4340262,lt,Kutluca
334200214,4340263,lt,Kutluca
334200291,4340264,lt,Kutluca
334200368,4340265,lt,Kutluca
334200445,4340266,lt,Kutluca
334200522,4340267,lt,Kutlubeytabaklar
334200599,4340268,lt,Kutlu
334200676,4340269,lt,Kuten
334200753,4340270,lt,Guezelyurt
334200830,4340271,lt,Ipekci
334200984,4340273,lt,Kussaray
334201061,4340274,lt,Kusoturagi
334201138,4340275,lt,Kusluk
334201369,4340278,lt,Kuskunlu
334201446,4340279,lt,Kozkoy
334201523,4340280,lt,Kuskoy
334201600,4340281,lt,Kuskonagi
334201677,4340282,lt,Kuskan Yaylasi
334201754,4340283,lt,Kuskara
334201908,4340285,lt,Basoba
334201985,4340286,lt,Camliduz
334202062,4340287,lt,Basoba
334202139,4340288,lt,Kuscuoren
334202216,4340289,lt,Kuscuoren
334202293,4340290,lt,Kusculu
334202370,4340291,lt,Cigdemkoey
334202447,4340292,lt,Kusculu
334202524,4340293,lt,Epceler
334202601,4340294,lt,Kuscular
334202678,4340295,lt,Kuscular
334202755,4340296,lt,Kuscular
334202832,4340297,lt,Kuscular
334202909,4340298,lt,Kuscu
334202986,4340299,lt,Kuscu
334203063,4340300,lt,Kuscayiri
334203140,4340301,lt,Kuscali
334203217,4340302,lt,Kusca
334203294,4340303,lt,Kusca
334203602,4340307,lt,Kurusaray
334203679,4340308,lt,Kurusaray
334203756,4340309,lt,Kurusaray
334203833,4340310,lt,Kuruoeren
334203910,4340311,lt,Gokkaya
334203987,4340312,lt,Kuruoba
334204141,4340314,lt,Koruoba
334204218,4340315,lt,Kurumese
334204372,4340317,lt,Kurukavak
334204449,4340318,lt,Kuruguney
334204526,4340319,lt,Kurugol
334204603,4340320,lt,Kurugol
334204680,4340321,lt,Kurugeris
334204757,4340322,lt,Kurudil
334204834,4340323,lt,Kurudere
334204911,4340324,lt,Kurudere
334204988,4340325,lt,Kurudere
334205142,4340327,lt,Kurucesme
334205219,4340328,lt,Altinkaja
334205296,4340329,lt,Kurucay
334205373,4340330,lt,Kurucay
334205450,4340331,lt,Albayrak
334205527,4340332,lt,Kurucay
334205604,4340333,lt,Kurucay
334205681,4340334,lt,Kurucay
334205758,4340335,lt,Kurucasile
334205912,4340337,lt,Kurucam
334206066,4340339,lt,Kurucali
334206297,4340342,lt,Kuruca
334206374,4340343,lt,Derebasi
334206451,4340344,lt,Yenigunler
334206528,4340345,lt,Kourtere
334206605,4340346,lt,Kuertuellue
334206682,4340347,lt,Kurtulmus
334206759,4340348,lt,Kuertuellue
334206836,4340349,lt,Kurtul
334206913,4340350,lt,Kurttepe
334206990,4340351,lt,Kurtulus
334207067,4340352,lt,Kurtoglu
334207144,4340353,lt,Kurtoglu
334207375,4340356,lt,Yazilgurgen
334207452,4340357,lt,Kurtlu
334207606,4340359,lt,Kartaloglu
334207837,4340362,lt,Kurkukler
334207914,4340363,lt,Kurtlapa
334208068,4340365,lt,Kurtkoy
334208145,4340366,lt,Kurtkoy
334208222,4340367,lt,Kurtkoy
334208376,4340369,lt,Incigez
334208684,4340373,lt,Kurtkoy
334208761,4340374,lt,Camlica
334208838,4340375,lt,Kurtkoy
334208992,4340377,lt,Kurtkayi
334209069,4340378,lt,Kurtkale
334209146,4340379,lt,Kurtdogmus
334209223,4340380,lt,Kurtdere
334209300,4340381,lt,Kurtdere
334209377,4340382,lt,Kurtcular
334209454,4340383,lt,Avlagicayiri
334209531,4340384,lt,Kurtbogaz
334209608,4340385,lt,Kurutepė
334209685,4340386,lt,Ballica
334209762,4340387,lt,Bezendi
334209839,4340388,lt,Kurtagili
334209916,4340389,lt,Kurt
334209993,4340390,lt,Kursunlu
334210070,4340391,lt,Kursunlu
334210147,4340392,lt,Kursunlu
334210224,4340393,lt,Kursunlu
334210301,4340394,lt,Kursunlu
334210378,4340395,lt,Kursunlu
334210455,4340396,lt,Kursunlu
334210532,4340397,lt,Kursunlu
334210609,4340398,lt,Kursunlu
334210917,4340402,lt,Kurnuc
334210994,4340403,lt,Kurnaz
334211071,4340404,lt,Kuerkcue
334211148,4340405,lt,Nadirli
334211225,4340406,lt,Kuerkcue
334211302,4340407,lt,Kuerkcue
334211379,4340408,lt,Kuerkcue
334211456,4340409,lt,Kuerkcue
334211533,4340410,lt,Kalemkoey
334211610,4340411,lt,Kurekdere
334211764,4340413,lt,Kuere
334211841,4340414,lt,Kuere
334211918,4340415,lt,Kuere
334211995,4340416,lt,Kuere
334212149,4340418,lt,Kurdu
334212226,4340419,lt,Jenikojus
334212303,4340420,lt,Akseyh
334212380,4340421,lt,Kurbanpinari
334212457,4340422,lt,Kurbancayiri
334212534,4340423,lt,Kurbancayiri
334212611,4340424,lt,Kurbagli
334212688,4340425,lt,Ovacalis
334212765,4340426,lt,Koclar
334212842,4340427,lt,Kuepluece
334212919,4340428,lt,Kuepluece
334213150,4340431,lt,Kueplue
334213227,4340432,lt,Kueplue
334213304,4340433,lt,Kueplue
334213381,4340434,lt,Yurekveren
334213458,4340435,lt,Kupler
334213612,4340437,lt,Ambaroezue
334213843,4340440,lt,Kupecik
334213997,4340442,lt,Kuepluece
334214074,4340443,lt,Kunduzlu
334214151,4340444,lt,Kunduzagili
334214228,4340445,lt,Kuncegiz
334214305,4340446,lt,Kumyaka
334214382,4340447,lt,Kumtarla
334214459,4340448,lt,Kumrular
334214536,4340449,lt,Kumru
334214613,4340450,lt,Kumral
334214690,4340451,lt,Kumluyazi
334214767,4340452,lt,Kumluca
334214921,4340454,lt,Kumluca
334214998,4340455,lt,Kumluca
334215075,4340456,lt,Kumkoy
334215152,4340457,lt,Kumkoy
334215229,4340458,lt,Kumkoy
334215306,4340459,lt,Kumkoy
334215383,4340460,lt,Kumkadi
334215460,4340461,lt,Kumesler
334215537,4340462,lt,Cilekce
334215614,4340463,lt,Kumdere
334215691,4340464,lt,Kumcuk
334215768,4340465,lt,Kumceltigi
334215922,4340467,lt,Kuembetlis
334215999,4340468,lt,Kuembetli
334216076,4340469,lt,Kuembetli
334216153,4340470,lt,Kumbet
334216230,4340471,lt,Kumbet
334216307,4340472,lt,Kumbet
334216384,4340473,lt,Koumibara
334216461,4340474,lt,Kumbaba
334216538,4340475,lt,Kumartas
334216692,4340477,lt,Kumarli
334216769,4340478,lt,Kumarlar
334216846,4340479,lt,Kumanlar
334216923,4340480,lt,Korakas
334217000,4340481,lt,Kulveren
334217077,4340482,lt,Kulveren
334217231,4340484,lt,Kuellue
334217308,4340485,lt,Kuellue
334217462,4340487,lt,Kuellue
334217539,4340488,lt,Kuelhueyuek
334217616,4340489,lt,Kuletek
334217693,4340490,lt,Kuleli
334217770,4340491,lt,Kulekcili
334217847,4340492,lt,Kulefli
334217924,4340493,lt,Kulef
334218001,4340494,lt,Toyfanli
334218155,4340496,lt,Kulakkoey
334218232,4340497,lt,Kulakli
334218309,4340498,lt,Kulakkoey
334218386,4340499,lt,Kulah
334218463,4340500,lt,Kulah
334218540,4340501,lt,Kulacadag
334218617,4340502,lt,Kulaca
334218694,4340503,lt,Kuekuertlue
334218771,4340504,lt,Kuekuertlue
334218848,4340505,lt,Kizil Kukurt
334219002,4340507,lt,Kukunat
334219079,4340508,lt,Sivrikale
334219156,4340509,lt,Armutlu
334219233,4340510,lt,Kudresen
334219387,4340512,lt,Kudresen
334219464,4340513,lt,Kucuk Yusuf
334219541,4340514,lt,Kucukyoncali
334219695,4340516,lt,Kucukyenice
334219772,4340517,lt,Kucukyenice
334219849,4340518,lt,Kucukyayla
334219926,4340519,lt,Kucukyakali
334220157,4340522,lt,Kuecuek Suetluece
334220311,4340524,lt,Kuecueksu
334220388,4340525,lt,Kuecueksu
334220465,4340526,lt,Kuecueksu
334220542,4340527,lt,Kuecueksu
334220696,4340529,lt,Kuecuekoeguenlue
334220773,4340530,lt,Kuecueklue
334220850,4340531,lt,Kuecueklue
334220927,4340532,lt,Kuecueklue
334221004,4340533,lt,Kuecueklue
334221081,4340534,lt,Kucukkumla
334221235,4340536,lt,Incecay
334221312,4340537,lt,Kucuk Orucuk
334221389,4340538,lt,Kucuk Konak
334221466,4340539,lt,Yesilyurt
334221543,4340540,lt,Kucukkisla
334221620,4340541,lt,Uzunkirac
334221697,4340542,lt,Kucuk Kilicli
334221774,4340543,lt,Kuecuekkarayuen
334221928,4340545,lt,Kuecuekkarayuen
334222005,4340546,lt,Kucukkarakarli
334222082,4340547,lt,Kuecuekkaraagac
334222159,4340548,lt,Kucukhirka
334222236,4340549,lt,Kucukhidir
334222313,4340550,lt,Kucukhatapli
334222390,4340551,lt,Kucukhacibey
334222544,4340553,lt,Kucuk Geris
334222621,4340554,lt,Kucukevren
334222698,4340555,lt,Kucukerikli
334222775,4340556,lt,Kuecuek Gueney
334222852,4340557,lt,Kuecuekduevenci
334222929,4340558,lt,Kucuk Durduran
334223006,4340559,lt,Kucukdona
334223083,4340560,lt,Kucukdolluk
334223160,4340561,lt,Kucukdoganca
334223237,4340562,lt,Kucukdoganca
334223391,4340564,lt,Kuecuek Danisment
334223468,4340565,lt,Kuecuek Danisment
334223622,4340567,lt,Kuecuek Danisment
334223699,4340568,lt,Cukur
334223776,4340569,lt,Kuecuekkuerne
334223930,4340571,lt,Kuecuekcit
334224007,4340572,lt,Kuecuekcekmece
334224084,4340573,lt,Kuecuekbolatas
334224161,4340574,lt,Kucuk Catak
334224238,4340575,lt,Kuecuekbolat
334224315,4340576,lt,Kucukbogaz
334224392,4340577,lt,Kucuk Bogatepe
334224546,4340579,lt,Kucukbakkalkoy
334224623,4340580,lt,Kucukbaglar
334224700,4340581,lt,Kuekuertlue
334224777,4340582,lt,Kucukanafarta
334224854,4340583,lt,Kucuk Altinbulak
334224931,4340584,lt,Kucukaltiagac
334225085,4340586,lt,Kucukakcakese
334225162,4340587,lt,Kucukafsar
334225239,4340588,lt,Kozyueruek
334225316,4340589,lt,Daglica
334225393,4340590,lt,Kozyueruek
334225624,4340593,lt,Belenyurt
334225701,4340594,lt,Kozoren
334225778,4340595,lt,Kozoren
334225932,4340597,lt,Kozluoeren
334226009,4340598,lt,Kozlukoy
334226163,4340600,lt,Kozluguney
334226471,4340604,lt,Godekli
334226548,4340605,lt,Kozluca
334226625,4340606,lt,Kozluca
334226779,4340608,lt,Kozluca
334226856,4340609,lt,Kozlu
334226933,4340610,lt,Sogukpinaras
334227010,4340611,lt,Sogukpinaras
334227087,4340612,lt,Sogukpinaras
334227164,4340613,lt,Sogukpinaras
334227241,4340614,lt,Sogukpinaras
334227318,4340615,lt,Sogukpinaras
334227395,4340616,lt,Akpinaras
334227472,4340617,lt,Kozkule
334227626,4340619,lt,Kozkoy
334227703,4340620,lt,Atakoey
334228011,4340624,lt,Kozdere
334228088,4340625,lt,Kozdere
334228165,4340626,lt,Kozcugaz
334228242,4340627,lt,Kozcesme
334228319,4340628,lt,Kozcagiz
334228396,4340629,lt,Kozcagiz
334228473,4340630,lt,Kozayagi
334228550,4340631,lt,Kozansiki
334228627,4340632,lt,Kozanli
334228704,4340633,lt,Kozanli
334228781,4340634,lt,Kozan
334228935,4340636,lt,Kozahoras
334229012,4340637,lt,Tarakci
334229089,4340638,lt,Kozahoras
334229320,4340641,lt,Kozagac
334229551,4340644,lt,Akcaalan
334229628,4340645,lt,Koyunyurdu
334229705,4340646,lt,Koyunyeri
334229782,4340647,lt,Koyunyeri
334229859,4340648,lt,Koyuntepe
334229936,4340649,lt,Koyunpinari
334230013,4340650,lt,Koyunoren
334230090,4340651,lt,Koyunoglu
334230167,4340652,lt,Koyunlu
334230244,4340653,lt,Koyunlu
334230321,4340654,lt,Koyunkirtik
334230475,4340656,lt,Koyunculu
334230552,4340657,lt,Koyuncular
334230629,4340658,lt,Koyuncular
334230706,4340659,lt,Koyuncu
334230783,4340660,lt,Koyunbaba
334230860,4340661,lt,Koyunbaba
334230937,4340662,lt,Koyunkoy
334231014,4340663,lt,Koyulhisar
334231091,4340664,lt,Hisarkoey
334231245,4340666,lt,Hisarkoey
334231322,4340667,lt,Koeycuek
334231399,4340668,lt,Koycegiz
334231476,4340669,lt,Koycegiz
334231553,4340670,lt,Koybucagi
334231707,4340672,lt,Kirobasi
334231861,4340674,lt,Kojunpinari
334231938,4340675,lt,Kovanoren
334232015,4340676,lt,Kovanlikas
334232092,4340677,lt,Kovanli
334232169,4340678,lt,Kovanci
334232246,4340679,lt,Kovali
334232323,4340680,lt,Kirikguney
334232477,4340682,lt,Kovacayir
334232554,4340683,lt,Inanmis
334232631,4340684,lt,Koteyli
334232785,4340686,lt,Kotek
334232862,4340687,lt,Kotanli
334233016,4340689,lt,Kobanoezue
334233093,4340690,lt,Koesuere
334233170,4340691,lt,Kosubogazi
334233247,4340692,lt,Bogazoeren
334233324,4340693,lt,Koesrelikkizigi
334233478,4340695,lt,Koesrelikkizigi
334233555,4340696,lt,Koeserecikas
334233632,4340697,lt,Koeserecikas
334233786,4340699,lt,Kosmusat
334233940,4340701,lt,Kosmusat
334234017,4340702,lt,Kosmapinar
334234171,4340704,lt,Koeskkoey
334234325,4340706,lt,Koeskkoey
334234402,4340707,lt,Koseyolu
334234479,4340708,lt,Koseyakasi
334234633,4340710,lt,Koesereli
334234710,4340711,lt,Koeseoemeris
334234864,4340713,lt,Oguzeli
334234941,4340714,lt,Koeseoglu
334235018,4340715,lt,Citkoey
334235095,4340716,lt,Koeseoglu
334235172,4340717,lt,Kosen
334235249,4340718,lt,Kosemen
334235326,4340719,lt,Kosemehmet
334235480,4340721,lt,Koseli
334235557,4340722,lt,Koesekoey
334235634,4340723,lt,Koseli
334235788,4340725,lt,Koseli
334235865,4340726,lt,Koseli
334235942,4340727,lt,Dikmetas
334236019,4340728,lt,Koeseris
334236173,4340730,lt,Koeseris
334236250,4340731,lt,Koeseris
334236327,4340732,lt,Koeseris
334236404,4340733,lt,Koeseris
334236481,4340734,lt,Koeseris
334236558,4340735,lt,Koeseris
334236789,4340738,lt,Seyhoglu
334236866,4340739,lt,Killik
334237020,4340741,lt,Iskelekoey
334237097,4340742,lt,Koesekoey
334237174,4340743,lt,Turbe
334237328,4340745,lt,Koseilyas
334237405,4340746,lt,Kosedurak
334237482,4340747,lt,Kuskan Yaylasi
334237559,4340748,lt,Kosedik
334237713,4340750,lt,Koese
334237790,4340751,lt,Koesali
334237867,4340752,lt,Koese
334237944,4340753,lt,Kosapinar
334238021,4340754,lt,Kosapinar
334238098,4340755,lt,Kosa
334238175,4340756,lt,Kosa
334238252,4340757,lt,Kosa
334238329,4340758,lt,Koruluk
334238483,4340760,lt,Korukoey
334238560,4340761,lt,Korukoey
334238637,4340762,lt,Korukoey
334238714,4340763,lt,Korukoey
334238868,4340765,lt,Koruklu
334238945,4340766,lt,Korucular
334239099,4340768,lt,Korucak
334239253,4340770,lt,Korucukas
334239330,4340771,lt,Korucu
334239484,4340773,lt,Korucu
334239638,4340775,lt,Gaziosmanpasa
334239715,4340776,lt,Korubasi
334239792,4340777,lt,Korubasi
334239869,4340778,lt,Korukoey
334239946,4340779,lt,Koru
334240100,4340781,lt,Korpeagac
334240177,4340782,lt,Koroglu
334240254,4340783,lt,Koroglu
334240331,4340784,lt,Koroglu
334240562,4340787,lt,Tuzlatasi
334240639,4340788,lt,Kornapa
334240716,4340789,lt,Koerkue
334240870,4340791,lt,Koerkue
334240947,4340792,lt,Pazaroenue
334241101,4340794,lt,Korgun
334241178,4340795,lt,Korganas
334241332,4340797,lt,Korcullu
334241486,4340799,lt,Koeprueoeren
334241563,4340800,lt,Kopuklu
334241717,4340802,lt,Kopruyaka
334241794,4340803,lt,Koepruelue
334241948,4340805,lt,Koepruelue
334242025,4340806,lt,Koepruecuek
334242102,4340807,lt,Koepruecue
334242179,4340808,lt,Koepruecuek
334242256,4340809,lt,Koepruecue
334242333,4340810,lt,Koepruecek
334242410,4340811,lt,Koepruebasi
334242564,4340813,lt,Koepruebasi
334242641,4340814,lt,Koepruebasi
334242718,4340815,lt,Koepruebasi
334242795,4340816,lt,Koepruebasi
334242872,4340817,lt,Koepruebasi
334242949,4340818,lt,Koepruebasi
334243026,4340819,lt,Koepruebasi
334243103,4340820,lt,Koprualan
334243334,4340823,lt,Sahinleris
334243411,4340824,lt,Bekdemireksi
334243488,4340825,lt,Sarialan
334243565,4340826,lt,Kopkoy
334243642,4340827,lt,Konursu
334243719,4340828,lt,Konuralp
334243796,4340829,lt,Konuktepe
334243873,4340830,lt,Konukluk
334243950,4340831,lt,Konuklu
334244027,4340832,lt,Konuklu
334244104,4340833,lt,Konk
334244258,4340835,lt,Konk
334244335,4340836,lt,Gulen
334244412,4340837,lt,Konari
334244489,4340838,lt,Konakyeri
334244566,4340839,lt,Konakoren
334244643,4340840,lt,Konakli
334244720,4340841,lt,Konakli
334244797,4340842,lt,Konakli
334244874,4340843,lt,Konakli
334245105,4340846,lt,Konakli
334245336,4340849,lt,Konakas
334245413,4340850,lt,Konakas
334245490,4340851,lt,Konacik
334245567,4340852,lt,Konacik
334245644,4340853,lt,Konaca
334245721,4340854,lt,Duez
334245798,4340855,lt,Koemuerluek
334245875,4340856,lt,Koemuerkoey
334245952,4340857,lt,Koemuerlue
334246029,4340858,lt,Koemuercueleris
334246183,4340860,lt,Koemuercueler
334246260,4340861,lt,Komsupinar
334246337,4340862,lt,Komsular
334246414,4340863,lt,Kompur
334246491,4340864,lt,Damarlitas
334246645,4340866,lt,Komec
334246722,4340867,lt,Kirkgozeler
334246799,4340868,lt,Komanas
334247030,4340871,lt,Kolkoey
334247107,4340872,lt,Kolkoey
334247184,4340873,lt,Kiyicik
334247261,4340874,lt,Asagi Ilipinar
334247492,4340877,lt,Koldere
334247646,4340879,lt,Kolay
334247723,4340880,lt,Kolay
334247800,4340881,lt,Sularbasi
334247954,4340883,lt,Yesilyurt
334248031,4340884,lt,Koknar
334248108,4340885,lt,Kokluyurt
334248185,4340886,lt,Koekluece
334248262,4340887,lt,Koekluece
334248339,4340888,lt,Koekluece
334248416,4340889,lt,Koekluece
334248493,4340890,lt,Koekluece
334248570,4340891,lt,Koeklue
334248647,4340892,lt,Koeklue
334248801,4340894,lt,Koklen
334248878,4340895,lt,Koeke
334249032,4340897,lt,Saltukova
334249186,4340899,lt,Cakmakli
334249263,4340900,lt,Koguns
334249340,4340901,lt,Kofcaz
334249417,4340902,lt,Kocyurdu
334249571,4340904,lt,Kocumlar
334249648,4340905,lt,Kocullu
334249725,4340906,lt,Kocubaba
334249802,4340907,lt,Kocu
334249879,4340908,lt,Koclu
334249956,4340909,lt,Kockoy
334250033,4340910,lt,Kockaya
334250110,4340911,lt,Kockans
334250187,4340912,lt,Kochisar
334250264,4340913,lt,Kuerikas
334250418,4340915,lt,Kocekli
334250572,4340917,lt,Buekkoey
334250803,4340920,lt,Kocbayir
334250880,4340921,lt,Kocayokus
334250957,4340922,lt,Kocayazi
334251034,4340923,lt,Kocayayla
334251111,4340924,lt,Kocaveli
334251188,4340925,lt,Kocadoengel
334251265,4340926,lt,Kocatepe
334251342,4340927,lt,Kocatarla
334251496,4340929,lt,Kocas
334251573,4340930,lt,Qojar
334251650,4340931,lt,Kocapinar
334251727,4340932,lt,Ahat
334251804,4340933,lt,Kocaoglu
334251881,4340934,lt,Kocanli
334251958,4340935,lt,Kocaman
334252112,4340937,lt,Kocalar
334252266,4340939,lt,Dokumacilar
334252420,4340941,lt,Kocalar
334252574,4340943,lt,Cengeller
334252651,4340944,lt,Kocakoy
334252728,4340945,lt,Kocakoy
334252805,4340946,lt,Kocakoy
334252882,4340947,lt,Korekem
334252959,4340948,lt,Kocakaymas
334253036,4340949,lt,Kocak
334253113,4340950,lt,Kocahidir
334253190,4340951,lt,Kocahidir
334253267,4340952,lt,Kocahidir
334253344,4340953,lt,Kocagur
334253421,4340954,lt,Kocagol
334253498,4340955,lt,Kocadere
334253575,4340956,lt,Kocadere
334253652,4340957,lt,Kocacik
334253729,4340958,lt,Kocacik
334253806,4340959,lt,Kocacesme
334253883,4340960,lt,Kocacam
334253960,4340961,lt,Kocabey
334254037,4340962,lt,Kocabekir
334254114,4340963,lt,Kocabaslar
334254191,4340964,lt,Kocabas
334254268,4340965,lt,Kocabahce
334254422,4340967,lt,Kodžalis
334254499,4340968,lt,Kocaali
334254576,4340969,lt,Kocaali
334254730,4340971,lt,Kockoy
334254807,4340972,lt,Armutlu
334254884,4340973,lt,Kilicli
334254961,4340974,lt,Baskoey
334255115,4340976,lt,Kilavuzlu
334255192,4340977,lt,Kizseki
334255346,4340979,lt,Kizoglu
334255423,4340980,lt,Kiznefer
334255577,4340982,lt,Kizlarkale
334255731,4340984,lt,Kizlan
334255808,4340985,lt,Kizkayasi
334255962,4340987,lt,Kizkaraca
334256039,4340988,lt,Kizkapan
334256116,4340989,lt,Kiziroglu
334256193,4340990,lt,Kiziroglu
334256347,4340992,lt,Kiziloren
334256424,4340993,lt,Yenicami
334256501,4340994,lt,Kiziluezuem
334256578,4340995,lt,Yolbasi
334256655,4340996,lt,Kiziltepe
334256732,4340997,lt,Kiziltas
334256809,4340998,lt,Cercen
334256886,4340999,lt,Kiyisin
334256963,4341000,lt,Kizilsaray
334257117,4341002,lt,Kizilpinar
334257271,4341004,lt,Kiziloezas
334257348,4341005,lt,Guezeloezas
334257425,4341006,lt,Kiziloezas
334257502,4341007,lt,Akcabayir
334257579,4341008,lt,Kiziloren
334257656,4341009,lt,Kiziloren
334257733,4341010,lt,Kiziloglak
334257810,4341011,lt,Kizilli
334257887,4341012,lt,Kizillarmanastiras
334257964,4341013,lt,Kizillar
334258041,4341014,lt,Aydinlar
334258118,4341015,lt,Kizilkuyu
334258272,4341017,lt,Kaziklis
334258349,4341018,lt,Kizil
334258426,4341019,lt,Kizilkislacik
334258657,4341022,lt,Asagiova
334258734,4341023,lt,Tatlisu
334258888,4341025,lt,Kizilkese
334258965,4341026,lt,Kizilkese
334259119,4341028,lt,Kizilkeceli
334259196,4341029,lt,Kizilkaya
334259273,4341030,lt,Kizilkaya
334259427,4341032,lt,Kizilkale
334259504,4341033,lt,Kizilirmak
334259658,4341035,lt,Kizilibrik
334259735,4341036,lt,Kizilibrik
334259889,4341038,lt,Kizilhisar
334259966,4341039,lt,Kizilhasan
334260043,4341040,lt,Kizilhamza
334260428,4341045,lt,Kizilelma
334260505,4341046,lt,Kizileller
334260582,4341047,lt,Kizilegrek
334260659,4341048,lt,Zaferimilli
334260813,4341050,lt,Kizildamlar
334260967,4341052,lt,Kizilcubuk
334261121,4341054,lt,Evrenkoy
334261198,4341055,lt,Kizilcikorman
334261275,4341056,lt,Kizilcikli
334261352,4341057,lt,Kizilcikdere
334261429,4341058,lt,Kizilcik
334261506,4341059,lt,Kizilcik
334261583,4341060,lt,Omersin
334261660,4341061,lt,Kizilcaterzi
334261737,4341062,lt,Kizilcasogut
334261814,4341063,lt,Kizilcapinar
334262122,4341067,lt,Kizilcaot
334262199,4341068,lt,Kizilcaorhen
334262276,4341069,lt,Kizilcaoren
334262353,4341070,lt,Kizilcaoren
334262430,4341071,lt,Kizilcaoren
334262507,4341072,lt,Kizilcaoren
334262584,4341073,lt,Kizilcaoren
334262661,4341074,lt,Kizilcaoren
334262815,4341076,lt,Kizilcaoren
334262969,4341078,lt,Kizilcali
334263123,4341080,lt,Kizilcakoru
334263200,4341081,lt,Kizilcakisla
334263277,4341082,lt,Kizilcakaya
334263508,4341085,lt,Kizilcahamam
334263585,4341086,lt,Kizilcaelma
334263662,4341087,lt,Kizilcaelma
334263816,4341089,lt,Kizilcaali
334264047,4341092,lt,Kizilca
334264124,4341093,lt,Kizilca
334264201,4341094,lt,Kizilca
334264278,4341095,lt,Kizilca
334264355,4341096,lt,Kizilca
334264432,4341097,lt,Dadikoey
334264509,4341098,lt,Kizilca
334264586,4341099,lt,Bukse
334264663,4341100,lt,Kizilca
334264740,4341101,lt,Kizilcakisla
334264817,4341102,lt,Kizilca
334264894,4341103,lt,Kizilca
334264971,4341104,lt,Kizilca
334265125,4341106,lt,Kizilbel
334265202,4341107,lt,Kizilagil
334265279,4341108,lt,Kizilagac
334265356,4341109,lt,Abali
334265433,4341110,lt,Kizik
334265510,4341111,lt,Kizik
334265664,4341113,lt,Kizik
334265741,4341114,lt,Kizik
334265818,4341115,lt,Kizik
334265895,4341116,lt,Kizik
334265972,4341117,lt,Kizderbent
334266049,4341118,lt,Kizanlik
334266126,4341119,lt,Kizagil
334266203,4341120,lt,Kizacik
334266280,4341121,lt,Haciali
334266357,4341122,lt,Jenikojus
334266434,4341123,lt,Kiyikoey
334266511,4341124,lt,Kiyik
334266588,4341125,lt,Kiyikavurgali
334266819,4341128,lt,Kiyihalilinceli
334266896,4341129,lt,Kiyaslar
334267127,4341132,lt,Kitre
334267281,4341134,lt,Kislakoey
334267358,4341135,lt,Kislakoey
334267435,4341136,lt,Kislakoey
334267512,4341137,lt,Kislakoey
334267666,4341139,lt,Kislak
334267743,4341140,lt,Kislacik
334267820,4341141,lt,Kislacik
334267897,4341142,lt,Kislacik
334267974,4341143,lt,Kislacay
334268051,4341144,lt,Kislabeyi
334268282,4341147,lt,Kislakoey
334268590,4341151,lt,Isiklar
334268667,4341152,lt,Kisirkaya
334269052,4341157,lt,Kisalar
334269283,4341160,lt,Kozlukas
334269360,4341161,lt,Kirsinler
334269437,4341162,lt,Kirsakal
334269514,4341163,lt,Kirmizitas
334269591,4341164,lt,Karamustafali
334269822,4341167,lt,Kirma
334269899,4341168,lt,Yesilkaya
334270053,4341170,lt,Kirliakca
334270207,4341172,lt,Kirlar
334270284,4341173,lt,Kirkpinaras
334270438,4341175,lt,Kirkpinaras
334270515,4341176,lt,Kirkpinaras
334270592,4341177,lt,Kirkoy
334270669,4341178,lt,Kirkoy
334270746,4341179,lt,Kirkoy
334270823,4341180,lt,Kirklartepesi
334270900,4341181,lt,Kirklarelis
334270977,4341182,lt,Kirklar
334271054,4341183,lt,Kirkkepenekli
334271131,4341184,lt,Kirkkavak
334271208,4341185,lt,Kirkirca
334271362,4341187,lt,Kirkharman
334271439,4341188,lt,Kirkharman
334271516,4341189,lt,Cukuralan
334271593,4341190,lt,Kirkdilim
334271670,4341191,lt,Kirkdilim
334271747,4341192,lt,Kirkdikme
334271824,4341193,lt,Kirkarmut
334271901,4341194,lt,Kirisoglu
334271978,4341195,lt,Kirislar
334272055,4341196,lt,Kirinti
334272132,4341197,lt,Kirinti
334272286,4341199,lt,Mert
334272363,4341200,lt,Kirikas
334272440,4341201,lt,Kiriklar
334272517,4341202,lt,Kirikas
334272594,4341203,lt,Kirikas
334272671,4341204,lt,Kirikas
334272748,4341205,lt,Kirikas
334272825,4341206,lt,Kirha
334272979,4341208,lt,Karaman
334273056,4341209,lt,Kirgeris
334273133,4341210,lt,Kireymir
334273210,4341211,lt,Kirenli
334273287,4341212,lt,Kirencukuru
334273441,4341214,lt,Kiremitlik
334273518,4341215,lt,Zorlu
334273595,4341216,lt,Kiremitli
334273749,4341218,lt,Kiremitcisalih
334273903,4341220,lt,Kireclik
334274057,4341222,lt,Koepruelue
334274211,4341224,lt,Kirazcik
334274288,4341225,lt,Turkmesen
334274365,4341226,lt,Kircicegi
334274442,4341227,lt,Kircasalih
334274596,4341229,lt,Kircalar
334274673,4341230,lt,Kircalar
334274750,4341231,lt,Dikmen
334274904,4341233,lt,Kirbasi
334274981,4341234,lt,Kazimas Karabekirpasa
334275135,4341236,lt,Kirazliyayla
334275212,4341237,lt,Kirazlik
334275289,4341238,lt,Kirazlik
334275366,4341239,lt,Kirazlik
334275443,4341240,lt,Kirazkoey
334275597,4341242,lt,Kirazkoey
334275751,4341244,lt,Kirazkoey
334275828,4341245,lt,Kirazkoey
334275982,4341247,lt,Kirazkoey
334276059,4341248,lt,Kirazkoey
334276136,4341249,lt,Kirazkoey
334276213,4341250,lt,Kirazkoey
334276290,4341251,lt,Kirazkoey
334276444,4341253,lt,Kirazdere
334276521,4341254,lt,Topkaya
334276675,4341256,lt,Baskoey
334276752,4341257,lt,Kirazalan
334276829,4341258,lt,Kirazkoey
334276906,4341259,lt,Kiratli
334276983,4341260,lt,Kiratbuku
334277060,4341261,lt,Anayurt
334277214,4341263,lt,Sinlice
334277291,4341264,lt,Kiranlikoz
334277368,4341265,lt,Camlik
334277445,4341266,lt,Kiranlar
334277522,4341267,lt,Kiranas
334277676,4341269,lt,Olukoezue
334277830,4341271,lt,Olukoezue
334277907,4341272,lt,Kiranbogaz
334278061,4341274,lt,Kiranas
334278369,4341278,lt,Kiranas
334278446,4341279,lt,Kiraci
334278600,4341281,lt,Kirakas
334278677,4341282,lt,Suetluece
334278754,4341283,lt,Kipcak
334278831,4341284,lt,Kinikdeliler
334278908,4341285,lt,Kinik
334278985,4341286,lt,Kinik
334279062,4341287,lt,Kinik
334279139,4341288,lt,Kinik
334279216,4341289,lt,Kinik
334279370,4341291,lt,Kinik
334279447,4341292,lt,Kinik
334279524,4341293,lt,Kinik
334279678,4341295,lt,Kindira
334279909,4341298,lt,Kinalitas
334279986,4341299,lt,Yolkonak
334280063,4341300,lt,Kinali
334280140,4341301,lt,Kinalar
334280294,4341303,lt,Killik
334280371,4341304,lt,Killik
334280448,4341305,lt,Killik
334280525,4341306,lt,Killik
334280679,4341308,lt,Kecikujusu
334280756,4341309,lt,Kilkiras
334280833,4341310,lt,Kilkara
334280910,4341311,lt,Suetluece
334281064,4341313,lt,Suetluece
334281218,4341315,lt,Kilimlis
334281372,4341317,lt,Asagiova
334281449,4341318,lt,Kilidibahiras
334281603,4341320,lt,Kilictutan
334281680,4341321,lt,Kilictasi
334281757,4341322,lt,Kilicpinari
334281834,4341323,lt,Kilicoeren
334281988,4341325,lt,Kilicli
334282065,4341326,lt,Kilicli
334282142,4341327,lt,Kilicli
334282450,4341331,lt,Kilicli
334282604,4341333,lt,Kiliclar
334282681,4341334,lt,Kiliclar
334282758,4341335,lt,Kiliclar
334282835,4341336,lt,Kilickaya
334282912,4341337,lt,Kilickaya
334282989,4341338,lt,Kilicguney
334283066,4341339,lt,Kilicdere
334283143,4341340,lt,Kilicci
334283220,4341341,lt,Kilickoy
334283297,4341342,lt,Kilic
334283528,4341345,lt,Kilciler
334283605,4341346,lt,Kilcak
334283682,4341347,lt,Kilcak
334283913,4341350,lt,Kigikas
334284067,4341352,lt,Kecili
334284144,4341353,lt,Yuksekyayla
334284221,4341354,lt,Kibriscik
334284375,4341356,lt,Kiblepinar
334284452,4341357,lt,Kibledagi
334284529,4341358,lt,Keyik
334284683,4341360,lt,Keyik
334284760,4341361,lt,Keyfallar
334284914,4341363,lt,Kevenlik
334285068,4341365,lt,Ketenli
334285299,4341368,lt,Ketendere
334285376,4341369,lt,Ketencukuru
334285453,4341370,lt,Ketenciler
334285530,4341371,lt,Ketenciler
334285607,4341372,lt,Kestel
334285684,4341373,lt,Kestanesoku
334285761,4341374,lt,Findikli
334285838,4341375,lt,Kestanepinari
334285915,4341376,lt,Kestanepinari
334285992,4341377,lt,Kestanelik
334286069,4341378,lt,Kestanelik
334286223,4341380,lt,Kestane
334286377,4341382,lt,Sogukgoze
334286454,4341383,lt,Keskoey
334286531,4341384,lt,Keskoey
334286608,4341385,lt,Keskoey
334286762,4341387,lt,Keskoey
334286916,4341389,lt,Keskek
334286993,4341390,lt,Kesiskiran
334287070,4341391,lt,Kesikkaya
334287147,4341392,lt,Kesepinar
334287224,4341393,lt,Kesenoezue
334287301,4341394,lt,Kesekoy
334287378,4341395,lt,Kesė
334287532,4341397,lt,Kesė
334287609,4341398,lt,Kesap
334287686,4341399,lt,Kesanas
334287763,4341400,lt,Kervansaray
334287840,4341401,lt,Kervansaray
334287917,4341402,lt,Kervansaray
334287994,4341403,lt,Kervansaray
334288071,4341404,lt,Kertme
334288148,4341405,lt,Kertme
334288225,4341406,lt,Kertme
334288302,4341407,lt,Urva
334288379,4341408,lt,Kerpickoey
334288687,4341412,lt,Kerpe
334288764,4341413,lt,Kermeyan
334288918,4341415,lt,Kerimler
334289072,4341417,lt,Goekcesukent
334289149,4341418,lt,Keremli
334289226,4341419,lt,Kazanpinar
334289303,4341420,lt,Kerbanlar
334289380,4341421,lt,Keramettin
334289457,4341422,lt,Ortanca
334289534,4341423,lt,Keramet
334289611,4341424,lt,Kepirler
334289919,4341428,lt,Kepezas
334289996,4341429,lt,Guengoeren
334290150,4341431,lt,Kepezas
334290227,4341432,lt,Kepenekli
334290304,4341433,lt,Kepenc
334290381,4341434,lt,Kepekler
334290458,4341435,lt,Elmaduezue
334290689,4341438,lt,Kendirli
334290766,4341439,lt,Caglayandere
334290920,4341441,lt,Kenardere
334290997,4341442,lt,Kenarbel
334291074,4341443,lt,Kemiklialan
334291151,4341444,lt,Komsupinar
334291228,4341445,lt,Kemertas
334291305,4341446,lt,Dumlusu
334291382,4341447,lt,Caydegirmeni
334291459,4341448,lt,Burhanli
334291690,4341451,lt,Kemerkasim
334291767,4341452,lt,Kemerburgaz
334291844,4341453,lt,Kemerbahce
334291921,4341454,lt,Kemerkoey
334291998,4341455,lt,Kemeras
334292075,4341456,lt,Kemalpasa
334292152,4341457,lt,Bahtiyarlar
334292306,4341459,lt,Sogullu
334292383,4341460,lt,Kamisli
334292460,4341461,lt,Kemaleris
334292537,4341462,lt,Kemaleris
334292614,4341463,lt,Kemaleris
334292691,4341464,lt,Kemaleris
334292768,4341465,lt,Kemaleris
334292845,4341466,lt,Kemalkoey
334292922,4341467,lt,Cayiroezue
334292999,4341468,lt,Kemalkoey
334293153,4341470,lt,Sirinkoey
334293307,4341472,lt,Kelleris
334293461,4341474,lt,Kelkitas
334293615,4341476,lt,Kuelcueleris
334293692,4341477,lt,Veyisoglu
334293769,4341478,lt,Kelevurt
334293846,4341479,lt,Demircisopran
334294000,4341481,lt,Keler
334294154,4341483,lt,Gecitkoey
334294231,4341484,lt,Keklicek
334294308,4341485,lt,Kekikli
334294385,4341486,lt,Kekec
334294462,4341487,lt,Kefken
334294539,4341488,lt,Kuzoren
334294616,4341489,lt,Bostancilar
334294693,4341490,lt,Kecili
334294770,4341491,lt,Kecili
334294924,4341493,lt,Kecikoey
334295001,4341494,lt,Kecik
334295078,4341495,lt,Kecikaya
334295155,4341496,lt,Kecik
334295232,4341497,lt,Sentepe
334295309,4341498,lt,Keceyurdu
334295386,4341499,lt,Koepruekoey
334295463,4341500,lt,Kececi
334295540,4341501,lt,Karabudak
334295617,4341502,lt,Kazpinari
334295694,4341503,lt,Kazoren
334295771,4341504,lt,Kazmasoku
334295848,4341505,lt,Kazmali
334296002,4341507,lt,Kazmaca
334296079,4341508,lt,Kazlikoy
334296156,4341509,lt,Kazkoparan
334296233,4341510,lt,Kazimiye
334296310,4341511,lt,Kazimiye
334296387,4341512,lt,Goezuepek
334296464,4341513,lt,Kazikuzu
334296541,4341514,lt,Kaziklis
334296618,4341515,lt,Kizilkaya
334296695,4341516,lt,Kazikli
334296772,4341517,lt,Kazikkaya
334297080,4341521,lt,Kazankaya
334297157,4341522,lt,Kazandere
334297234,4341523,lt,Kazandere
334297311,4341524,lt,Kazandere
334297388,4341525,lt,Kazancili
334297465,4341526,lt,Kazancili
334297542,4341527,lt,Kazanci
334297619,4341528,lt,Kazanci
334297696,4341529,lt,Kazanci
334297773,4341530,lt,Kazanci
334297850,4341531,lt,Kazanė
334297927,4341532,lt,Kaytazdere
334298235,4341536,lt,Kayran
334298312,4341537,lt,Gurpelit
334298389,4341538,lt,Kayrak
334298466,4341539,lt,Kaynasli
334298620,4341541,lt,Kaynar
334298697,4341542,lt,Kaynarca
334298774,4341543,lt,Kaynarca
334298851,4341544,lt,Kaynarca
334299005,4341546,lt,Kainardža
334299082,4341547,lt,Kaynarca
334299159,4341548,lt,Kaynarca
334299236,4341549,lt,Yuencueler
334299390,4341551,lt,Kaynarca
334299467,4341552,lt,Kaynarca
334299544,4341553,lt,Dogasi
334299621,4341554,lt,Kaynak
334299698,4341555,lt,Kahyalar
334299775,4341556,lt,Kaymas
334299852,4341557,lt,Kaymaz
334299929,4341558,lt,Kaymaz
334300083,4341560,lt,Kaymakoba
334300391,4341564,lt,Kaymakci
334300468,4341565,lt,Degirmenderesi
334300545,4341566,lt,Kayioren
334300853,4341570,lt,Kayikoey
334301007,4341572,lt,Kayikiraz
334301161,4341574,lt,Kayicivi
334301238,4341575,lt,Kayikoey
334301315,4341576,lt,Kayikoey
334301392,4341577,lt,Kayikoey
334301469,4341578,lt,Kayikoey
334301546,4341579,lt,Kayikoey
334301623,4341580,lt,Kayikoey
334301700,4341581,lt,Kayikoey
334301777,4341582,lt,Kaygisiz
334301931,4341584,lt,Kayapinar
334302008,4341585,lt,Kayaoenue
334302085,4341586,lt,Kayaoenue
334302162,4341587,lt,Kayaoenue
334302239,4341588,lt,Kayaoenue
334302316,4341589,lt,Kayaoenue
334302393,4341590,lt,Kayaoenue
334302470,4341591,lt,Kayaoglu
334302547,4341592,lt,Kayalisu
334302624,4341593,lt,Ortakoey
334302701,4341594,lt,Kayalik
334302778,4341595,lt,Asagikayalidere
334302855,4341596,lt,Kayalidere
334302932,4341597,lt,Kayali
334303086,4341599,lt,Cumakayali
334303317,4341602,lt,Kayalarresitbey
334303394,4341603,lt,Kayalar
334303471,4341604,lt,Koltucakas
334303625,4341606,lt,Kayalar
334303702,4341607,lt,Kayakoey
334303856,4341609,lt,Ilica
334303933,4341610,lt,Kavakli
334304087,4341612,lt,Kayaici
334304164,4341613,lt,Kayaduezue
334304241,4341614,lt,Kayadoven
334304318,4341615,lt,Kayadibikavlak
334304395,4341616,lt,Kayadibicavus
334304472,4341617,lt,Girtanas
334304549,4341618,lt,Girtanas
334304703,4341620,lt,Girtanas
334304780,4341621,lt,Kayabasi
334304934,4341623,lt,Girtanas
334305011,4341624,lt,Girtanas
334305088,4341625,lt,Girtanas
334305165,4341626,lt,Kayacilar
334305242,4341627,lt,Kayacik
334305319,4341628,lt,Kayacik
334305396,4341629,lt,Kayacik
334305627,4341632,lt,Kayacik
334305781,4341634,lt,Kayaca
334305935,4341636,lt,Kayabuekue
334306089,4341638,lt,Kayabuekue
334306166,4341639,lt,Kayabogazi
334306243,4341640,lt,Kayabeyli
334306320,4341641,lt,Kayabeyi
334306474,4341643,lt,Kayabasi
334306551,4341644,lt,Kayabasi
334306628,4341645,lt,Goekceagac
334306705,4341646,lt,Kayabasi
334306859,4341648,lt,Kayabasi
334306936,4341649,lt,Balikli
334307090,4341651,lt,Celtik
334307167,4341652,lt,Kayabasi
334307244,4341653,lt,Kayabasi
334307398,4341655,lt,Kayabasi
334307475,4341656,lt,Kayabasi
334307552,4341657,lt,Yikilgan
334307629,4341658,lt,Yesimli
334307783,4341660,lt,Kayaarkasi
334307860,4341661,lt,Kayaardi
334308014,4341663,lt,Kayaalti
334308091,4341664,lt,Kayaalti
334308168,4341665,lt,Kayaagzi
334308245,4341666,lt,Kayakoey
334308322,4341667,lt,Kavusturan
334308399,4341668,lt,Caglayan
334308476,4341669,lt,Kavsut
334308553,4341670,lt,Yukarikoclu
334308707,4341672,lt,Kavlatan
334308784,4341673,lt,Kavlakli
334308861,4341674,lt,Kocareis
334309092,4341677,lt,Kavalca
334309169,4341678,lt,Kavala
334309323,4341680,lt,Kavakyani
334309400,4341681,lt,Kabaktepe
334309477,4341682,lt,Kavakpinari
334309554,4341683,lt,Kavakoezue
334309631,4341684,lt,Kavakoezue
334309708,4341685,lt,Kavakoren
334309785,4341686,lt,Yaylageris
334309862,4341687,lt,Kavaklidere
334310016,4341689,lt,Kavaklidere
334310093,4341690,lt,Kavakli
334310170,4341691,lt,Kavakli
334310324,4341693,lt,Sirinkoey
334310478,4341695,lt,Kavakli
334310555,4341696,lt,Kavakli
334310632,4341697,lt,Kavakli
334310709,4341698,lt,Sultanbeilis
334310786,4341699,lt,Kavakli
334310863,4341700,lt,Kavakli
334311017,4341702,lt,Kavakli
334311094,4341703,lt,Hasanseyh
334311171,4341704,lt,Kavakli
334311248,4341705,lt,Kavakli
334311325,4341706,lt,Kavakkoey
334311402,4341707,lt,Kavakkoey
334311479,4341708,lt,Kavakkoey
334311556,4341709,lt,Kavakkoey
334311710,4341711,lt,Kavakdere
334311787,4341712,lt,Kavakcesme
334311864,4341713,lt,Kavakcayi
334311941,4341714,lt,Kavakbicki
334312018,4341715,lt,Kavakayazma
334312557,4341722,lt,Kavakas
334312634,4341723,lt,Kavakas
334312711,4341724,lt,Kavakas
334312942,4341727,lt,Kavakkoey
334313019,4341728,lt,Kavacik
334313096,4341729,lt,Kavacik
334313250,4341731,lt,OErerncik
334313327,4341732,lt,Kavacik
334313481,4341734,lt,Karadag
334313558,4341735,lt,Kavacik
334313635,4341736,lt,Kavacik
334313712,4341737,lt,Kavacik
334313789,4341738,lt,Kavacik
334313866,4341739,lt,Kayacik
334313943,4341740,lt,Kavacik
334314020,4341741,lt,Ikizpinar
334314097,4341742,lt,Katranci
334314174,4341743,lt,Katranca
334314251,4341744,lt,Katran
334314328,4341745,lt,Kat
334314482,4341747,lt,Katiroezue
334314559,4341748,lt,Muratli
334314636,4341749,lt,Katirli
334314867,4341752,lt,Kastamonu
334315021,4341754,lt,Balli
334315098,4341755,lt,Kasimli
334315175,4341756,lt,Beycuma
334315252,4341757,lt,Kasimlar
334315329,4341758,lt,Kasimlar
334315560,4341761,lt,Kasikciseyhler
334315637,4341762,lt,Kasikcioba
334315791,4341764,lt,Kasikci
334315868,4341765,lt,Kasikci
334316022,4341767,lt,Karamustafa
334316099,4341768,lt,Kascilar
334316176,4341769,lt,Kasbiyiklar
334316407,4341772,lt,Akpinaras
334316638,4341775,lt,Kasaplar
334316869,4341778,lt,Yesiltepe
334316946,4341779,lt,Kasaba
334317023,4341780,lt,Yesilyurt
334317100,4341781,lt,Kas
334317485,4341786,lt,Kartalpinar
334317639,4341788,lt,Kartal
334317793,4341790,lt,Camli
334317870,4341791,lt,Bademli
334318101,4341794,lt,Karsiyaka
334318255,4341796,lt,Karsipinar
334318332,4341797,lt,Karsimas
334318409,4341798,lt,Karsikoy
334318486,4341799,lt,Karsikoy
334318563,4341800,lt,Karsigecit
334318717,4341802,lt,Karsavul
334318794,4341803,lt,Karsan
334318871,4341804,lt,Karsak
334318948,4341805,lt,Karsas
334319025,4341806,lt,Karpuzlu
334319102,4341807,lt,Jenikarpuzlu
334319179,4341808,lt,Yenidogan
334319256,4341809,lt,Karpinar
334319487,4341812,lt,Karniacik
334319641,4341814,lt,Karmis
334319718,4341815,lt,Dogantepe
334319795,4341816,lt,Karliyazi
334319872,4341817,lt,Karliyayla
334319949,4341818,lt,Kiraztepe
334320026,4341819,lt,OEruebag
334320103,4341820,lt,Karli
334320180,4341821,lt,OEruebag
334320257,4341822,lt,Karligueney
334320334,4341823,lt,Karlica
334320411,4341824,lt,Karlibel
334320488,4341825,lt,Karli
334320565,4341826,lt,Karli
334320642,4341827,lt,Karli
334320719,4341828,lt,Inalkoey
334320796,4341829,lt,Karli
334320873,4341830,lt,Karli
334320950,4341831,lt,Karli
334321104,4341833,lt,Hayjat `Anbah
334321181,4341834,lt,Karacalar
334321258,4341835,lt,Yellitepe
334321335,4341836,lt,Karincak
334321412,4341837,lt,Kargincik
334321489,4341838,lt,Senemoglu
334321566,4341839,lt,Karginas
334321643,4341840,lt,Karginas
334321720,4341841,lt,Karginas
334321797,4341842,lt,Karginas
334321874,4341843,lt,Karginas
334322028,4341845,lt,Karginas
334322105,4341846,lt,Kargi
334322182,4341847,lt,Kargi
334322259,4341848,lt,Kargi
334322336,4341849,lt,Kargalihanbaba
334322413,4341850,lt,Kargali
334322490,4341851,lt,Kayikoey
334322721,4341854,lt,Kozluca
334322798,4341855,lt,Saribaba
334323029,4341858,lt,Karga
334323106,4341859,lt,Karga
334323260,4341861,lt,Kardestepe
334323337,4341862,lt,Kardesleris
334323414,4341863,lt,Kocullu
334323645,4341866,lt,Karayusuflu
334323722,4341867,lt,Karayusuflu
334323799,4341868,lt,Karayusuf
334323876,4341869,lt,Karayonca
334323953,4341870,lt,Karayemis
334324030,4341871,lt,Karayazicilar
334324107,4341872,lt,Karayayla
334324184,4341873,lt,Karayatak
334324338,4341875,lt,Hocahacip
334324415,4341876,lt,Karayakuplu
334324492,4341877,lt,Karajakupas
334324569,4341878,lt,Karajakupas
334324723,4341880,lt,Karajaka
334324800,4341881,lt,Karaurgan
334324877,4341882,lt,Karaurgan
334324954,4341883,lt,Karatoprak
334325031,4341884,lt,Karatepe
334325108,4341885,lt,Karatepe
334325185,4341886,lt,Yesilkoey
334325262,4341887,lt,Karatepe
334325493,4341890,lt,Esenyayla
334325570,4341891,lt,Karatavuk
334325647,4341892,lt,Esenyayla
334325724,4341893,lt,Karatas
334325801,4341894,lt,Karatas
334325878,4341895,lt,Karatas
334326032,4341897,lt,Karatas
334326109,4341898,lt,Karatas
334326186,4341899,lt,Karatas
334326263,4341900,lt,Karatas
334326417,4341902,lt,Karasu
334326494,4341903,lt,Karasius
334326571,4341904,lt,Karasu Mahallesi
334326648,4341905,lt,Karasu
334326725,4341906,lt,Karasu
334326802,4341907,lt,Kirkgoz
334326879,4341908,lt,Karasil
334326956,4341909,lt,Karaseyhler
334327033,4341910,lt,Karaseyh
334327110,4341911,lt,Karaseyh
334327341,4341914,lt,Karasati
334327418,4341915,lt,Karasaras
334327495,4341916,lt,Karasaras
334327572,4341917,lt,Karasaras
334327649,4341918,lt,Karapuercekas
334327726,4341919,lt,Karapuercekas
334327803,4341920,lt,Karapinar
334327880,4341921,lt,Karapinarkavagi
334327957,4341922,lt,Karapinar
334328034,4341923,lt,Karapinar
334328188,4341925,lt,Karapinar
334328265,4341926,lt,Karapinar
334328342,4341927,lt,Karapinar
334328419,4341928,lt,Karapinar
334328573,4341930,lt,Karapinar
334328650,4341931,lt,Karapinar
334328804,4341933,lt,Karapinar
334328958,4341935,lt,Karapinar
334329035,4341936,lt,Karapinar
334329112,4341937,lt,Karapercin
334329189,4341938,lt,Karapelitas
334329266,4341939,lt,Karapazar
334329343,4341940,lt,Karaoyumca
334329497,4341942,lt,Karaosmanlaras
334329574,4341943,lt,Karaosmaniye
334329651,4341944,lt,Karaoren
334329728,4341945,lt,Oguzlaras
334329882,4341947,lt,Karaomerler
334329959,4341948,lt,Karamuk
334330036,4341949,lt,Karaomer
334330267,4341952,lt,Karaoglu
334330344,4341953,lt,Belovacik
334330421,4341954,lt,Karaoglan
334330498,4341955,lt,Karaoglan
334330575,4341956,lt,Karansilli
334330806,4341959,lt,Karaevli
334330883,4341960,lt,Karanar
334330960,4341961,lt,Karamusul
334331114,4341963,lt,Kerte
334331191,4341964,lt,Karamustafa
334331268,4341965,lt,Karamusali
334331345,4341966,lt,Karamusalar
334331422,4341967,lt,Karamusa
334331499,4341968,lt,Karamusa
334331576,4341969,lt,Karamiurselis
334331653,4341970,lt,Karamursel
334331730,4341971,lt,Karamurat
334331807,4341972,lt,Karamurat
334331961,4341974,lt,Karamesutlu
334332115,4341976,lt,Karamehmetas
334332192,4341977,lt,Karamazak
334332269,4341978,lt,Karacakoy
334332346,4341979,lt,Gemici
334332423,4341980,lt,Hamadiye
334332500,4341981,lt,Koramanlar
334332654,4341983,lt,Karamandere
334332731,4341984,lt,Karamandere
334332808,4341985,lt,Karaman
334332885,4341986,lt,Karaman
334332962,4341987,lt,Harmangeris
334333270,4341991,lt,Karamahmut
334333347,4341992,lt,Karalli
334333501,4341994,lt,Karalarguney
334333732,4341997,lt,Kuecuekoeren
334333809,4341998,lt,Kuecuekoeren
334333886,4341999,lt,Karakuzu
334333963,4342000,lt,Karakuzu
334334040,4342001,lt,Karakus
334334117,4342002,lt,Karakuslu
334334194,4342003,lt,Karakus
334334271,4342004,lt,Karakus
334334348,4342005,lt,Taskoeprue
334334425,4342006,lt,Yesildere
334334502,4342007,lt,Taskoeprue
334334579,4342008,lt,Yukariaksu
334334656,4342009,lt,Koepruelue
334334733,4342010,lt,Karakoey
334334810,4342011,lt,Karakoey
334334887,4342012,lt,Karakoey
334335041,4342014,lt,Karakoey
334335118,4342015,lt,Doganlaras
334335195,4342016,lt,Yenikarakoy
334335272,4342017,lt,Karakoey
334335426,4342019,lt,Karakoey
334335734,4342023,lt,Karakoey
334335811,4342024,lt,Karakoey
334335965,4342026,lt,Karakoey
334336042,4342027,lt,Karakopru
334336119,4342028,lt,Karakoclu
334336196,4342029,lt,Karakocas
334336273,4342030,lt,Karakocali
334336350,4342031,lt,Karakoca
334336427,4342032,lt,Karakoc
334336581,4342034,lt,Karakoc
334336658,4342035,lt,Karakoc
334336735,4342036,lt,Karakisla
334336812,4342037,lt,Karakese
334336966,4342039,lt,Karakese
334337043,4342040,lt,Karakese
334337120,4342041,lt,Karakes
334337197,4342042,lt,Karakecili
334337274,4342043,lt,Karakecili
334337351,4342044,lt,Karakaya
334337428,4342045,lt,Karakaya
334337505,4342046,lt,Karakaya
334337659,4342048,lt,Karakaya
334337736,4342049,lt,Karakaya
334337813,4342050,lt,Karakaya
334337890,4342051,lt,Karakaya
334338044,4342053,lt,Karakaya
334338275,4342056,lt,Karakavuk
334338352,4342057,lt,Ortakavakas
334338506,4342059,lt,Karatkati
334338583,4342060,lt,Karatas
334338660,4342061,lt,Karakamis
334338737,4342062,lt,Karakalė
334338814,4342063,lt,Karakalė
334338891,4342064,lt,Karakalė
334338968,4342065,lt,Karakalė
334339045,4342066,lt,Karakalė
334339122,4342067,lt,Karakalė
334339199,4342068,lt,Karakalė
334339276,4342069,lt,Karakalė
334339507,4342072,lt,Karakadi
334339584,4342073,lt,Karakadi
334339661,4342074,lt,Karaislah
334339738,4342075,lt,Karaishak
334339815,4342076,lt,Karainler
334339892,4342077,lt,Karaincirli
334339969,4342078,lt,Karainebeyli
334340046,4342079,lt,Hacimusalar
334340123,4342080,lt,Karaibrahim
334340200,4342081,lt,Karahueyuek
334340277,4342082,lt,Karahueseyinli
334340354,4342083,lt,Karahisarlis
334340431,4342084,lt,Karahisarlis
334340662,4342087,lt,Pembecik
334340739,4342088,lt,Pembecik
334340816,4342089,lt,Pembecik
334340970,4342091,lt,Karahidir
334341047,4342092,lt,Karahasanlar
334341124,4342093,lt,Karahasanlar
334341201,4342094,lt,Karahasanlar
334341278,4342095,lt,Karahankoey
334341355,4342096,lt,Kizilelma
334341432,4342097,lt,Bostancikas
334341509,4342098,lt,Karahankoey
334341586,4342099,lt,Karahan
334341663,4342100,lt,Karahan
334341740,4342101,lt,Karahamzalar
334341817,4342102,lt,Karahamza
334341894,4342103,lt,Karahamza
334341971,4342104,lt,Karahamza
334342048,4342105,lt,Karahamza
334342125,4342106,lt,Karahalililar
334342279,4342108,lt,Karahalil
334342356,4342109,lt,Karahalil
334342433,4342110,lt,Karahacip
334342664,4342113,lt,Karahaci
334342895,4342116,lt,Karagoz
334343049,4342118,lt,Karagoz
334343203,4342120,lt,Cat
334343280,4342121,lt,Karagolet
334343357,4342122,lt,Karagoelis
334343434,4342123,lt,Saribiyik
334343588,4342125,lt,Karagobek
334343665,4342126,lt,Karafasil
334343742,4342127,lt,Karaevliya
334343973,4342130,lt,Karaevli
334344127,4342132,lt,Kedikaya
334344204,4342133,lt,Pirahmetli
334344281,4342134,lt,Koemuercueleris
334344358,4342135,lt,Karaoezue
334344435,4342136,lt,Karadonu
334344512,4342137,lt,Karadin
334344589,4342138,lt,Karadikmen
334344743,4342140,lt,Karadiginas
334344820,4342141,lt,Suetluece
334345051,4342144,lt,Karadere
334345128,4342145,lt,Karadere
334345205,4342146,lt,Cukurkoey
334345282,4342147,lt,Karadere
334345359,4342148,lt,Karadere
334345436,4342149,lt,Karadere
334345590,4342151,lt,Karadere
334345667,4342152,lt,Karadere
334345744,4342153,lt,Karademir
334345821,4342154,lt,Karadedeoglu
334345898,4342155,lt,Karadede
334346052,4342157,lt,Bagdamlari
334346129,4342158,lt,Karadana
334346206,4342159,lt,Hatipleris
334346283,4342160,lt,Karadag
334346360,4342161,lt,Karacuma
334346514,4342163,lt,Jenikojus
334346591,4342164,lt,Karacomak
334346668,4342165,lt,Karacomak
334346976,4342169,lt,Karacortlen
334347130,4342171,lt,Karacomak
334347207,4342172,lt,Taskesti
334347284,4342173,lt,Yesilvadi
334347361,4342174,lt,Karadoganas
334347515,4342176,lt,Karacik
334347669,4342178,lt,Karacaoglu
334347746,4342179,lt,Hurremsah
334347823,4342180,lt,Karacayir
334347900,4342181,lt,Karacayir
334348054,4342183,lt,Karacaygoleti
334348131,4342184,lt,Karacay
334348208,4342185,lt,Karacay
334348285,4342186,lt,Karacavus
334348362,4342187,lt,Karacaoeren
334348516,4342189,lt,Karacasumandira
334348593,4342190,lt,Karacasu
334348670,4342191,lt,Karacapinar
334348747,4342192,lt,Karacaozu
334348824,4342193,lt,Karacaoeren
334348901,4342194,lt,Karacaoeren
334348978,4342195,lt,Karacaoeren
334349132,4342197,lt,Karacaoeren
334349286,4342199,lt,Karacaoeren
334349363,4342200,lt,Karacaoeren
334349440,4342201,lt,Karacaoeren
334349517,4342202,lt,Karacaoeren
334349594,4342203,lt,Karacaoeren
334349671,4342204,lt,Karacaoeren
334349748,4342205,lt,Karacaoeren
334349825,4342206,lt,Karacaoeren
334349902,4342207,lt,Karacaoeren
334350056,4342209,lt,Karacaoeren
334350133,4342210,lt,Kucukkizilkum
334350210,4342211,lt,Karacaoglu
334350364,4342213,lt,Karacaoglan
334350441,4342214,lt,Tasagil
334350518,4342215,lt,Karacaoglan
334350595,4342216,lt,Karacaoba
334350672,4342217,lt,Yukaritascili
334350749,4342218,lt,Karakamas
334350826,4342219,lt,Karakamas
334350903,4342220,lt,Karakalikas
334350980,4342221,lt,Karakalis
334351134,4342223,lt,Karakalis
334351211,4342224,lt,Karačalis
334351288,4342225,lt,Karakalis
334351365,4342226,lt,Karakalis
334351442,4342227,lt,Karacalar
334351519,4342228,lt,Karacalar
334351596,4342229,lt,Karacalar
334351673,4342230,lt,Karacalar
334351827,4342232,lt,Karacalar
334351981,4342234,lt,Karacal
334352135,4342236,lt,Karacal
334352212,4342237,lt,Karacakoy
334352289,4342238,lt,Karacakoy
334352366,4342239,lt,Karacakoy
334352443,4342240,lt,Karacakilavuz
334352597,4342242,lt,Karacakaya
334352674,4342243,lt,Karacakaya
334352751,4342244,lt,Karacakaya
334352828,4342245,lt,Karacakaya
334352982,4342247,lt,Karacakaya
334353136,4342249,lt,Karacahalil
334353213,4342250,lt,Karacagur
334353290,4342251,lt,Aydinpinar
334353367,4342252,lt,Karacadagdemirciler
334353521,4342254,lt,Guezelyurt
334353598,4342255,lt,Karadžabėjus
334353675,4342256,lt,Arpacsakarlar
334353752,4342257,lt,Karacaagac
334353829,4342258,lt,Karacaahmet
334353906,4342259,lt,Karacaagac
334354060,4342261,lt,Karacaagac
334354137,4342262,lt,Camlibuk
334354214,4342263,lt,Karača
334354291,4342264,lt,Karača
334354368,4342265,lt,Eselekas
334354599,4342268,lt,Okcumehmetli
334354676,4342269,lt,Karabuerčekas
334354753,4342270,lt,Karabuerčekas
334354830,4342271,lt,Karabuerčekas
334354907,4342272,lt,Karabuerčekas
334354984,4342273,lt,Karaburc
334355061,4342274,lt,Karabulut
334355138,4342275,lt,Karabulduk
334355292,4342277,lt,Karabiukas
334355446,4342279,lt,Karaboya
334355523,4342280,lt,Karabork
334355600,4342281,lt,Karabork
334355908,4342285,lt,Karabiyik
334355985,4342286,lt,Kariega
334356062,4342287,lt,Karapuercekas
334356139,4342288,lt,Karabezirgan
334356216,4342289,lt,Karabeyli
334356370,4342291,lt,Karabey
334356447,4342292,lt,Kemerler
334356524,4342293,lt,Karabayir
334356601,4342294,lt,Karabayir
334356678,4342295,lt,Karabayir
334356755,4342296,lt,Karabasli
334356832,4342297,lt,Karabalcik
334356909,4342298,lt,Karabalcik
334356986,4342299,lt,Karabalcik
334357063,4342300,lt,Karabagli
334357140,4342301,lt,Karabahadir
334357217,4342302,lt,Karabag
334357294,4342303,lt,Karabag
334357448,4342305,lt,Karababa
334357679,4342308,lt,Karaardic
334357833,4342310,lt,Karaamca
334357910,4342311,lt,Karaaliler
334357987,4342312,lt,Karaali
334358064,4342313,lt,Karaali
334358218,4342315,lt,Karaahmetli
334358295,4342316,lt,Akguemues
334358372,4342317,lt,Karaagacalan
334358449,4342318,lt,Karaagacas
334358603,4342320,lt,Karaagacas
334358988,4342325,lt,Karaagacas
334359065,4342326,lt,Karaagacas
334359219,4342328,lt,Karaagacas
334359296,4342329,lt,Karaagacas
334359373,4342330,lt,Karaagacas
334359450,4342331,lt,Kervansaray
334359527,4342332,lt,Karaagacas
334359681,4342334,lt,Kizilot
334359758,4342335,lt,Karaagacas
334359835,4342336,lt,Karaagacas
334359912,4342337,lt,Karaagacas
334359989,4342338,lt,Karaagacas
334360066,4342339,lt,Karaagacas
334360220,4342341,lt,Karaagacas
334360297,4342342,lt,Karaagacas
334360374,4342343,lt,Karaagacas
334360451,4342344,lt,Karaabdal
334360528,4342345,lt,Karaabalar
334360605,4342346,lt,Karaaba
334360759,4342348,lt,Yesilalan
334360836,4342349,lt,Kapili
334361144,4342353,lt,Kaptanpasa
334361298,4342355,lt,Kaplangi
334361375,4342356,lt,Kirazlik
334361452,4342357,lt,Kapisuyu
334361529,4342358,lt,Kapili
334361606,4342359,lt,Kapikoey
334361683,4342360,lt,Kapikoey
334361760,4342361,lt,Kapikaya
334361837,4342362,lt,Kapikaya
334361914,4342363,lt,Kapikaya
334362376,4342369,lt,Hatipleris
334362453,4342370,lt,Kapici
334362530,4342371,lt,Kapiagzi
334362607,4342372,lt,Kapanli
334362761,4342374,lt,Kapanbeleni
334362838,4342375,lt,Incegiz
334362992,4342377,lt,Yesilkoey
334363069,4342378,lt,Incegiz
334363146,4342379,lt,Incegiz
334363223,4342380,lt,Incegiz
334363300,4342381,lt,Incegiz
334363454,4342383,lt,Incegiz
334363531,4342384,lt,Incegiz
334363608,4342385,lt,Incegiz
334363685,4342386,lt,Incegiz
334363762,4342387,lt,Incegiz
334363839,4342388,lt,Incegiz
334363916,4342389,lt,Incegiz
334363993,4342390,lt,Incegiz
334364147,4342392,lt,Tekeli
334364224,4342393,lt,Kantarli
334364378,4342395,lt,Mumcuoglu
334364455,4342396,lt,Kanliguney
334364532,4342397,lt,Kanlicay
334364686,4342399,lt,Kanliabat
334364763,4342400,lt,Kanibey
334364840,4342401,lt,Kangirli
334364917,4342402,lt,Kandira
334364994,4342403,lt,Kandilli
334365148,4342405,lt,Kandamis
334365225,4342406,lt,Ahatli
334365379,4342408,lt,Kirkgoze
334365533,4342410,lt,Kayabasi
334365610,4342411,lt,Kamlik
334365687,4342412,lt,Kamisoezue
334365841,4342414,lt,Kamisli
334365918,4342415,lt,Kamisli
334365995,4342416,lt,Kamisli
334366149,4342418,lt,Kamisli
334366226,4342419,lt,Kamiskoey
334366303,4342420,lt,Kamiskoey
334366457,4342422,lt,Kamiskoey
334366534,4342423,lt,Kamiskoey
334366611,4342424,lt,Kamiloba
334366688,4342425,lt,Kamhis
334366765,4342426,lt,Kamil
334366842,4342427,lt,Kamhis
334366919,4342428,lt,Kamberli
334366996,4342429,lt,Kaman
334367073,4342430,lt,Ahulu
334367150,4342431,lt,Kamali
334367227,4342432,lt,Karakamas
334367304,4342433,lt,Goelbasi
334367535,4342436,lt,Kalkanli
334367689,4342438,lt,Kalkanli
334367766,4342439,lt,Kalkankale
334367843,4342440,lt,Kalkandere
334368074,4342443,lt,Kalinpelit
334368151,4342444,lt,Kalinkaya
334368228,4342445,lt,Kalincam
334368305,4342446,lt,Kalfat
334368382,4342447,lt,Kalfali
334368459,4342448,lt,Kalfa
334368613,4342450,lt,Kalfa
334368844,4342453,lt,Tuetuencueleris
334368921,4342454,lt,Kaleoenue
334368998,4342455,lt,Tuetuencueler
334369152,4342457,lt,Kalender
334369229,4342458,lt,Kalemler
334369306,4342459,lt,Kalekoey
334369383,4342460,lt,Kalekoey
334369460,4342461,lt,Kalekoey
334369537,4342462,lt,Kalekoey
334369614,4342463,lt,Kalekoey
334369922,4342467,lt,Kaleguney
334369999,4342468,lt,Kaledibi
334370153,4342470,lt,Kaledere
334370230,4342471,lt,Kaledere
334370307,4342472,lt,Kaledere
334370384,4342473,lt,Kalecikkaya
334370461,4342474,lt,Bueyuek Ciftlikkoeyue
334370615,4342476,lt,Bueyuek Ciftlikkoeyue
334370692,4342477,lt,Bueyuek Ciftlikkoeyue
334370769,4342478,lt,Bueyuek Ciftlikkoeyue
334370846,4342479,lt,Kaledžikas
334370923,4342480,lt,Kaleboynu
334371077,4342482,lt,Kalebogazi
334371154,4342483,lt,Kalebayir
334371231,4342484,lt,Kalebasi
334371308,4342485,lt,Kalealti
334371462,4342487,lt,Yesilkoey
334371539,4342488,lt,Guemueslu
334371693,4342490,lt,Guemueslu
334371770,4342491,lt,Guemueslu
334371847,4342492,lt,Kalekoey
334371924,4342493,lt,Kaldirayak
334372001,4342494,lt,Kaldirayak
334372078,4342495,lt,Kalburlu
334372155,4342496,lt,Kalburcu
334372232,4342497,lt,Kalburcu
334372386,4342499,lt,Kalaycili
334372463,4342500,lt,Ovali
334372540,4342501,lt,Kalafkahatiplis
334372617,4342502,lt,Kalafkahatiplis
334372694,4342503,lt,Kalafkahatiplis
334372771,4342504,lt,Kalafkahatiplis
334372848,4342505,lt,Kalafkahatiplis
334373156,4342509,lt,Yukariarim
334373310,4342511,lt,Kalabakli
334373387,4342512,lt,Kabalakli
334373464,4342513,lt,Kakac
334373541,4342514,lt,Aha
334373618,4342515,lt,Haruniye
334373695,4342516,lt,Sehyresul
334373772,4342517,lt,Abdikoy
334373849,4342518,lt,Kahramaneli
334373926,4342519,lt,Bolali
334374003,4342520,lt,Kahraman
334374388,4342525,lt,Kagnici
334374465,4342526,lt,Karincak
334374542,4342527,lt,Kagizman
334374619,4342528,lt,Kagitanė
334374773,4342530,lt,Kadriye
334374850,4342531,lt,Kadriye
334375004,4342533,lt,Kadivakfi
334375081,4342534,lt,Kadisusuz
334375235,4342536,lt,Kadircesme
334375389,4342538,lt,Kadioezue
334375543,4342540,lt,Girdalli
334375620,4342541,lt,Baslarkadi
334375697,4342542,lt,Yukaritascili
334375774,4342543,lt,Eskikadinas
334375851,4342544,lt,Kadinli
334375928,4342545,lt,Eskikadinas
334376005,4342546,lt,Siringuney
334376236,4342549,lt,Kadilli
334376313,4342550,lt,Kadiliturk
334376698,4342555,lt,Kadilaras
334376775,4342556,lt,Kadikoey
334376852,4342557,lt,Kadikoey
334377083,4342560,lt,Kadikoey
334377160,4342561,lt,Uzungoez
334377237,4342562,lt,Cukurbuk
334377314,4342563,lt,Kadikoey
334377391,4342564,lt,Muhacirkadi
334377468,4342565,lt,Kaymaklar
334377545,4342566,lt,Kadikoey
334377622,4342567,lt,Kadikoey
334377699,4342568,lt,Kadikoey
334377853,4342570,lt,Kadikoey
334377930,4342571,lt,Kadikoey
334378007,4342572,lt,Evrese
334378084,4342573,lt,Kadikoey
334378161,4342574,lt,Kadikoey
334378315,4342576,lt,Kadikoey
334378469,4342578,lt,Kadikislak
334378546,4342579,lt,Kadikiri
334378623,4342580,lt,Kadidondurma
334378854,4342583,lt,Kadibuekue
334379008,4342585,lt,Kadiagili
334379085,4342586,lt,OEncueler
334379239,4342588,lt,Cosandere
334379470,4342591,lt,Kacar Dogansali
334379547,4342592,lt,Kocakavak
334379624,4342593,lt,Kabulbaba
334379701,4342594,lt,Emirkoy
334379778,4342595,lt,Kabatepė
334379855,4342596,lt,Kabatas
334379932,4342597,lt,Catakkiri
334380086,4342599,lt,Kabaoglu
334380163,4342600,lt,Toklu
334380240,4342601,lt,Kaban
334380317,4342602,lt,Guenluece
334380394,4342603,lt,Guenluece
334380548,4342605,lt,Guenluece
334380625,4342606,lt,Kabalar
334380702,4342607,lt,Kabalar
334380856,4342609,lt,Kabalak
334380933,4342610,lt,Kabakulak
334381087,4342612,lt,Kabaktepe
334381318,4342615,lt,Yazioren
334381395,4342616,lt,Kabakoz
334381472,4342617,lt,Yukarielyakut
334381549,4342618,lt,Ulper
334381780,4342621,lt,Kabaklik
334381857,4342622,lt,Kabakli
334382165,4342626,lt,Imesli
334382319,4342628,lt,Imecli
334382396,4342629,lt,Kabahueyek
334382550,4342631,lt,Pelitbuekue Sekicek
334382627,4342632,lt,Kabagoz
334382704,4342633,lt,Pelitbuekue Sekicek
334382781,4342634,lt,Kabaduz
334382858,4342635,lt,Seymenler
334382935,4342636,lt,Kabacayir
334383012,4342637,lt,Kabacam
334383089,4342638,lt,UEskuep
334383166,4342639,lt,UEskuep
334383243,4342640,lt,UEskuep
334383320,4342641,lt,Kababuruk
334383397,4342642,lt,Kabaarmut
334383474,4342643,lt,Kabaagac
334383551,4342644,lt,Kabaagac
334383628,4342645,lt,Izzettin
334383705,4342646,lt,Izzetiye
334383859,4342648,lt,Iznikas
334383936,4342649,lt,Izmit
334384013,4342650,lt,Ijiderė
334384167,4342652,lt,Narlidere
334384244,4342653,lt,Turkmenoglu
334384321,4342654,lt,Iveroenue
334384398,4342655,lt,Ivedikas
334384475,4342656,lt,Istilli
334384552,4342657,lt,Stambulas
334384706,4342659,lt,Ispir
334384783,4342660,lt,Ocakli
334385014,4342663,lt,Ismetpasa
334385168,4342665,lt,Ismailli
334385322,4342667,lt,Ismailli
334385399,4342668,lt,Ismailli
334385553,4342670,lt,Ismailiye
334385707,4342672,lt,Ismailbeyli
334385784,4342673,lt,Ismailkoey
334385861,4342674,lt,Lala
334385938,4342675,lt,Lislaminas
334386015,4342676,lt,Islamkoy
334386092,4342677,lt,Islambeyli
334386169,4342678,lt,Iskoey
334386246,4342679,lt,Yukariislahiye
334386323,4342680,lt,Iskoey
334386400,4342681,lt,Kirantas
334386477,4342682,lt,Iskilipas
334386554,4342683,lt,Iskenderseyh
334386631,4342684,lt,Iskenderli
334386708,4342685,lt,Iskenderli
334386785,4342686,lt,Iskender
334386939,4342688,lt,Isisu
334387093,4342690,lt,Haciibrahim
334387324,4342693,lt,Isikli
334387478,4342695,lt,Isikli
334387555,4342696,lt,Belenas
334387632,4342697,lt,Isikli
334387709,4342698,lt,Isikli
334387786,4342699,lt,Isikli
334387863,4342700,lt,Sada
334387940,4342701,lt,Balci
334388017,4342702,lt,Isiklar
334388094,4342703,lt,Isiklar
334388171,4342704,lt,Isiklar
334388248,4342705,lt,Isiklar
334388325,4342706,lt,Dagteke
334388402,4342707,lt,Isik
334388556,4342709,lt,Ishakli
334388633,4342710,lt,Ishakli
334388710,4342711,lt,Ishakli
334388787,4342712,lt,Ishkli
334388864,4342713,lt,Ishaklar
334388941,4342714,lt,Ishakca
334389018,4342715,lt,Ishakca
334389095,4342716,lt,Elmalidere
334389172,4342717,lt,Ozbilen
334389249,4342718,lt,Isaoren
334389326,4342719,lt,Isakoey
334389403,4342720,lt,Isakoey
334389480,4342721,lt,Isahaci
334389557,4342722,lt,Isafakili
334389634,4342723,lt,Isabeyli
334389711,4342724,lt,Isabali
334389788,4342725,lt,Irsadiye
334389865,4342726,lt,Irmakyani
334389942,4342727,lt,Irmaksirti
334390173,4342730,lt,Irmakkoey
334390250,4342731,lt,Duraca
334390327,4342732,lt,Bascavus
334390404,4342733,lt,Duraca
334390635,4342736,lt,Ortaalan
334390712,4342737,lt,Cayiroba
334390789,4342738,lt,Ipsala
334390866,4342739,lt,Ipekyayla
334391020,4342741,lt,Intepe
334391097,4342742,lt,Boyali
334391174,4342743,lt,Inpiri
334391251,4342744,lt,Balat
334391328,4342745,lt,Inozukosaca
334391405,4342746,lt,Inoezue
334391559,4342748,lt,Inkoy
334391636,4342749,lt,Inkaya
334391790,4342751,lt,Inkaya
334391944,4342753,lt,Inisdibi
334392021,4342754,lt,Inesoekue
334392098,4342755,lt,Hacihasan
334392175,4342756,lt,Inesoekue
334392252,4342757,lt,Inegiolis
334392329,4342758,lt,Inegazili
334392406,4342759,lt,Inegazi
334392483,4342760,lt,Inecik
334392560,4342761,lt,Yuenluece
334392637,4342762,lt,Ibenolu
334392714,4342763,lt,Inebeyli
334392791,4342764,lt,Ine
334392868,4342765,lt,Soekuen
334393022,4342767,lt,Incirpinar
334393253,4342770,lt,Inkur
334393330,4342771,lt,Incirli
334393484,4342773,lt,Incirlipinaras
334393561,4342774,lt,Incilipinar
334393638,4342775,lt,Incirlipinar
334393715,4342776,lt,Guelluece
334393792,4342777,lt,Guelluece
334393869,4342778,lt,Incigez
334393946,4342779,lt,Incigez
334394100,4342781,lt,Incigez
334394177,4342782,lt,Igdir
334394254,4342783,lt,Incikoey
334394331,4342784,lt,Incesu
334394408,4342785,lt,Incesu
334394562,4342787,lt,Incesu
334394639,4342788,lt,Incesu
334394793,4342790,lt,Incesu
334394947,4342792,lt,Incesu
334395024,4342793,lt,Incesu
334395101,4342794,lt,Incesu
334395255,4342796,lt,Incepelit
334395332,4342797,lt,Inceoz
334395409,4342798,lt,Inice
334395486,4342799,lt,Incekaja
334395563,4342800,lt,Incekaja
334395640,4342801,lt,Incegiz
334395717,4342802,lt,Incegiz
334395794,4342803,lt,Incegez
334395948,4342805,lt,Incegeris
334396025,4342806,lt,Burcali
334396102,4342807,lt,Incedere
334396179,4342808,lt,Incedere
334396256,4342809,lt,Incedere
334396333,4342810,lt,Demirli
334396410,4342811,lt,Incecik
334396487,4342812,lt,Incecik
334396564,4342813,lt,Incecam
334396641,4342814,lt,Incecay
334396718,4342815,lt,Incecay
334396795,4342816,lt,Incebogaz
334396872,4342817,lt,Incebogaz
334396949,4342818,lt,Incebel
334397026,4342819,lt,Incealipinar
334397103,4342820,lt,Inanli
334397257,4342822,lt,Inandik
334397334,4342823,lt,Inanca
334397411,4342824,lt,Inaloezue
334397565,4342826,lt,Inaloezue
334397642,4342827,lt,Inalani
334397719,4342828,lt,Inal
334397796,4342829,lt,Inac
334397950,4342831,lt,Giokčeada
334398104,4342833,lt,Imrenli
334398181,4342834,lt,Imrendi
334398258,4342835,lt,Imrendere
334398335,4342836,lt,Imranlaras
334398489,4342838,lt,Imirtolu
334398566,4342839,lt,Imirli
334398643,4342840,lt,Imirler
334398720,4342841,lt,Imircik
334398797,4342842,lt,Imat
334398951,4342844,lt,Imranlaras
334399105,4342846,lt,Imampazari
334399182,4342847,lt,Imamoglucesmesi
334399259,4342848,lt,Imamoglu
334399413,4342850,lt,Imamli
334399490,4342851,lt,Imamlar
334399567,4342852,lt,Imamlar
334399644,4342853,lt,Ortakoey
334399721,4342854,lt,Imamkoey
334399798,4342855,lt,Imamkoey
334399875,4342856,lt,Ahmetler
334400029,4342858,lt,Ortakoey
334400260,4342861,lt,Ilyaslar
334400337,4342862,lt,Ilyaslar
334400568,4342865,lt,Iljaskojus
334400645,4342866,lt,Iljaskojus
334400722,4342867,lt,Ilyasgecidi
334400799,4342868,lt,Samrasik
334400876,4342869,lt,Ilyasca
334400953,4342870,lt,Ilyasbey
334401030,4342871,lt,Yarhisar
334401184,4342873,lt,Ilyakut
334401261,4342874,lt,Ilit
334401338,4342875,lt,Ilisu
334401415,4342876,lt,Ilisilik
334401723,4342880,lt,Ilimbey
334401877,4342882,lt,Ilikaynak
334402031,4342884,lt,Ilica
334402108,4342885,lt,Ilicak
334402185,4342886,lt,Ilica
334402262,4342887,lt,Ilicakoy
334402339,4342888,lt,Ilicakoey
334402416,4342889,lt,Kocaoglu
334402570,4342891,lt,Ilicakoey
334402878,4342895,lt,Ilica
334402955,4342896,lt,Ilica
334403109,4342898,lt,Ilhankoey
334403186,4342899,lt,Ilgazi
334403263,4342900,lt,Ylgasas
334403340,4342901,lt,Ilgardere
334403417,4342902,lt,Ilegi
334403725,4342906,lt,Ikramiye
334403879,4342908,lt,Ikizyaka
334403956,4342909,lt,Ikizyaka
334404033,4342910,lt,Ikizoren
334404110,4342911,lt,Ekizler
334404264,4342913,lt,Ikičė
334404341,4342914,lt,Ikizderė
334404418,4342915,lt,Ikizce
334404495,4342916,lt,Sarayoezue
334404572,4342917,lt,Ikizce
334404726,4342919,lt,Ikiyaka
334404803,4342920,lt,Kudresen
334404880,4342921,lt,Ikipinar
334404957,4342922,lt,Ikipinar
334405034,4342923,lt,Ikipinar
334405188,4342925,lt,Ikicam
334405265,4342926,lt,Ihsanoglu
334405342,4342927,lt,Ihsanli
334405419,4342928,lt,Ihsaniye
334405573,4342930,lt,Ihsaniye
334405650,4342931,lt,Baslamis
334405958,4342935,lt,Ihsangazi
334406035,4342936,lt,Igneler
334406189,4342938,lt,Igneciler
334406266,4342939,lt,Igneciler
334406343,4342940,lt,Igneada
334406420,4342941,lt,Ignavutas
334406574,4342943,lt,Igmir
334406651,4342944,lt,Igdir
334406728,4342945,lt,Igdir
334406805,4342946,lt,Igdir
334406882,4342947,lt,Igdir
334407036,4342949,lt,Idiras
334407113,4342950,lt,Igdir
334407190,4342951,lt,Igdir
334407267,4342952,lt,Igdir
334407421,4342954,lt,Igdir
334407575,4342956,lt,Igdeli
334407652,4342957,lt,Igdeli
334407806,4342959,lt,Igceler
334407883,4342960,lt,Igdasoras
334407960,4342961,lt,Iyceler
334408037,4342962,lt,Idrisli
334408191,4342964,lt,Ballica
334408345,4342966,lt,Icyenice
334408422,4342967,lt,Icoren
334408576,4342969,lt,Icmesu
334408653,4342970,lt,Icilli
334408730,4342971,lt,Icdedeler
334408961,4342974,lt,Ibriktepe
334409038,4342975,lt,Ibrikli
334409115,4342976,lt,Ibrice
334409192,4342977,lt,Ibricak
334409269,4342978,lt,Ibricak
334409346,4342979,lt,Ibribey
334409423,4342980,lt,Ibrahimseyh
334409500,4342981,lt,Ibrahimseyh
334409577,4342982,lt,Ibrahimozu
334409654,4342983,lt,Ibrahimkoey
334409731,4342984,lt,Ibrahimkojus
334409808,4342985,lt,Ibrahimkojus
334409885,4342986,lt,Ibrahimderesi
334410039,4342988,lt,Ibisler
334410116,4342989,lt,Ibiskoy
334410270,4342991,lt,Ibik
334410347,4342992,lt,Ibi
334410424,4342993,lt,Ibek
334410501,4342994,lt,Ibecik
334410578,4342995,lt,Asaras
334410655,4342996,lt,Hueyuekkoey
334410732,4342997,lt,Alacahuyuk
334410809,4342998,lt,Huesuenlue
334410963,4343000,lt,Huseyinseyh
334411117,4343002,lt,Huseyinmescit
334411194,4343003,lt,Bostancikas
334411271,4343004,lt,Bostancikas
334411348,4343005,lt,Kozsoekue
334411502,4343007,lt,Huseyincavusoglu
334411656,4343009,lt,Huseyinalan
334411733,4343010,lt,Odakoey
334411810,4343011,lt,Husamettindere
334411887,4343012,lt,Hurucoren
334411964,4343013,lt,Nisanci
334412195,4343016,lt,Darili
334412272,4343017,lt,Caybasi
334412426,4343019,lt,Isaoglu
334412503,4343020,lt,Kiratli
334412734,4343023,lt,Hovakas
334412811,4343024,lt,Kesikoeprue
334412965,4343026,lt,Suetluece
334413042,4343027,lt,Hosdulbent
334413119,4343028,lt,Suetluece
334413196,4343029,lt,Ziyaret
334413350,4343031,lt,Hore
334413504,4343033,lt,Hore
334413658,4343035,lt,Hosarli
334413735,4343036,lt,Hosafoglu
334413812,4343037,lt,Koepruekoey
334413889,4343038,lt,Yuceyurt
334413966,4343039,lt,Koepruekoey
334414043,4343040,lt,Ortakoey
334414197,4343042,lt,Tasocagi
334414351,4343044,lt,Horasan
334414505,4343046,lt,Hopa
334414890,4343051,lt,Yesilalan
334414967,4343052,lt,Hohoras
334415044,4343053,lt,Hodul
334415198,4343055,lt,Purtuloglu
334415275,4343056,lt,Yeniboyundurcak
334415352,4343057,lt,Hocas
334415429,4343058,lt,Hocaoglu
334415506,4343059,lt,Hocakoy
334415583,4343060,lt,Hocakoy
334415814,4343063,lt,Hocakoy
334415968,4343065,lt,Elmayakasi
334416045,4343066,lt,Hocakoy
334416122,4343067,lt,Yukarihocalar
334416199,4343068,lt,Kucuk Kaynarca
334416276,4343069,lt,Hocakoy
334416430,4343071,lt,Hoca
334416507,4343072,lt,Hocakoy
334416584,4343073,lt,Hocahasan
334416661,4343074,lt,Aydinkoy
334416738,4343075,lt,Camyurt
334416815,4343076,lt,Akkese
334416892,4343077,lt,Derekapi
334416969,4343078,lt,Hizirilyas
334417123,4343080,lt,Hizarli
334417200,4343081,lt,Kovukpelit
334417277,4343082,lt,Kuecuekkoey
334417354,4343083,lt,Yukaribuk
334417431,4343084,lt,Hisiroglu
334417585,4343086,lt,Filyos
334417662,4343087,lt,Hisaroenue
334417816,4343089,lt,Hisarkoey
334417970,4343091,lt,Hisarli
334418047,4343092,lt,Hisarkoey
334418124,4343093,lt,Hisarkavak
334418201,4343094,lt,Hisargeris
334418278,4343095,lt,Hisardere
334418432,4343097,lt,Hisarcikkayi
334418509,4343098,lt,Hisarcik
334418586,4343099,lt,Hisarcik
334418663,4343100,lt,Hisarcik
334418740,4343101,lt,Hisarcik
334418817,4343102,lt,Hisarbey
334418894,4343103,lt,Hisar
334418971,4343104,lt,Hirkakoey
334419048,4343105,lt,Hirkakoey
334419125,4343106,lt,Hirkatepe
334419202,4343107,lt,Tepelice
334419433,4343110,lt,Hins
334419510,4343111,lt,Himmetoglu
334419587,4343112,lt,Himmetoglu
334419664,4343113,lt,Himmetoglu
334419818,4343115,lt,Himmetli
334419895,4343116,lt,Himmetkoy
334419972,4343117,lt,Himiroglu
334420126,4343119,lt,OEzmues
334420203,4343120,lt,Hilaller
334420357,4343122,lt,Hidirseyh
334420434,4343123,lt,Hidirlik
334420588,4343125,lt,Hidirli
334420665,4343126,lt,Hidirlar
334420742,4343127,lt,Hidirlar
334420896,4343129,lt,Hidirlar
334420973,4343130,lt,Hidirlar
334421127,4343132,lt,Hidirlar
334421204,4343133,lt,Hidirkoey
334421281,4343134,lt,Hizirdede
334421358,4343135,lt,Hidirca
334421512,4343137,lt,Hidiraga
334421589,4343138,lt,Heybetepe
334421974,4343143,lt,Herkoezue
334422205,4343146,lt,Hergele
334422282,4343147,lt,Nasirli
334422359,4343148,lt,Hereke
334422436,4343149,lt,Hereke
334422513,4343150,lt,Herek
334422590,4343151,lt,Kayalar
334422667,4343152,lt,Hendekas
334422744,4343153,lt,Hendekas
334422821,4343154,lt,Nurluca
334422898,4343155,lt,Hemit
334422975,4343156,lt,Helvacilar
334423052,4343157,lt,Helvaci
334423129,4343158,lt,Helvaci
334423206,4343159,lt,Helvakoy
334423283,4343160,lt,Guzelkent
334423360,4343161,lt,Hoskoy
334423437,4343162,lt,Hediyeli
334423514,4343163,lt,Hecinli
334423591,4343164,lt,Esentepė
334423668,4343165,lt,Habilli
334423899,4343168,lt,Hebeler
334424053,4343170,lt,Hazinedar
334424130,4343171,lt,Darili
334424207,4343172,lt,Hayriye
334424284,4343173,lt,Hayriye
334424361,4343174,lt,Hayriye
334424438,4343175,lt,Hayrioglu
334424515,4343176,lt,Hayrettinkoey
334424592,4343177,lt,Hayrettin
334424669,4343178,lt,Hairatas
334424746,4343179,lt,Haykuert
334424823,4343180,lt,Hayrabolu
334424900,4343181,lt,Haykuert
334425131,4343184,lt,Hayirlar
334425208,4343185,lt,Yaylacik
334425362,4343187,lt,Akgol
334425439,4343188,lt,Yesildere
334425516,4343189,lt,Haydarkoey
334425593,4343190,lt,Haydarkoey
334425747,4343192,lt,Haydarkoey
334425824,4343193,lt,Haydarkoey
334425901,4343194,lt,Havza
334425978,4343195,lt,Havuzlu
334426132,4343197,lt,Havutca
334426209,4343198,lt,Havullu
334426286,4343199,lt,Havsas
334426363,4343200,lt,Yolboyu
334426440,4343201,lt,Havdan
334426594,4343203,lt,Hatipoglu
334426671,4343204,lt,Hatipliketenciler
334426748,4343205,lt,Hatipli
334426979,4343208,lt,Boecuek
334427133,4343210,lt,Boecuek
334427210,4343211,lt,Hatipkoey
334427364,4343213,lt,Ovaseyhler
334427441,4343214,lt,Hatipkoey
334427518,4343215,lt,Derelitekke
334427595,4343216,lt,Muratbasi
334427672,4343217,lt,Seremettin
334427749,4343218,lt,Kuzkalinkese
334427826,4343219,lt,Hatip
334427903,4343220,lt,Zincirlikuyu
334428134,4343223,lt,Hasli
334428211,4343224,lt,Haskoey
334428288,4343225,lt,Haskoey
334428442,4343227,lt,Haskoey
334428519,4343228,lt,Haskoey
334428596,4343229,lt,Haskoey
334428673,4343230,lt,Haskoey
334428750,4343231,lt,Haskoey
334428827,4343232,lt,Haskoey
334428981,4343234,lt,Haskoey
334429058,4343235,lt,Haskavak
334429212,4343237,lt,Hasirli
334429289,4343238,lt,Cetinkaya
334429366,4343239,lt,Hasirciarnavutkoy
334429443,4343240,lt,Hasirci
334429597,4343242,lt,Hasbuga
334429751,4343244,lt,Hasbey
334429905,4343246,lt,Hasayaz
334429982,4343247,lt,Dibekli
334430136,4343249,lt,Hasanseyh
334430290,4343251,lt,Hasanpinar
334430444,4343253,lt,Hasanpasa
334430521,4343254,lt,Hasanoren
334430675,4343256,lt,Hasanli
334430829,4343258,lt,Hasanli
334430906,4343259,lt,Hasanli
334431137,4343262,lt,Hasanlar
334431214,4343263,lt,Hasanlar
334431291,4343264,lt,Belenas
334431368,4343265,lt,Hasanlar
334431445,4343266,lt,Alikoy
334431522,4343267,lt,Hasankahyalar
334431599,4343268,lt,Hasanhaci
334431676,4343269,lt,Hasanfaki
334431753,4343270,lt,Hasanas Beikas
334431830,4343271,lt,Hasanefendi
334431907,4343272,lt,Hasandere
334432061,4343274,lt,Hasančikpinari
334432215,4343276,lt,Hasancik
334432292,4343277,lt,Hasancavus
334432369,4343278,lt,Hasancan
334432446,4343279,lt,Hasanbey
334432523,4343280,lt,Hasanbey
334432600,4343281,lt,Hasanbaba
334432677,4343282,lt,Hasanaga
334432754,4343283,lt,Hasanaga
334432908,4343285,lt,Hasanas
334432985,4343286,lt,Hasakca
334433139,4343288,lt,Hasabdal
334433370,4343291,lt,Harunkoey
334433447,4343292,lt,Ishan
334433524,4343293,lt,Hartha
334433755,4343296,lt,Harmantepe
334433832,4343297,lt,Harmanozu
334433909,4343298,lt,Inalkoey
334433986,4343299,lt,Inalkoey
334434140,4343301,lt,Inalkoey
334434217,4343302,lt,Inalkoey
334434371,4343304,lt,Harmankoy
334434448,4343305,lt,Harmankaya
334434679,4343308,lt,Harmancik
334434756,4343309,lt,Harmancik
334434910,4343311,lt,Harmancik
334434987,4343312,lt,Harmancik
334435064,4343313,lt,Haridas
334435141,4343314,lt,Al `Akad
334435295,4343316,lt,Ath Thajjah
334435526,4343319,lt,Haramikisla
334435603,4343320,lt,Harami
334435911,4343324,lt,Haracci
334436065,4343326,lt,Jenikojus
334436142,4343327,lt,Hapan
334436296,4343329,lt,Hanyeri
334436373,4343330,lt,Hanyatak
334436604,4343333,lt,Hanoezue
334436681,4343334,lt,Hanoezue
334436758,4343335,lt,Hanoezue
334436835,4343336,lt,Hanoenue
334436912,4343337,lt,Dagoenue
334436989,4343338,lt,Dagoenue
334437066,4343339,lt,Dagoenue
334437143,4343340,lt,Hanliyenice
334437220,4343341,lt,Halkenli
334437374,4343343,lt,Hankoey
334437451,4343344,lt,Hankoey
334437528,4343345,lt,Hankoey
334437605,4343346,lt,Hanefi
334437682,4343347,lt,Handere
334437759,4343348,lt,Dagdibi
334437836,4343349,lt,Hancili
334437913,4343350,lt,Hancerli
334437990,4343351,lt,Asagiaktas
334438067,4343352,lt,Hanak
334438144,4343353,lt,Hanahmet
334438221,4343354,lt,Hamzaoglu
334438298,4343355,lt,Guegue
334438375,4343356,lt,Guegue
334438452,4343357,lt,Guegue
334438529,4343358,lt,Guegue
334438606,4343359,lt,Guegue
334438683,4343360,lt,Hamzalar
334438837,4343362,lt,Hamzagerek
334438991,4343364,lt,Hamzebali
334439068,4343365,lt,Hamzabey
334439145,4343366,lt,Hamzabey
334439222,4343367,lt,Hamzabey
334439299,4343368,lt,Hamzabey
334439376,4343369,lt,Hamurlu
334439607,4343372,lt,Hamitli
334439684,4343373,lt,Hamitli
334439761,4343374,lt,Camlibel
334439838,4343375,lt,Hamitkoey
334439915,4343376,lt,Hamitabat
334439992,4343377,lt,Hamitabat
334440069,4343378,lt,Hamidiye
334440146,4343379,lt,Hamidiye
334440223,4343380,lt,Hamidiye
334440300,4343381,lt,Hamidiye
334440377,4343382,lt,Hamidiye
334440454,4343383,lt,Hamidiye
334440531,4343384,lt,Hamidiye
334440685,4343386,lt,Hamidiye
334440762,4343387,lt,Hamidiye
334440839,4343388,lt,Hamidiye
334441070,4343391,lt,Hamdibey
334441147,4343392,lt,Hamdikoy
334441224,4343393,lt,Saray
334441301,4343394,lt,Camburnu
334441378,4343395,lt,Dedekoy
334441455,4343396,lt,Hamamoezue
334441532,4343397,lt,Hamamlicay
334441609,4343398,lt,Uyuzhamam
334441686,4343399,lt,Uyuzhamam
334441763,4343400,lt,Uyuzhamam
334441917,4343402,lt,Uyuzhamam
334441994,4343403,lt,Uyuzhamam
334442071,4343404,lt,Uyuzhamam
334442148,4343405,lt,Saribey
334442225,4343406,lt,Korucukas
334442302,4343407,lt,Artiklar
334442379,4343408,lt,Halli
334442456,4343409,lt,Halli
334442533,4343410,lt,Hallacli
334442610,4343411,lt,Halkevleri
334442764,4343413,lt,Halkali
334442918,4343415,lt,Halkabuk
334443072,4343417,lt,Halilusagi
334443226,4343419,lt,Terkehaliller
334443457,4343422,lt,Halilli
334443534,4343423,lt,Ballikaya
334443611,4343424,lt,Halilbey
334443688,4343425,lt,Halilbaba
334443765,4343426,lt,Halilar
334443919,4343428,lt,Halikoy
334443996,4343429,lt,Halifeli
334444073,4343430,lt,Halifekuyucagi
334444150,4343431,lt,Halife
334444227,4343432,lt,Halidiye
334444304,4343433,lt,Halic
334444381,4343434,lt,Halhalca
334444458,4343435,lt,Halefoglu
334444766,4343439,lt,Halasli
334444843,4343440,lt,Halacli
334444920,4343441,lt,Agacseven
334444997,4343442,lt,Haydarkoey
334445074,4343443,lt,Hackevank
334445151,4343444,lt,Aykut
334445228,4343445,lt,Haciyusuf
334445305,4343446,lt,Haciyeri
334445382,4343447,lt,Bueyuekcay
334445459,4343448,lt,Bueyuekcay
334445536,4343449,lt,Bueyuekcay
334445613,4343450,lt,Hacivelioba
334445690,4343451,lt,Yakabasi
334445767,4343452,lt,Haciveli
334445844,4343453,lt,Haciveli
334445921,4343454,lt,Haciyusuflar
334445998,4343455,lt,Hacisungur
334446075,4343456,lt,Hancheolli
334446152,4343457,lt,Hacisaban
334446229,4343458,lt,Hacisaban
334446306,4343459,lt,Hacireissoku
334446383,4343460,lt,Hacireis
334446537,4343462,lt,Hacipiri
334446614,4343463,lt,Hacipehlivan
334446691,4343464,lt,Hacipazar
334446768,4343465,lt,Hacipasa
334446845,4343466,lt,Haciosmanoglu
334446922,4343467,lt,Haciosmanlar
334446999,4343468,lt,Haciosman
334447076,4343469,lt,Hacioren
334447230,4343471,lt,Hacioglu
334447307,4343472,lt,Hacioglu
334447461,4343474,lt,Hacioglu
334447538,4343475,lt,Hacioglan
334447769,4343478,lt,Hacimuslu
334447846,4343479,lt,Hacimusa
334448000,4343481,lt,Hacimusa
334448077,4343482,lt,Hacimuharrem
334448231,4343484,lt,Hacimehmetleris
334448308,4343485,lt,Uyueklue totorių
334448385,4343486,lt,Hacimasli
334448462,4343487,lt,Hacimahmutlu
334448539,4343488,lt,Haci Mahmutlu
334448616,4343489,lt,Damlacay
334448693,4343490,lt,Hacimahmut
334448770,4343491,lt,Sehrimanlar
334448847,4343492,lt,Hacili
334448924,4343493,lt,Hacilicay
334449001,4343494,lt,Hacili
334449078,4343495,lt,Yogunoluk
334449155,4343496,lt,Yenialan
334449232,4343497,lt,Hacili
334449309,4343498,lt,Hacili
334449463,4343500,lt,Hacili
334449540,4343501,lt,Yesildere
334449617,4343502,lt,Hacilarobasi
334449694,4343503,lt,Hacilarhani
334449771,4343504,lt,Hacilar
334449925,4343506,lt,Hacilar
334450079,4343508,lt,Hacilar
334450156,4343509,lt,Hacilar
334450233,4343510,lt,Hacilar
334450310,4343511,lt,Hacilar
334450464,4343513,lt,Hacilar
334450618,4343515,lt,Hacilar
334450695,4343516,lt,Hacilar
334450849,4343518,lt,Hacikoey
334451157,4343522,lt,Guerpinar
334451234,4343523,lt,Hacikoey
334451311,4343524,lt,Hacikoey
334451619,4343528,lt,Hacikoey
334451696,4343529,lt,Hacikisla
334451773,4343530,lt,Persembe
334451850,4343531,lt,Haci Ismail
334451927,4343532,lt,Haciilyas
334452081,4343534,lt,Hacihuseyinyaylasi
334452158,4343535,lt,Hacihasan
334452235,4343536,lt,Hacihasan
334452312,4343537,lt,Sekikoy
334452466,4343539,lt,Hacihamza
334452543,4343540,lt,Hacihalil
334452620,4343541,lt,Hacihalil
334452697,4343542,lt,Hacigelen
334452774,4343543,lt,Hacifakli
334452851,4343544,lt,Hacidede
334452928,4343545,lt,Hacidanisment
334453005,4343546,lt,Hacicay
334453082,4343547,lt,Hacibeykoeyue
334453159,4343548,lt,Hacibey
334453236,4343549,lt,Hacibeykoeyue
334453313,4343550,lt,Hacibey
334453467,4343552,lt,Hacibayram
334453544,4343553,lt,Halikislak
334453621,4343554,lt,Hacibattal
334453775,4343556,lt,Karakestane
334453852,4343557,lt,Hacialiler
334454006,4343559,lt,Hacialiler
334454237,4343562,lt,Haciali
334454468,4343565,lt,Haciahmetli
334454545,4343566,lt,Haci Ahmet
334454699,4343568,lt,Haciahmet
334454853,4343570,lt,Haci
334454930,4343571,lt,Hacet
334455007,4343572,lt,Haccagiz
334455084,4343573,lt,Aktepė
334455161,4343574,lt,Habiller
334455315,4343576,lt,Dokurcun
334455392,4343577,lt,Habesli
334455623,4343580,lt,Yarimca
334455700,4343581,lt,Guezluek
334455854,4343583,lt,Guezluekas
334455931,4343584,lt,Guezlekas
334456085,4343586,lt,Guezelyurt
334456162,4343587,lt,Guezelyurt
334456239,4343588,lt,Guezelyayla
334456547,4343592,lt,Cayirova
334456624,4343593,lt,Guezelsu
334456778,4343595,lt,Guezelkoey
334456855,4343596,lt,Guezelkoey
334456932,4343597,lt,Guezelkoey
334457009,4343598,lt,Guezelkoey
334457163,4343600,lt,Guezelčehisaras
334457317,4343602,lt,Guezelce
334457394,4343603,lt,Guezelce
334457471,4343604,lt,Guezelce
334457548,4343605,lt,Guezelce
334457625,4343606,lt,Guzelbeyli
334457702,4343607,lt,Guzcimeni
334457856,4343609,lt,Guevercinlikas
334457933,4343610,lt,Guevercinlikas
334458010,4343611,lt,Guevercinlikas
334458164,4343613,lt,Guevercinlikas
334458318,4343615,lt,Guvercin
334458395,4343616,lt,Yalinkavak
334458472,4343617,lt,Guvenocak
334458549,4343618,lt,Guvenlik
334458626,4343619,lt,Guvenlik
334458703,4343620,lt,Guevenli
334458780,4343621,lt,Guevenli
334458857,4343622,lt,Guevenli
334458934,4343623,lt,Gevencli
334459011,4343624,lt,Guevencli
334459088,4343625,lt,Guevencli
334459165,4343626,lt,Guvenc
334459242,4343627,lt,Guven
334459319,4343628,lt,Guevem
334459396,4343629,lt,Guvemalan
334459473,4343630,lt,Guevem
334459550,4343631,lt,Guevem
334459627,4343632,lt,Guryaprak
334459704,4343633,lt,Guersu
334459781,4343634,lt,Guersu
334459858,4343635,lt,Guersu
334459935,4343636,lt,Guersoekue
334460012,4343637,lt,Guerpinar
334460089,4343638,lt,Ugurlu
334460320,4343641,lt,Guerpinar
334460474,4343643,lt,Guerpinar
334460551,4343644,lt,Guroluk
334460705,4343646,lt,Guroglu
334460782,4343647,lt,Gerluė
334460936,4343649,lt,Guerlue
334461013,4343650,lt,Gurle
334461167,4343652,lt,Guergenyatak
334461244,4343653,lt,Gurgentepe
334461321,4343654,lt,Gurgenpinari
334461398,4343655,lt,Gecitkoey
334461475,4343656,lt,Buyuk Kirikli
334461552,4343657,lt,Gurgendere
334461629,4343658,lt,Gurgendag
334461706,4343659,lt,Gurgen
334461783,4343660,lt,Guresen
334462014,4343663,lt,Eskiigdir
334462091,4343664,lt,Gureci
334462168,4343665,lt,Gurdere
334462245,4343666,lt,Yukarisoku
334462399,4343668,lt,Guercesme
334462476,4343669,lt,Gurcayir
334462553,4343670,lt,Gurcam
334462630,4343671,lt,Guerbuez
334462707,4343672,lt,Gurarmut
334462784,4343673,lt,Guenyuezue
334462861,4343674,lt,Guenyuezue
334462938,4343675,lt,Guenyuezue
334463015,4343676,lt,Guenyuezue
334463092,4343677,lt,Gunyurdu
334463169,4343678,lt,Gunyazi
334463246,4343679,lt,Gunvakti
334463323,4343680,lt,Guenueoeren
334463477,4343682,lt,Gunpinar
334463554,4343683,lt,Guenluece
334463708,4343685,lt,Guenluece
334463785,4343686,lt,Guenluece
334463939,4343688,lt,Gunindiyaylasi
334464016,4343689,lt,Gunindi
334464093,4343690,lt,Gunhoslar
334464170,4343691,lt,Guengoermues
334464247,4343692,lt,Guengoeren
334464324,4343693,lt,Guengoeren
334464401,4343694,lt,Guengoeren
334464478,4343695,lt,Guengoeren
334464555,4343696,lt,Guengoeren
334464632,4343697,lt,Guengoeren
334464709,4343698,lt,Taslicay
334464786,4343699,lt,Guengoeren
334464863,4343700,lt,Tepebolmesi
334464940,4343701,lt,Gunyayla
334465094,4343703,lt,Guneysu
334465171,4343704,lt,Guneyoren
334465248,4343705,lt,Alemdar
334465325,4343706,lt,Guneyli
334465479,4343708,lt,Gueney
334465556,4343709,lt,Gueneykoey
334465633,4343710,lt,Kirikas
334465787,4343712,lt,Guneykalinkese
334465864,4343713,lt,Gueney
334465941,4343714,lt,Guengoeren
334466095,4343716,lt,Gueneydere'as
334466249,4343718,lt,Guneycevirme
334466326,4343719,lt,Guneyce
334466403,4343720,lt,Guneyce
334466480,4343721,lt,Guneyce
334466557,4343722,lt,Guneyce
334466634,4343723,lt,Guneybayir
334466711,4343724,lt,Guneyalic
334466788,4343725,lt,Gueney
334467096,4343729,lt,Yeniduzce
334467173,4343730,lt,Cihadiye
334467250,4343731,lt,Akkese
334467404,4343733,lt,Gueney
334468020,4343741,lt,Gueneykoey
334468174,4343743,lt,Gueney
334468405,4343746,lt,Gunevi
334468482,4343747,lt,Gunesoren
334468559,4343748,lt,Damlatas
334468713,4343750,lt,Gecitkoey
334468790,4343751,lt,Gunece
334468867,4343752,lt,Guenduezue
334468944,4343753,lt,Guenduezue
334469021,4343754,lt,Guenduezlue
334469098,4343755,lt,Guenduezlue
334469175,4343756,lt,Gazioglu
334469252,4343757,lt,Gunduzler
334469329,4343758,lt,Cine
334469406,4343759,lt,Armutcukuru
334469483,4343760,lt,Gundogmus
334469560,4343761,lt,Gundogdu
334469868,4343765,lt,Gundogdu
334469945,4343766,lt,Gundogdu
334470022,4343767,lt,Gundogdu
334470176,4343769,lt,Guengoeren
334470330,4343771,lt,Gundogdu
334470407,4343772,lt,Gundogdu
334470484,4343773,lt,Muallim
334470561,4343774,lt,Muallim
334470715,4343776,lt,Guencali
334470946,4343779,lt,Gunbatan
334471023,4343780,lt,Gunbasi
334471177,4343782,lt,Gunalan
334471331,4343784,lt,Gumusyayla
334471408,4343785,lt,Gumusyaprak
334471562,4343787,lt,Guemuestug
334471639,4343788,lt,Guemuestas
334471716,4343789,lt,Guemuestas
334471793,4343790,lt,Guemuestas
334471870,4343791,lt,Guemuesdere
334471947,4343792,lt,Guemuesu
334472024,4343793,lt,Guemuessu
334472101,4343794,lt,Guemuessu
334472178,4343795,lt,Guemuesoezue
334472255,4343796,lt,Guemuesoezue
334472332,4343797,lt,Dedesen
334472409,4343798,lt,Guemuesoezue
334472486,4343799,lt,Guemuesoluk
334472563,4343800,lt,Guemuesoluk
334472640,4343801,lt,Guemuesoluk
334472871,4343804,lt,Guemueskas
334472948,4343805,lt,Guemueskavak
334473025,4343806,lt,Guemueskas
334473102,4343807,lt,Guemueshacikoey
334473179,4343808,lt,Giumiušchanė
334473256,4343809,lt,Guemuesdueven
334473410,4343811,lt,Guemuesdueven
334473487,4343812,lt,Guemuesdere
334473564,4343813,lt,Gumusdamla
334473641,4343814,lt,Guemuescay
334473718,4343815,lt,Gumusalan
334473795,4343816,lt,Guemues
334473872,4343817,lt,Gumurtler
334473949,4343818,lt,Guenluece
334474026,4343819,lt,Uzla
334474103,4343820,lt,Gumerdigin
334474180,4343821,lt,Guemeleoenue
334474257,4343822,lt,Gomec
334474334,4343823,lt,Gueluecas
334474411,4343824,lt,Gulveren
334474488,4343825,lt,Gueluecas
334474565,4343826,lt,Gueltepe
334474642,4343827,lt,Gueltepe
334474796,4343829,lt,Guelluece
334474873,4343830,lt,Guelluece
334475027,4343832,lt,Guelluece
334475104,4343833,lt,Guelluece
334475181,4343834,lt,Guelluece
334475258,4343835,lt,Guelluece
334475335,4343836,lt,Guelluece
334475412,4343837,lt,Guelluece
334475643,4343840,lt,Uzunyol
334475797,4343842,lt,Guller
334475874,4343843,lt,Gueles
334475951,4343844,lt,Gulhayran
334476028,4343845,lt,Gueles
334476182,4343847,lt,Goele
334476336,4343849,lt,Gueldarbi
334476413,4343850,lt,Guldere
334476490,4343851,lt,Gueldarbis
334476567,4343852,lt,Gulcavus
334476644,4343853,lt,Gulburun
334476721,4343854,lt,Gulbayir
334476798,4343855,lt,Kuecuekkoey
334476875,4343856,lt,Gueduen
334476952,4343857,lt,Gueduellue
334477029,4343858,lt,Gueduel
334477106,4343859,lt,Gueduel
334477183,4343860,lt,Gueduelis
334477260,4343861,lt,Gueduelis
334477337,4343862,lt,Gueduelis
334477491,4343864,lt,Guder
334477645,4343866,lt,Guecuekler
334477722,4343867,lt,Guecuekler
334477799,4343868,lt,Guede
334477876,4343869,lt,Guecenovacigi
334478030,4343871,lt,Guecenovacigi
334478338,4343875,lt,Gėzsuezcė
334478415,4343876,lt,Goezsuezas
334478492,4343877,lt,Kozsoekue
334478569,4343878,lt,Guelekas
334478646,4343879,lt,Gozpinar
334478723,4343880,lt,Kuzveren
334478877,4343882,lt,Gozlek
334478954,4343883,lt,Goezkoey
334479031,4343884,lt,Guneyli
334479108,4343885,lt,Akkaya
334479262,4343887,lt,Gozede
334479339,4343888,lt,Goeynuekören
334479416,4343889,lt,Goeynuekören
334479493,4343890,lt,Goeynuekören
334479647,4343892,lt,Goeynuekoeren
334479724,4343893,lt,Goeynuekoeren
334479801,4343894,lt,Goeynuekoeren
334479878,4343895,lt,Goeynuekoeren
334479955,4343896,lt,Goeynueklue
334480186,4343899,lt,Goeynuekas
334480263,4343900,lt,Goiniukas
334480340,4343901,lt,Goeve
334480417,4343902,lt,Guergencikas
334480494,4343903,lt,Göruemlue
334480571,4343904,lt,Goeruemcek
334480648,4343905,lt,Goeruemlue
334480725,4343906,lt,Gioruklė
334480802,4343907,lt,Camkonak
334480956,4343909,lt,Goermeri
334481264,4343913,lt,Goresken
334481341,4343914,lt,Gorentas
334481418,4343915,lt,Kekiktepe
334481495,4343916,lt,Corapcilar
334481572,4343917,lt,Giorelė
334481726,4343919,lt,Goeruekas
334481803,4343920,lt,Birlik
334481880,4343921,lt,Goenue
334481957,4343922,lt,Gonulalan
334482034,4343923,lt,Goenue
334482111,4343924,lt,Gonence
334482188,4343925,lt,Gonen
334482342,4343927,lt,Gondere
334482419,4343928,lt,Goncek
334482496,4343929,lt,Gomu
334482573,4343930,lt,Ortayol
334482650,4343931,lt,Gommece
334482804,4343933,lt,Kavakli
334482881,4343934,lt,Golyurt
334482958,4343935,lt,Golyazi
334483035,4343936,lt,Golyayla
334483112,4343937,lt,Golyani
334483189,4343938,lt,UEzuemoeren
334483266,4343939,lt,Gioliaka
334483343,4343940,lt,Golyaka
334483420,4343941,lt,Golyaka
334483497,4343942,lt,Asagibatak
334483574,4343943,lt,Goelverenas
334483728,4343945,lt,Sirinkoey
334483805,4343946,lt,Goelkoeprue
334484036,4343949,lt,Guelluece
334484113,4343950,lt,Golpazari
334484190,4343951,lt,Goeloeren
334484267,4343952,lt,Goeloeren
334484344,4343953,lt,Goeloeren
334484421,4343954,lt,Goellueoren
334484498,4343955,lt,Goelluekoey
334484575,4343956,lt,Goelluece
334484652,4343957,lt,Goelluece
334484729,4343958,lt,Goelluece
334484806,4343959,lt,Goelluece
334484960,4343961,lt,Goelluece
334485037,4343962,lt,Goellue
334485114,4343963,lt,Goellue
334485191,4343964,lt,Goellue
334485268,4343965,lt,Goellue
334485345,4343966,lt,Goellue
334485422,4343967,lt,Koemuerlue
334485499,4343968,lt,Goellue
334485576,4343969,lt,Jenikojus
334485653,4343970,lt,Goelkoey
334485730,4343971,lt,Goelis
334485807,4343972,lt,Goelkoey
334485884,4343973,lt,Goelkoey
334486038,4343975,lt,Goelkoey
334486115,4343976,lt,Goelkoey
334486192,4343977,lt,Goelkoeprue
334486269,4343978,lt,Goelkoey
334486346,4343979,lt,Goelkoeprue
334486423,4343980,lt,Golgerisi
334486577,4343982,lt,Golezkayi
334486654,4343983,lt,Golez
334486808,4343985,lt,Goletdere
334486885,4343986,lt,Goele
334486962,4343987,lt,Goelcuek
334487039,4343988,lt,Goele
334487116,4343989,lt,Saraykisla
334487193,4343990,lt,Goldere
334487270,4343991,lt,Goldali
334487347,4343992,lt,Goldagi
334487809,4343998,lt,Goelcuekas
334487886,4343999,lt,Gočukas
334487963,4344000,lt,Goelcuekas
334488040,4344001,lt,Goelcuekas
334488117,4344002,lt,Goelcuek
334488194,4344003,lt,Goelcuekas
334488271,4344004,lt,Goelcuekas
334488502,4344007,lt,Goelcuegez
334488579,4344008,lt,Boraboy
334488656,4344009,lt,Golbelen
334488733,4344010,lt,Goelbasi
334488810,4344011,lt,Goelbasi
334489041,4344014,lt,Goelbasi
334489118,4344015,lt,Golalan
334489195,4344016,lt,Golalan
334489349,4344018,lt,Gokyaka
334489426,4344019,lt,Goektuerk
334489580,4344021,lt,Goektepe
334489657,4344022,lt,Goektepe
334489734,4344023,lt,Goektepe
334489811,4344024,lt,Goektepe
334489888,4344025,lt,Goektas
334490042,4344027,lt,Murgul
334490119,4344028,lt,Goksu
334490196,4344029,lt,Goksu
334490273,4344030,lt,Goksu
334490427,4344032,lt,Gokseki
334490504,4344033,lt,Sarikoey
334490735,4344036,lt,Gokpinar
334490812,4344037,lt,Goekoerenas
334491043,4344040,lt,Gokomuz
334491351,4344044,lt,Goekkoey
334491428,4344045,lt,Goekkoey
334491505,4344046,lt,Goekkoey
334491582,4344047,lt,Goekkoey
334491659,4344048,lt,Goekgoezas
334491736,4344049,lt,Goekgoezas
334491813,4344050,lt,Goekgoelis
334491967,4344052,lt,Goekdere
334492121,4344054,lt,Goekdere
334492198,4344055,lt,Goekdere
334492275,4344056,lt,Goekdere
334492352,4344057,lt,Goekdere
334492429,4344058,lt,Goekdere
334492506,4344059,lt,Daricayalani
334492583,4344060,lt,Daricayalani
334492660,4344061,lt,Daricayalani
334492737,4344062,lt,Goekcekoey
334492814,4344063,lt,Gokceli
334492891,4344064,lt,Hurusya
334492968,4344065,lt,Gokcetas
334493045,4344066,lt,Gokcetabaklar
334493122,4344067,lt,Goekcesu
334493199,4344068,lt,Goekcesu
334493353,4344070,lt,Goekcesu
334493430,4344071,lt,Goekcesu
334493584,4344073,lt,Gokcesaray
334493661,4344074,lt,Goekceez
334493738,4344075,lt,Goekcepinaras
334493815,4344076,lt,Goekceoez
334493892,4344077,lt,Goekceoez
334493969,4344078,lt,Gokceoren
334494046,4344079,lt,Demirkaya
334494123,4344080,lt,Cubukluosmaniye
334494200,4344081,lt,Gokceoren
334494277,4344082,lt,Gokceoren
334494354,4344083,lt,Gokyenice
334494431,4344084,lt,Gokceoluk
334494508,4344085,lt,Gokceli
334494662,4344087,lt,Gokceli
334494816,4344089,lt,Goekcekoey
334494893,4344090,lt,Goekcekoey
334495047,4344092,lt,Goekcekoey
334495124,4344093,lt,Goekcekoey
334495201,4344094,lt,Goekcekoey
334495278,4344095,lt,Goekcekoey
334495355,4344096,lt,Goekcekoey
334495509,4344098,lt,Goekcekoey
334495586,4344099,lt,Goekcekoey
334495663,4344100,lt,Goekcekoey
334495740,4344101,lt,Gokcekiran
334495894,4344103,lt,Gokcekent
334495971,4344104,lt,Gokcekent
334496125,4344106,lt,Gokcekaya
334496279,4344108,lt,Gokcekaya
334496356,4344109,lt,Gokcekas
334496433,4344110,lt,Gokcedogan
334496510,4344111,lt,Goekcedere
334496587,4344112,lt,Goekcedere
334496818,4344115,lt,Gokcebogaz
334496895,4344116,lt,Giokčebėjus
334497049,4344118,lt,Salacik
334497126,4344119,lt,Goekcebelis
334497203,4344120,lt,Gokcebayir
334497280,4344121,lt,Gokcebag
334497357,4344122,lt,Gokcebag
334497434,4344123,lt,Gokcealan
334497511,4344124,lt,Gokceagacsakizi
334497588,4344125,lt,Gokceagacoymagi
334497742,4344127,lt,Goekceagac
334497819,4344128,lt,Goekceagac
334497896,4344129,lt,Beydere
334497973,4344130,lt,Beydere
334498050,4344131,lt,Beydere
334498127,4344132,lt,Beydere
334498204,4344133,lt,Gokcam
334498435,4344136,lt,Goekbelen
334498589,4344138,lt,Gokbel
334498666,4344139,lt,Gokbel
334498743,4344140,lt,Gokal
334498820,4344141,lt,Gokbel
334498974,4344143,lt,Goezuekara
334499128,4344145,lt,Goehertas
334499282,4344147,lt,Goeckuen
334499359,4344148,lt,Gecgun
334499436,4344149,lt,Goeckuenas
334499513,4344150,lt,Akmescit
334499590,4344151,lt,Koemuerler
334499667,4344152,lt,Goceri
334499744,4344153,lt,Gocenli
334499898,4344155,lt,Goece
334500052,4344157,lt,Goeckoey
334500206,4344159,lt,Goeckoey
334500283,4344160,lt,Goebueleris
334500360,4344161,lt,Dolu
334500437,4344162,lt,Goebueleris
334500514,4344163,lt,Goebue
334500668,4344165,lt,Gobel
334500745,4344166,lt,Cakirli
334500899,4344168,lt,Girnė
334500976,4344169,lt,Giresunas
334501053,4344170,lt,Ardic
334501284,4344173,lt,Kampinaras
334501361,4344174,lt,Giregoesek
334501515,4344176,lt,Gidirli
334501669,4344178,lt,Yemisli
334501977,4344182,lt,Gezenek
334502054,4344183,lt,Gezkoey
334502131,4344184,lt,Geivė
334502208,4344185,lt,Geynik
334502285,4344186,lt,Bagdere
334502362,4344187,lt,Geyikpinar
334502439,4344188,lt,Geyikli
334502593,4344190,lt,Geyikli
334502670,4344191,lt,Geyikkiri
334502824,4344193,lt,Geyik
334502901,4344194,lt,Geydogan
334503132,4344197,lt,Aksoeguet
334503209,4344198,lt,Gerit
334503286,4344199,lt,Aksoeguet
334503440,4344201,lt,Alatarla
334503517,4344202,lt,Germece
334503594,4344203,lt,Gerlengec
334503748,4344205,lt,Gerisler
334503825,4344206,lt,Esenyurt
334503902,4344207,lt,Mekecler
334503979,4344208,lt,Kasabaorencik
334504056,4344209,lt,Guerguer
334504210,4344211,lt,Geris
334504287,4344212,lt,Goekcebuek
334504364,4344213,lt,Gergen
334504441,4344214,lt,Gerenoezue
334504749,4344218,lt,Gereh
334504826,4344219,lt,Geredeli
334504903,4344220,lt,Geredė
334505057,4344222,lt,Senyurt
334505288,4344225,lt,Gerdekhisar
334505442,4344227,lt,Geris
334505519,4344228,lt,Generli
334505596,4344229,lt,Dagyeri
334505673,4344230,lt,Yesilkoey
334505750,4344231,lt,Gencek
334505827,4344232,lt,Hacimazli
334505981,4344234,lt,Ciftlik
334506058,4344235,lt,Gemlikas
334506289,4344238,lt,Duracali
334506443,4344240,lt,Gemibuekue
334506520,4344241,lt,Gemi
334506674,4344243,lt,Gelinpertekas
334506828,4344245,lt,Gelinpertek
334506905,4344246,lt,Gelinoren
334506982,4344247,lt,Gelinkaya
334507136,4344249,lt,Gelinalan
334507213,4344250,lt,Gelik
334507367,4344252,lt,Gelicek
334507444,4344253,lt,Gelibolu
334507521,4344254,lt,Gelgec
334507598,4344255,lt,Besdegirmen
334507675,4344256,lt,Guezelyurt
334507752,4344257,lt,Gediksatilmis
334507829,4344258,lt,Gediksaray
334507983,4344260,lt,Gedikli
334508060,4344261,lt,Gedikli
334508137,4344262,lt,Gedikas
334508214,4344263,lt,Gedelek
334508291,4344264,lt,Gecmis
334508368,4344265,lt,Altinyayla
334508445,4344266,lt,Geckinli
334508522,4344267,lt,Gecitli
334508599,4344268,lt,Selimas
334508676,4344269,lt,Gecitli
334508753,4344270,lt,Gecitli
334508830,4344271,lt,Gecitler
334508907,4344272,lt,Gecitkoey
334508984,4344273,lt,Gecitkoey
334509061,4344274,lt,Gecitagzi
334509138,4344275,lt,Gecitagzi
334509215,4344276,lt,Gecik
334509292,4344277,lt,Gecitkoey
334509446,4344279,lt,Gecikmez
334509523,4344280,lt,Gecik
334509677,4344282,lt,Gebzė
334509831,4344284,lt,Gebeler
334509908,4344285,lt,Gebekoey
334509985,4344286,lt,Emirleris
334510139,4344288,lt,Gazitepekoy
334510293,4344290,lt,Gazipasa
334510370,4344291,lt,Gazimehmet
334510447,4344292,lt,Gazileris
334510524,4344293,lt,Gazileris
334510678,4344295,lt,Gazileris
334510755,4344296,lt,Gazileris
334510832,4344297,lt,Gazikoy
334510909,4344298,lt,Gazideretabakli
334510986,4344299,lt,Gazidere
334511063,4344300,lt,Gazibeyli
334511217,4344302,lt,Aydullar
334511371,4344304,lt,Bayazit
334511525,4344306,lt,Garipsah
334511756,4344309,lt,Gecitkoey
334511833,4344310,lt,Karasapaca
334511910,4344311,lt,Yagmurlu
334511987,4344312,lt,Tekeoglu
334512064,4344313,lt,Ganibeyler
334512449,4344318,lt,Gaffarli
334512526,4344319,lt,Gacik
334512680,4344321,lt,Fulacik
334512757,4344322,lt,Fuadiye
334512834,4344323,lt,Baltacili
334512911,4344324,lt,Akdogan
334512988,4344325,lt,Fistikli
334513065,4344326,lt,Fistikli
334513142,4344327,lt,Firinli
334513219,4344328,lt,Findiksuyu
334513296,4344329,lt,Findikoba
334513373,4344330,lt,Asagifindikli
334513450,4344331,lt,Findikliaksu
334513527,4344332,lt,Babakoy
334513604,4344333,lt,Findikli
334513681,4344334,lt,Findikli
334513758,4344335,lt,Findikli
334513835,4344336,lt,Findikli
334513912,4344337,lt,Findikli
334514066,4344339,lt,Findikli
334514143,4344340,lt,Findikli
334514220,4344341,lt,Findikli
334514297,4344342,lt,Findikli
334514374,4344343,lt,Findikli
334514451,4344344,lt,Findikkoey
334514528,4344345,lt,Konakas
334514605,4344346,lt,Findikkoey
334514682,4344347,lt,Akpinaras
334515221,4344354,lt,Findicakas
334515298,4344355,lt,Findicakas
334515606,4344359,lt,Filizli
334515683,4344360,lt,Filizli
334515760,4344361,lt,Figani
334515914,4344363,lt,Fidancik
334515991,4344364,lt,Fidanbasi
334516068,4344365,lt,Cesmekoy
334516145,4344366,lt,Feyziye
334516222,4344367,lt,Feyziye
334516299,4344368,lt,Fevziye
334516376,4344369,lt,Fevziye
334516453,4344370,lt,Fevziye
334516530,4344371,lt,Fethiye
334516607,4344372,lt,Fethiye
334516684,4344373,lt,Feruz
334516761,4344374,lt,Feruz
334516838,4344375,lt,Ferizlis
334516992,4344377,lt,Ferhatli
334517069,4344378,lt,Fenerkoeyue
334517146,4344379,lt,Fenerkoey
334517223,4344380,lt,Fenerkoeyue
334517300,4344381,lt,Fenerkoey
334517377,4344382,lt,Akguemues
334517531,4344384,lt,Fadilkoey
334517762,4344387,lt,Fatsa
334518070,4344391,lt,Fatih
334518147,4344392,lt,Fasil
334518224,4344393,lt,Farasli
334518301,4344394,lt,Atakoey
334518455,4344396,lt,Fakilar
334518609,4344398,lt,Fakidagi
334518840,4344401,lt,Demirtas
334518917,4344402,lt,Fahrioglu
334519071,4344404,lt,Saltuklu
334519148,4344405,lt,Ezekoey
334519225,4344406,lt,Ezeltere
334519302,4344407,lt,Ezekoey
334519379,4344408,lt,Eyuepoezue
334519533,4344410,lt,Eyuep
334519610,4344411,lt,Eyupsultan
334519687,4344412,lt,Eyuep
334519841,4344414,lt,Einesilas
334519918,4344415,lt,Eynegazi
334520072,4344417,lt,Eymur
334520226,4344419,lt,Eymir
334520303,4344420,lt,Eymir
334520380,4344421,lt,Eymir
334520457,4344422,lt,Kerimoglu
334520534,4344423,lt,Eymir
334520688,4344425,lt,Eymir
334520765,4344426,lt,Eymir
334520842,4344427,lt,Besikli
334520919,4344428,lt,Egerci
334520996,4344429,lt,Egerce
334521227,4344432,lt,Evrensekiz
334521304,4344433,lt,Evrenli
334521458,4344435,lt,Evrencik
334521535,4344436,lt,Evrenbey
334521612,4344437,lt,Evren
334521689,4344438,lt,Evliyali
334521766,4344439,lt,Evlek
334521843,4344440,lt,Eveyikli
334521997,4344442,lt,Evcili
334522074,4344443,lt,Evciler
334522151,4344444,lt,Evciler
334522228,4344445,lt,Evci
334522305,4344446,lt,Evci
334522382,4344447,lt,Evci
334522459,4344448,lt,Evci
334522536,4344449,lt,Evci
334522613,4344450,lt,Evbakan
334522690,4344451,lt,Etyemezli
334522767,4344452,lt,Etyemez
334522844,4344453,lt,Etyemez
334522998,4344455,lt,Hacimehmetas
334523075,4344456,lt,Esmeyazi
334523152,4344457,lt,Esmekaya
334523229,4344458,lt,Esmedere
334523306,4344459,lt,Esme
334523383,4344460,lt,Esme
334523460,4344461,lt,Esmahanim
334523537,4344462,lt,Eslemez
334523691,4344464,lt,Eskiziraatli
334523768,4344465,lt,Eskiyayla
334523845,4344466,lt,Eskiyapar
334523999,4344468,lt,Eskitasli
334524076,4344469,lt,Eskisoras
334524153,4344470,lt,Kuscenneti
334524307,4344472,lt,Eskisaribey
334524384,4344473,lt,Kucuk Pirveli
334524461,4344474,lt,Eskipazar
334524538,4344475,lt,Eskipasaras
334524692,4344477,lt,Eskiormankoey
334524769,4344478,lt,Eskioren
334525000,4344481,lt,Eskikoey
334525077,4344482,lt,Gumusoglu
334525231,4344484,lt,Eskikoey
334525308,4344485,lt,Eskikoey
334525462,4344487,lt,Eskikoey
334525539,4344488,lt,Eskikoey
334525616,4344489,lt,Eskikizilelma
334525693,4344490,lt,Eskikizilcakese
334525847,4344492,lt,Eski Kilic
334525924,4344493,lt,Eski Karaagac
334526001,4344494,lt,Eskikale
334526078,4344495,lt,Eskihisar
334526309,4344498,lt,Eskigueney
334526386,4344499,lt,Eskigazi
334526463,4344500,lt,Eskiekin
334526540,4344501,lt,Eskidagici
334526617,4344502,lt,Eskicote
334526694,4344503,lt,Eskiceltek
334526848,4344505,lt,Eskice
334526925,4344506,lt,Eskice
334527002,4344507,lt,Eskicaga
334527079,4344508,lt,Eskibicki
334527156,4344509,lt,Eski Beyrehatun
334527233,4344510,lt,Kurtlaras
334527310,4344511,lt,Eskibediras
334527387,4344512,lt,Eskibalikli
334527464,4344513,lt,Turkbakacak
334527618,4344515,lt,Eskiatca
334527695,4344516,lt,Eskiarmutluk
334527772,4344517,lt,Eskialibey
334527849,4344518,lt,Eskiahir
334528003,4344520,lt,Esiroglu
334528080,4344521,lt,Esetce
334528157,4344522,lt,Tascilar
334528234,4344523,lt,Eserli
334528311,4344524,lt,Eserce
334528465,4344526,lt,Esenyurt
334528542,4344527,lt,Esenyurt
334528619,4344528,lt,Esenyurt
334528696,4344529,lt,Esenyurt
334528773,4344530,lt,Esenyurt
334528850,4344531,lt,Esenyazi
334528927,4344532,lt,Esenyayla
334529004,4344533,lt,Esenyamac
334529081,4344534,lt,Esentepė
334529158,4344535,lt,Esentepė
334529389,4344538,lt,Korubuekue
334529466,4344539,lt,Esenli
334529620,4344541,lt,Esenli
334529697,4344542,lt,Esenler
334529774,4344543,lt,Esenler
334529851,4344544,lt,Esenler
334529928,4344545,lt,Esenler
334530159,4344548,lt,Esenkoy
334530236,4344549,lt,Esenkoy
334530313,4344550,lt,Esenkoy
334530390,4344551,lt,Esenkiyi
334530467,4344552,lt,Esenkent
334530544,4344553,lt,Esenyaka
334530621,4344554,lt,Esenyaka
334530698,4344555,lt,Esengazili
334530775,4344556,lt,Esendurak
334530852,4344557,lt,Esendurak
334530929,4344558,lt,Esendere
334531006,4344559,lt,Esendal
334531083,4344560,lt,Esenceli
334531160,4344561,lt,Terzili
334531237,4344562,lt,Esence
334531314,4344563,lt,Esencay
334531391,4344564,lt,Esencay
334531468,4344565,lt,Esencay
334531622,4344567,lt,Esencam
334531699,4344568,lt,Esenbogaz
334531776,4344569,lt,Esenboga
334531853,4344570,lt,Esenbey
334531930,4344571,lt,Esen
334532315,4344576,lt,Esatli
334532392,4344577,lt,Esatciftligi Koeyue
334532469,4344578,lt,Ertugrulkoey
334532546,4344579,lt,Ertugrul
334532623,4344580,lt,Ertugrulkoey
334532931,4344584,lt,Ersil
334533085,4344586,lt,Ermisler
334533162,4344587,lt,Gokler
334533239,4344588,lt,Emrecik
334533393,4344590,lt,Erkoca
334533547,4344592,lt,Akduran
334533624,4344593,lt,Erkekarpa
334533701,4344594,lt,Erkec
334533778,4344595,lt,Erkec
334533855,4344596,lt,Dagdagul
334533932,4344597,lt,Bueruecek
334534086,4344599,lt,Eriklimani
334534163,4344600,lt,Bueruecek
334534240,4344601,lt,Eriklice
334534317,4344602,lt,Eriklice
334534394,4344603,lt,Berberu
334534471,4344604,lt,Berberu
334534702,4344607,lt,Berberu
334534779,4344608,lt,Ilimtepe
334534856,4344609,lt,Berberu
334534933,4344610,lt,Berberu
334535087,4344612,lt,Berberu
334535164,4344613,lt,Erikkoey
334535241,4344614,lt,Erikler
334535318,4344615,lt,Erikkoey
334535395,4344616,lt,Erikdibi
334535549,4344618,lt,Karamukmolla
334535703,4344620,lt,Erikbelen
334535780,4344621,lt,Erikbelen
334535857,4344622,lt,Erikkoey
334535934,4344623,lt,Ericek
334536165,4344626,lt,Ericek
334536242,4344627,lt,Ericek
334536319,4344628,lt,Ericek
334536396,4344629,lt,Ericek
334536473,4344630,lt,Erginkoey
334536550,4344631,lt,Sivaci
334536627,4344632,lt,Ergili
334536781,4344634,lt,Ergazi
334536858,4344635,lt,Erfelek
334536935,4344636,lt,Erenyurt
334537012,4344637,lt,Erentepė
334537166,4344639,lt,Erenli
334537243,4344640,lt,Dueguencuelue
334537320,4344641,lt,Dueguencuelue
334537397,4344642,lt,Dueguencuelue
334537474,4344643,lt,Dueguencuelue
334537551,4344644,lt,Korucukas
334537705,4344646,lt,Eren
334537782,4344647,lt,Erenkaya
334537859,4344648,lt,Erence
334537936,4344649,lt,Ereli
334538013,4344650,lt,Eregli
334538090,4344651,lt,Erdogmus
334538167,4344652,lt,Erdogdu
334538244,4344653,lt,Erdogasi
334538321,4344654,lt,Erdogan
334538398,4344655,lt,Erdogan
334538475,4344656,lt,Erdemli
334538552,4344657,lt,Erdemleris
334538629,4344658,lt,Erdekas
334538706,4344659,lt,Erdagi
334538937,4344662,lt,Erbaa
334539014,4344663,lt,Epceler
334539091,4344664,lt,Epceli
334539168,4344665,lt,Epceler
334539322,4344667,lt,Engueruecuek
334539476,4344669,lt,Engueruecuek
334539553,4344670,lt,Enguecek
334539630,4344671,lt,Engilekin
334539707,4344672,lt,Enezas
334539784,4344673,lt,Enbiya
334539938,4344675,lt,Emremsultan
334540015,4344676,lt,Emreleris
334540092,4344677,lt,Emrecik
334540169,4344678,lt,Emre
334540246,4344679,lt,Emiryusuf
334540323,4344680,lt,Emiryakup
334540400,4344681,lt,Emirtolu
334540477,4344682,lt,Emirseyit
334540554,4344683,lt,Emirsah
334540631,4344684,lt,Emirsah
334540708,4344685,lt,Emiroren
334540785,4344686,lt,Epciler
334540862,4344687,lt,Emiroglu
334540939,4344688,lt,Emirli
334541016,4344689,lt,Emirli
334541093,4344690,lt,Emirleryenicesi
334541247,4344692,lt,Emirleris
334541324,4344693,lt,Sarniclar
334541401,4344694,lt,Emirleris
334541478,4344695,lt,Emirleris
334541555,4344696,lt,Imirli
334541632,4344697,lt,Emirleris
334541786,4344699,lt,Emirgazi
334541940,4344701,lt,Emirbag
334542017,4344702,lt,Emirali
334542094,4344703,lt,Emirali
334542171,4344704,lt,Guven
334542325,4344706,lt,Eminacma
334542402,4344707,lt,Kirazkoey
334542556,4344709,lt,Emenli
334542633,4344710,lt,Mescitkoey
334542710,4344711,lt,Yunuskoy
334542864,4344713,lt,Elvanpazarcik
334542941,4344714,lt,Elvanlar
334543018,4344715,lt,Elvancelebi
334543095,4344716,lt,Eloren
334543172,4344717,lt,Eloren
334543326,4344719,lt,Elmayazi
334543403,4344720,lt,El Mezquite
334543480,4344721,lt,Elmapinar
334543557,4344722,lt,Elmapinar
334543634,4344723,lt,Elmalik
334543711,4344724,lt,Elmalik
334543788,4344725,lt,Elmalik
334543942,4344727,lt,Elmali
334544019,4344728,lt,Elmali
334544096,4344729,lt,Elmali
334544173,4344730,lt,Elmali
334544250,4344731,lt,Elmali
334544327,4344732,lt,Elmali
334544404,4344733,lt,Elmali
334544481,4344734,lt,Elmalik
334544558,4344735,lt,Elmali
334544635,4344736,lt,Elmali
334544789,4344738,lt,Elmali
334544943,4344740,lt,Elmali
334545020,4344741,lt,Elmali
334545097,4344742,lt,Elmali
334545174,4344743,lt,Camkoey
334545328,4344745,lt,Elmacukuru
334545405,4344746,lt,Elmacukur
334545559,4344748,lt,Elmacikdere
334545636,4344749,lt,Elmacik
334545713,4344750,lt,Elmacik
334545867,4344752,lt,Elmacik
334545944,4344753,lt,Elmacik
334546021,4344754,lt,Elmacik
334546098,4344755,lt,Elmaci
334546175,4344756,lt,Elmaci
334546252,4344757,lt,Ellibas
334546637,4344762,lt,Elicek
334546714,4344763,lt,Elibueyuek
334546868,4344765,lt,Elemin
334546945,4344766,lt,Elemen
334547022,4344767,lt,Elecik
334547099,4344768,lt,Eldivan
334547253,4344770,lt,Elden
334547330,4344771,lt,Eldelek
334547407,4344772,lt,Eldavut
334547484,4344773,lt,Elcili
334547561,4344774,lt,Elcigez
334547715,4344776,lt,Elbeyli
334547869,4344778,lt,Elaldi
334547946,4344779,lt,Sariyusuf
334548023,4344780,lt,Eksinar
334548100,4344781,lt,Eksik
334548177,4344782,lt,Eksidere
334548331,4344784,lt,Sindiran
334548408,4344785,lt,Ekmekci
334548485,4344786,lt,Ekmekci
334548562,4344787,lt,Ekmekci
334548639,4344788,lt,Ekinpinar
334548716,4344789,lt,Ekinoren
334548870,4344791,lt,Ekinlik
334548947,4344792,lt,Ekingoelue
334549024,4344793,lt,Ekingoelue
334549101,4344794,lt,Ekingoelue
334549178,4344795,lt,Ekincileris
334549255,4344796,lt,Ekincileris
334549409,4344798,lt,Ekincik
334549486,4344799,lt,Ekincik
334549563,4344800,lt,Yesilkoey
334549640,4344801,lt,Ekincik
334549717,4344802,lt,Cihanli
334549871,4344804,lt,Ekincileris
334549948,4344805,lt,Ekenek
334550025,4344806,lt,Ekecek
334550256,4344809,lt,Egrikum
334550333,4344810,lt,Coskunlar
334550487,4344812,lt,Dolu
334550564,4344813,lt,Egridere
334550641,4344814,lt,Kuzyakaotekoy
334550795,4344816,lt,Egricay
334550872,4344817,lt,Egribuk
334550949,4344818,lt,Egriambaras
334551026,4344819,lt,Egrikoy
334551180,4344821,lt,Eglence
334551257,4344822,lt,Egerti
334551334,4344823,lt,Egerlikozoeren
334551411,4344824,lt,Egerliderekoy
334551488,4344825,lt,Egerlibaskoy
334551565,4344826,lt,Egerlialoren
334551642,4344827,lt,Egercili
334551719,4344828,lt,Yesilkoey
334551873,4344830,lt,Eserce
334551950,4344831,lt,Eflani
334552104,4344833,lt,Efeler
334552181,4344834,lt,Edirnė
334552258,4344835,lt,Edirkoy
334552335,4344836,lt,Edincikas
334552412,4344837,lt,Edilli
334552566,4344839,lt,Aksu
334552643,4344840,lt,Edil
334552720,4344841,lt,Edeler
334552874,4344843,lt,Edekoy
334552951,4344844,lt,Edebey
334553028,4344845,lt,Ikizciler
334553182,4344847,lt,Eceler
334553259,4344848,lt,Yesilkoey
334553336,4344849,lt,Edžeabatas
334553413,4344850,lt,Ebegumeci
334553490,4344851,lt,Duzyayla
334553644,4344853,lt,Meleksah
334553721,4344854,lt,Duzova
334553798,4344855,lt,Duzorman
334553875,4344856,lt,Duezmahalle
334553952,4344857,lt,Duezluece
334554029,4344858,lt,Duezkoey
334554106,4344859,lt,Duezluek
334554183,4344860,lt,Duezkoey
334554260,4344861,lt,Yemisli
334554337,4344862,lt,Duezkoey
334554491,4344864,lt,Duezkoey
334554568,4344865,lt,Yesiltepe
334554645,4344866,lt,Duezkoey
334554722,4344867,lt,Duezkoey
334554799,4344868,lt,Agirtas
334554876,4344869,lt,Duezkoey
334554953,4344870,lt,Duezkoey
334555030,4344871,lt,Diuzkėjus
334555107,4344872,lt,Duezkoey
334555184,4344873,lt,Duezkoey
334555261,4344874,lt,Duzkaraagac
334555338,4344875,lt,Duzgecit
334555415,4344876,lt,Duzenli
334555492,4344877,lt,Arik
334555569,4344878,lt,Yesilpinar
334555723,4344880,lt,Duzce
334555800,4344881,lt,Diuzdžė
334555877,4344882,lt,Duzcam
334555954,4344883,lt,Duzardic
334556031,4344884,lt,Alifuatpasa
334556262,4344887,lt,Duygulu
334556339,4344888,lt,Dueverduezue
334556570,4344891,lt,Dutoezue
334556647,4344892,lt,Dutluk
334556801,4344894,lt,Yesilyurt
334556955,4344896,lt,Dutlu
334557032,4344897,lt,Dutlimani
334557109,4344898,lt,Dutkoey
334557186,4344899,lt,Tunca
334557263,4344900,lt,Dutdibi
334557340,4344901,lt,Dutagac
334557417,4344902,lt,Duzenli
334557494,4344903,lt,Durusu
334557571,4344904,lt,Durupinar
334557648,4344905,lt,Duruma
334557725,4344906,lt,Durukoy
334557802,4344907,lt,Durudere
334557879,4344908,lt,Durucay
334557956,4344909,lt,Durucasu
334558033,4344910,lt,Durucasu
334558187,4344912,lt,Duruca
334558264,4344913,lt,Dursunlu
334558341,4344914,lt,Dursunlar
334558418,4344915,lt,Dursunkoey
334558495,4344916,lt,Dursunkoey
334558649,4344918,lt,Durhasan
334558726,4344919,lt,Durhasan
334558880,4344921,lt,Boyluca
334558957,4344922,lt,Durdane
334559034,4344923,lt,Saraydurak
334559188,4344925,lt,Duranlar
334559342,4344927,lt,Duralar
334559419,4344928,lt,Malekas Falizas
334559496,4344929,lt,Durakli
334559573,4344930,lt,Duraklar
334559727,4344932,lt,Durakbasi
334559881,4344934,lt,Duragan
334560035,4344936,lt,Dūma
334560266,4344939,lt,Durucay
334560574,4344943,lt,Yesildumlupinar
334560651,4344944,lt,Dumlupinar
334560728,4344945,lt,Yigitalan
334560805,4344946,lt,Tuluntas
334560882,4344947,lt,Dumantepe
334560959,4344948,lt,Dumanolugu
334561036,4344949,lt,Dumanli
334561113,4344950,lt,Dumanli
334561190,4344951,lt,Dumanli
334561267,4344952,lt,Yemeni
334561344,4344953,lt,Dumankoey
334561575,4344956,lt,Dumanas
334561652,4344957,lt,Dumanas
334561729,4344958,lt,Dumanas
334561806,4344959,lt,Dulgeroglu
334561883,4344960,lt,Dulger
334561960,4344961,lt,Duhancilar
334562114,4344963,lt,Dueguencuebasi
334562191,4344964,lt,Yukaridugencili
334562499,4344968,lt,Dudas
334562576,4344969,lt,Dudas
334562653,4344970,lt,Dudas
334562730,4344971,lt,Dudakli
334562807,4344972,lt,Doyumlu
334562884,4344973,lt,Doyran
334562961,4344974,lt,Doyran
334563115,4344976,lt,Doymus
334563192,4344977,lt,Doymus
334563269,4344978,lt,Doymus
334563346,4344979,lt,Dovmekaya
334563423,4344980,lt,Duzsaylan
334563577,4344982,lt,Dorukseki
334563885,4344986,lt,Doertyol
334563962,4344987,lt,Doertyol
334564039,4344988,lt,Demirkonakas
334564193,4344990,lt,Diortdivanas
334564270,4344991,lt,Doerduelis
334564347,4344992,lt,Dorak
334564424,4344993,lt,Duranas
334564501,4344994,lt,Dogankoey
334564578,4344995,lt,Doengelli
334564655,4344996,lt,Dongel
334564732,4344997,lt,Doengeli
334564886,4344999,lt,Doengelis
334565040,4345001,lt,Enguecek
334565117,4345002,lt,Koroglu
334565194,4345003,lt,Karsiyaka
334565271,4345004,lt,Donertas
334565502,4345007,lt,Dondurma
334565733,4345010,lt,Donalar
334565887,4345012,lt,Tepekoey
334566041,4345014,lt,Domurcali
334566118,4345015,lt,Sahilkoey
334566195,4345016,lt,Dombay
334566272,4345017,lt,Dolu
334566349,4345018,lt,Doludere
334566426,4345019,lt,Doelluek
334566503,4345020,lt,Yesilyurt
334566580,4345021,lt,Doelluekas
334566734,4345023,lt,Dolhan
334566811,4345024,lt,Tuzlukoy
334566888,4345025,lt,Dolek
334566965,4345026,lt,Dolekcayir
334567196,4345029,lt,Dolbentli
334567273,4345030,lt,Dolayuz
334567427,4345032,lt,Dolayli
334567504,4345033,lt,Dolayli
334567581,4345034,lt,Dolay
334567658,4345035,lt,Oglakoezue
334567812,4345037,lt,Dokuzogul
334567889,4345038,lt,Dokuzhueyuek
334568043,4345040,lt,Dokuzhueyuek
334568120,4345041,lt,Dokuzcam
334568274,4345043,lt,Dokmetepe
334568351,4345044,lt,Akyueruek
334568428,4345045,lt,Guezelyurt
334568505,4345046,lt,Doguca
334568582,4345047,lt,Dogruyol
334568813,4345050,lt,Dogrukaracamurat
334568890,4345051,lt,Dogruca
334569044,4345053,lt,Doglacik
334569121,4345054,lt,Doglacik
334569198,4345055,lt,Dogla
334569275,4345056,lt,Dogla
334569352,4345057,lt,Doganyurt
334569429,4345058,lt,Doganyurt
334569506,4345059,lt,Doganyurt
334569583,4345060,lt,Dogantepe
334569660,4345061,lt,Dogantepe
334569737,4345062,lt,Dogantepe
334569814,4345063,lt,Dogandere
334569891,4345064,lt,Dogansar
334570045,4345066,lt,Doganpinar
334570199,4345068,lt,Doganoren
334570276,4345069,lt,Doganoren
334570353,4345070,lt,Doganoluk
334570507,4345072,lt,Loekkoey
334570738,4345075,lt,Loekkoey
334570815,4345076,lt,Loekkoey
334570892,4345077,lt,Doganlaras
334570969,4345078,lt,Doganlaras
334571123,4345080,lt,Dogankoey
334571277,4345082,lt,Dogankoey
334571354,4345083,lt,Dogankent
334571431,4345084,lt,Dogankaya
334571585,4345086,lt,Dogankas
334571662,4345087,lt,Dogangir
334571739,4345088,lt,Dogandere
334571816,4345089,lt,Dogancili
334571893,4345090,lt,Dogancilar
334572047,4345092,lt,Dogancilar
334572124,4345093,lt,Dogancilar
334572201,4345094,lt,Geredeli
334572278,4345095,lt,Dogancilar
334572355,4345096,lt,Dogancilar
334572432,4345097,lt,Dogancilar
334572509,4345098,lt,Doganci
334572586,4345099,lt,Doganci
334572663,4345100,lt,Doganci
334572740,4345101,lt,Doganci
334572817,4345102,lt,Doganci
334572894,4345103,lt,Doganci
334572971,4345104,lt,Doganca
334573048,4345105,lt,Dogancayir
334573202,4345107,lt,Dogancay
334573279,4345108,lt,Dogancam
334573356,4345109,lt,Dogancali
334573433,4345110,lt,Doganca
334573510,4345111,lt,Doganca
334573664,4345113,lt,Doganca
334573741,4345114,lt,Doganbey
334573818,4345115,lt,Doganalani
334573895,4345116,lt,Dogankoey
334573972,4345117,lt,Dogaca
334574049,4345118,lt,Doga
334574126,4345119,lt,Dodurga
334574280,4345121,lt,Dodurga
334574434,4345123,lt,Dodurga
334574511,4345124,lt,Dodurga
334574588,4345125,lt,Kemerli
334574819,4345128,lt,Kockiran
334574896,4345129,lt,Dizdar
334575050,4345131,lt,Buyuk Divan
334575127,4345132,lt,Divaniturk
334575204,4345133,lt,Diskaya
334575281,4345134,lt,Disdedeler
334575358,4345135,lt,Disbudak
334575435,4345136,lt,Disbudak
334575512,4345137,lt,Disbudak
334575589,4345138,lt,Ulubel
334575743,4345140,lt,Dirsekkaya
334575974,4345143,lt,Direkli
334576051,4345144,lt,Direkli
334576128,4345145,lt,Hacihatipoglu
334576205,4345146,lt,Dirazlar
334576282,4345147,lt,Dirazali
334576436,4345149,lt,Guegue
334576513,4345150,lt,Dipsizgol
334576590,4345151,lt,Dipsizgol
334576744,4345153,lt,Diphaci
334576821,4345154,lt,Muratgeldi
334576898,4345155,lt,Ciftlikkoey
334576975,4345156,lt,Diler
334577129,4345158,lt,Dilekpinari
334577283,4345160,lt,Dilekli
334577360,4345161,lt,Dilekdere
334577591,4345164,lt,Dikyar
334577745,4345166,lt,Dikmetas
334577822,4345167,lt,Dikmetas
334577899,4345168,lt,Dikmesogut
334577976,4345169,lt,Dikmenli
334578515,4345176,lt,Dikmen
334578592,4345177,lt,Dikmen
334578669,4345178,lt,Dikmen
334578746,4345179,lt,Dikmen
334578823,4345180,lt,Dikmen
334578900,4345181,lt,Dikme
334578977,4345182,lt,Dikenlicė
334579054,4345183,lt,Dikenlicė
334579131,4345184,lt,Dikili
334579208,4345185,lt,Dikenlice
334579285,4345186,lt,Dikenli
334579362,4345187,lt,Dikenli
334579439,4345188,lt,Dikenli
334579516,4345189,lt,Dikenli
334579593,4345190,lt,Bolmecayiri
334579670,4345191,lt,Dikbiyik
334579747,4345192,lt,Digor
334579824,4345193,lt,Dilekas
334579978,4345195,lt,Dibektas
334580055,4345196,lt,Dibektas
334580209,4345198,lt,Dibekoren
334580286,4345199,lt,Dibekli
334580363,4345200,lt,Dibekli
334580440,4345201,lt,Dibekli
334580517,4345202,lt,Dibekkaya
334580594,4345203,lt,Deydinler
334580748,4345205,lt,Devrekanis
334580825,4345206,lt,Devrekas
334580979,4345208,lt,Devre
334581056,4345209,lt,Devletoglan
334581133,4345210,lt,Devletliagac
334581210,4345211,lt,Devetasi
334581287,4345212,lt,Deveoren
334581364,4345213,lt,Cukurcal
334581441,4345214,lt,Develi
334581595,4345216,lt,Develi
334581672,4345217,lt,Devedagi
334581826,4345219,lt,Devecikargin
334581903,4345220,lt,Deveci
334581980,4345221,lt,Deveci
334582134,4345223,lt,Devecatagi
334582288,4345225,lt,Devalan
334582365,4345226,lt,Destek
334582519,4345228,lt,Dernekpazari
334582596,4345229,lt,Dernek
334582673,4345230,lt,Derinoz
334582750,4345231,lt,Kuecuekkoey
334582827,4345232,lt,Derindžė
334582904,4345233,lt,Derincay
334582981,4345234,lt,Celalli
334583058,4345235,lt,Dereyuezue
334583212,4345237,lt,Dereyucek
334583289,4345238,lt,Dereyolu
334583597,4345242,lt,Dereyaka
334583674,4345243,lt,Deretepe
334583828,4345245,lt,Deresoblan
334583905,4345246,lt,Deresoekue
334583982,4345247,lt,Deresemsettin
334584059,4345248,lt,Dereseki
334584136,4345249,lt,Dereseki
334584213,4345250,lt,Deresakari
334584290,4345251,lt,Derepazari
334584367,4345252,lt,Dereneci
334584521,4345254,lt,Yavuckuyucagi
334584598,4345255,lt,Yukaridere
334584675,4345256,lt,Dereli
334584752,4345257,lt,Boyalica
334584829,4345258,lt,Dereli
334584906,4345259,lt,Dereli
334584983,4345260,lt,Derelis
334585060,4345261,lt,Dereli
334585137,4345262,lt,Dereli
334585291,4345264,lt,Dereler
334585368,4345265,lt,Derekutugun
334585445,4345266,lt,Derekusculu
334585522,4345267,lt,Derekoey
334585599,4345268,lt,Derekoey
334585676,4345269,lt,Derekoey
334585830,4345271,lt,Koefuenanbaris
334585984,4345273,lt,Derekoey
334586061,4345274,lt,Guerpinar
334586369,4345278,lt,Derekoey
334586523,4345280,lt,Gulkaya
334586677,4345282,lt,Seifetleris
334586754,4345283,lt,Derekoey
334586985,4345286,lt,Derekoey
334587062,4345287,lt,Derekoey
334587139,4345288,lt,Derekoey
334587370,4345291,lt,Derekoey
334587447,4345292,lt,Koeyyeri
334587524,4345293,lt,Derekoey
334587601,4345294,lt,Derekoey
334587678,4345295,lt,Derekoey
334587755,4345296,lt,Derekoey
334587909,4345298,lt,Derekoey
334587986,4345299,lt,Asagikuldan
334588063,4345300,lt,Derekoey
334588140,4345301,lt,Derekoey
334588217,4345302,lt,Derekoey
334588294,4345303,lt,Derekoey
334588371,4345304,lt,Sultankoey
334588448,4345305,lt,Derekoey
334588679,4345308,lt,Derekoey
334588833,4345310,lt,Derekoey
334588910,4345311,lt,Derecetinoren
334588987,4345312,lt,Dere
334589141,4345314,lt,Dere
334589218,4345315,lt,Derekoey
334589295,4345316,lt,Derekoey
334589372,4345317,lt,Derekoey
334589449,4345318,lt,Derekoey
334589680,4345321,lt,Derekoey
334589757,4345322,lt,Derekoey
334589834,4345323,lt,Derekizik
334589911,4345324,lt,Derekaraagac
334589988,4345325,lt,Dereguenduezlue
334590065,4345326,lt,Dereguenduezlue
334590142,4345327,lt,Dereguenduezlue
334590219,4345328,lt,Deregoezue
334590296,4345329,lt,Yesilkoey
334590373,4345330,lt,Deregoezue
334590450,4345331,lt,Dereduezue
334590527,4345332,lt,Deredolu
334590604,4345333,lt,Deredibi
334590835,4345336,lt,Derečikas
334590912,4345337,lt,Derečikas
334590989,4345338,lt,Derečikas
334591066,4345339,lt,Dereciftlik
334591220,4345341,lt,Derecavus
334591374,4345343,lt,Derecavus
334591528,4345345,lt,Derecati
334591605,4345346,lt,Derecati
334591682,4345347,lt,Derebulaca
334591759,4345348,lt,Derebucagi
334591913,4345350,lt,Dereboyu
334591990,4345351,lt,Derebayindir
334592144,4345353,lt,Derebasi
334592221,4345354,lt,Derebasi
334592298,4345355,lt,Derebasi
334592375,4345356,lt,Derebasalan
334592452,4345357,lt,Bardakcilar
334592529,4345358,lt,Derealan
334592683,4345360,lt,Dereagzi
334592914,4345363,lt,Derbentci
334592991,4345364,lt,Darioren
334593068,4345365,lt,Bueyuekderbent
334593145,4345366,lt,Bueyuekderbent
334593222,4345367,lt,Bueyuekderbent
334593299,4345368,lt,Denizli
334593376,4345369,lt,Denizli
334593530,4345371,lt,Denizkoy
334593607,4345372,lt,Denizkonak
334593684,4345373,lt,Denizgorulen
334593761,4345374,lt,Denizgolu
334593838,4345375,lt,Denizcali
334593915,4345376,lt,Denizas Koey
334593992,4345377,lt,Denizas Koey
334594069,4345378,lt,Denizas Koey
334594146,4345379,lt,Dengeli
334594300,4345381,lt,Demiryurtas
334594377,4345382,lt,Demirtepe
334594454,4345383,lt,Demirtas
334594531,4345384,lt,Demirtas
334594685,4345386,lt,Demirtas
334594762,4345387,lt,Demirtas
334594839,4345388,lt,Demirseyh
334594916,4345389,lt,Demirpinar
334594993,4345390,lt,Demiroezue
334595070,4345391,lt,Demiroezue
334595147,4345392,lt,Demiroezue
334595301,4345394,lt,Guelluece
334595455,4345396,lt,Epceler
334595532,4345397,lt,Irsadiye
334595686,4345399,lt,Demirli
334595763,4345400,lt,Demirli
334595840,4345401,lt,Demirli
334595994,4345403,lt,Demirler
334596071,4345404,lt,Demirler
334596148,4345405,lt,Demirkoey
334596225,4345406,lt,Demirkoey
334596302,4345407,lt,Demirkoey
334596379,4345408,lt,Demirkoey
334596456,4345409,lt,Demirkent
334596533,4345410,lt,Demirkent
334596610,4345411,lt,Demirkas
334596687,4345412,lt,OEvuendue
334596764,4345413,lt,OEvuendue
334596841,4345414,lt,OEvuendue
334596918,4345415,lt,OEvuendue
334596995,4345416,lt,Demirisik
334597149,4345418,lt,Demirhanli
334597226,4345419,lt,Demirhanlar
334597380,4345421,lt,Demirdoven
334597457,4345422,lt,Demireli
334597534,4345423,lt,Demirdoven
334597611,4345424,lt,Beskonakas
334597688,4345425,lt,Demircioeren
334597765,4345426,lt,Demircioeren
334597842,4345427,lt,Demircimuezzin
334597996,4345429,lt,Demircili
334598073,4345430,lt,Kutlubeydemirci
334598150,4345431,lt,Uzbanlar
334598227,4345432,lt,Demirciler
334598304,4345433,lt,Sakakoy
334598458,4345435,lt,Demirciler
334598535,4345436,lt,Demirciler
334598766,4345439,lt,Demirciler
334598843,4345440,lt,Sipahiler
334598920,4345441,lt,Demirciler
334598997,4345442,lt,Demirciler
334599074,4345443,lt,Demirciler
334599151,4345444,lt,Demirciler
334599228,4345445,lt,Esenkaya
334599305,4345446,lt,Demirciler
334599382,4345447,lt,Demircihalil
334599459,4345448,lt,Demircideresi
334599536,4345449,lt,Demirci
334599613,4345450,lt,Demirkoey
334599767,4345452,lt,Gazileris
334599921,4345454,lt,Elmalitekke
334600229,4345458,lt,Demirce
334600306,4345459,lt,Demirci
334600537,4345462,lt,Demirci
334600768,4345465,lt,Demirci
334600845,4345466,lt,Demirci
334600922,4345467,lt,Demirci
334600999,4345468,lt,Ildizim
334601076,4345469,lt,Demirboga
334601153,4345470,lt,Demirbilek
334601230,4345471,lt,Demirbey
334601307,4345472,lt,Demirarslan
334601461,4345474,lt,Deliveli
334601692,4345477,lt,Deliller
334601923,4345480,lt,Haciilyas
334602000,4345481,lt,Akgecit
334602077,4345482,lt,Pardavėjas
334602154,4345483,lt,Pardavėjas
334602231,4345484,lt,Pardavėjas
334602385,4345486,lt,Pardavėjas
334602462,4345487,lt,Zuemruetkoey
334602616,4345489,lt,Delikkaya
334602770,4345491,lt,Hasanbey
334602924,4345493,lt,Delibekiroglu
334603078,4345495,lt,Ahmetoglu
334603155,4345496,lt,Deliahmetoglu
334603232,4345497,lt,Derekoey
334603309,4345498,lt,Degirmenyani
334603463,4345500,lt,Degirmentas
334603540,4345501,lt,Demirdağ
334603617,4345502,lt,Degirmenoezue
334603694,4345503,lt,Degirmenoezue
334603771,4345504,lt,Degirmenonu
334603848,4345505,lt,Degirmenlidere
334603925,4345506,lt,Degirmenli
334604002,4345507,lt,Degirmenli
334604156,4345509,lt,Degirmenler
334604233,4345510,lt,Altincay
334604310,4345511,lt,Turabi
334604387,4345512,lt,Degirmenkopru
334604464,4345513,lt,Degirmenkaya
334604541,4345514,lt,Degirmen
334604618,4345515,lt,Degirmendere
334604695,4345516,lt,Degirmen
334604772,4345517,lt,Degirmendere
334604849,4345518,lt,Degirmendere
334604926,4345519,lt,Degirmendere
334605003,4345520,lt,Degirmendere
334605080,4345521,lt,Degirmendere
334605157,4345522,lt,Degirmendere
334605234,4345523,lt,Degirmencili
334605465,4345526,lt,Degirmencik
334605542,4345527,lt,Degirmencik
334605619,4345528,lt,Degirmencik
334605696,4345529,lt,Degirmencik
334605773,4345530,lt,Degirmencik
334605850,4345531,lt,Degirmencik
334605927,4345532,lt,Degirmenci
334606004,4345533,lt,Degirmencayiri
334606158,4345535,lt,Degirmenbeli
334606312,4345537,lt,Deresemail
334606543,4345540,lt,Degim
334606620,4345541,lt,Dedeoglu
334606697,4345542,lt,Dedeoba
334606774,4345543,lt,Dedem
334606851,4345544,lt,Eyuep
334606928,4345545,lt,Akbel
334607005,4345546,lt,Eyuep
334607082,4345547,lt,Cakirkoey
334607159,4345548,lt,Dedeleris
334607236,4345549,lt,Dedeleris
334607313,4345550,lt,Dedeleris
334607390,4345551,lt,Dedeleris
334607544,4345553,lt,Dedekoy
334607621,4345554,lt,Dedekilici
334607698,4345555,lt,Yukaridedegan
334607775,4345556,lt,Dedegul
334607852,4345557,lt,Dededuezue
334607929,4345558,lt,Dededagi
334608006,4345559,lt,Saricevre
334608083,4345560,lt,Dedeagac
334608314,4345563,lt,Dazlak
334608391,4345564,lt,Diaguily
334608545,4345566,lt,Dayili
334608622,4345567,lt,Dayili
334608699,4345568,lt,Dayilar
334608776,4345569,lt,Sazkisla
334608930,4345571,lt,Davutoglan
334609007,4345572,lt,Davutlu
334609084,4345573,lt,Davutlar
334609161,4345574,lt,Davutlar
334609238,4345575,lt,Davutlar
334609392,4345577,lt,Davutevi
334609469,4345578,lt,Davuteli
334609546,4345579,lt,Davutaga
334609623,4345580,lt,Davutlu
334609700,4345581,lt,Davutkoy
334609931,4345584,lt,Darlik
334610008,4345585,lt,Dariyeri Bakacak
334610085,4345586,lt,Darioezue
334610239,4345588,lt,Darikoy
334610316,4345589,lt,Daricay
334610393,4345590,lt,Daricayiri
334610470,4345591,lt,Daricay
334610547,4345592,lt,Daricabasi
334610624,4345593,lt,Darica
334610701,4345594,lt,Darica
334610778,4345595,lt,Darica
334610855,4345596,lt,Darica
334611086,4345599,lt,Darbogaz
334611163,4345600,lt,Darbogaz
334611471,4345604,lt,Danismentli
334611548,4345605,lt,Danismentler
334611625,4345606,lt,Danisment
334611702,4345607,lt,Danisment
334611856,4345609,lt,Danisment
334611933,4345610,lt,Danisment
334612010,4345611,lt,Danisment
334612087,4345612,lt,Danisment
334612164,4345613,lt,Danisment
334612241,4345614,lt,Danisment
334612395,4345616,lt,Danisment
334612472,4345617,lt,Danisman
334612549,4345618,lt,Danisman
334612626,4345619,lt,Camlica
334612934,4345623,lt,Oyraca
334613011,4345624,lt,Danapinar
334613088,4345625,lt,Danamandira
334613165,4345626,lt,Danaci
334613242,4345627,lt,Danabasi
334613319,4345628,lt,Apdalmezraši
334613396,4345629,lt,Damudere
334613473,4345630,lt,Damlik
334613550,4345631,lt,Damlica
334613858,4345635,lt,Damladere
334613935,4345636,lt,Damlacimen
334614166,4345639,lt,Damla
334614243,4345640,lt,Damla
334614320,4345641,lt,Dambaslar
334614551,4345644,lt,Damal
334614628,4345645,lt,Kutlugedik
334614782,4345647,lt,Dalkoz
334614859,4345648,lt,Daldere
334614936,4345649,lt,Dalbasi
334615013,4345650,lt,Dagyurdu
334615167,4345652,lt,Dagyurdu
334615244,4345653,lt,Dagyoncali
334615321,4345654,lt,Dagyolu
334615398,4345655,lt,Dagyolu
334615475,4345656,lt,Dagyolu
334615552,4345657,lt,Daguestue
334615629,4345658,lt,Daguestue
334615706,4345659,lt,Dagyaka
334615783,4345660,lt,Daguestue
334615937,4345662,lt,Dagtarla
334616091,4345664,lt,Dagseyhleri
334616245,4345666,lt,Dagsaray
334616322,4345667,lt,Cendere
334616476,4345669,lt,Cendere
334616553,4345670,lt,Dagobasi
334616707,4345672,lt,Daglica
334616784,4345673,lt,Dagli
334616938,4345675,lt,Dagkuzoren
334617015,4345676,lt,Dagkoeyue
334617246,4345679,lt,Dagkoeyue
334617323,4345680,lt,Dagkoeyue
334617477,4345682,lt,Dagkoeyue
334617631,4345684,lt,Dagkoeyue
334617785,4345686,lt,Dagkara
334617862,4345687,lt,Dagkalfat
334617939,4345688,lt,Dagkadi
334618016,4345689,lt,Guezelyurt
334618093,4345690,lt,Daghacilar
334618170,4345691,lt,Dagevi
334618247,4345692,lt,Koeksueren
334618324,4345693,lt,Caglayan
334618478,4345695,lt,Dagdibi
334618555,4345696,lt,Dagdemirciler
334618632,4345697,lt,Dagdemir
334618709,4345698,lt,Dagdelen
334618786,4345699,lt,Dagcukuroren
334618940,4345701,lt,Dagci
334619017,4345702,lt,Dagbasi
334619171,4345704,lt,Dagbasi
334619248,4345705,lt,Dagardi
334619325,4345706,lt,Daday
334619402,4345707,lt,Dadali
334619633,4345710,lt,Guenuelyurdu
334619710,4345711,lt,Seyisoglu
334619787,4345712,lt,Curkuslar
334620018,4345715,lt,Cumhuriyet
334620172,4345717,lt,Cumakoy
334620249,4345718,lt,Cuma
334620326,4345719,lt,Cuma
334620403,4345720,lt,Cumakoy
334620480,4345721,lt,Cuma
334620634,4345723,lt,Culpara
334620711,4345724,lt,Cullu
334620788,4345725,lt,Culhali
334620942,4345727,lt,Culhakoca
334621019,4345728,lt,Cicekyazi
334621096,4345729,lt,UEruenlue
334621173,4345730,lt,Cukut
334621250,4345731,lt,Cukuryurt
334621327,4345732,lt,Tarlacik
334621481,4345734,lt,Aydogan
334621558,4345735,lt,Cukurpinar
334621635,4345736,lt,Cukurpelit
334621712,4345737,lt,Cukuroez
334621789,4345738,lt,Perpardavėjas
334621866,4345739,lt,Cukuroeren
334621943,4345740,lt,Cukuroeren
334622020,4345741,lt,Cukuroeren
334622097,4345742,lt,Cukuroeren
334622174,4345743,lt,Cukuroeren
334622251,4345744,lt,Cukuroeren
334622328,4345745,lt,Cukuroeren
334622405,4345746,lt,Cukuroba
334622482,4345747,lt,Cukurluhoca
334622559,4345748,lt,Cukurlu
334622790,4345751,lt,Cukurkoey
334622867,4345752,lt,Cukurkoey
334622944,4345753,lt,Suekueris
334623021,4345754,lt,Cukurkoey
334623175,4345756,lt,Cukuroeren
334623252,4345757,lt,Cukurhanas
334623406,4345759,lt,Cukurgelik
334623483,4345760,lt,Cukuroez
334623637,4345762,lt,Cukurcayir
334623714,4345763,lt,Olucak
334623791,4345764,lt,Cukurcaalan
334623868,4345765,lt,Cukurca
334623945,4345766,lt,Cukurca
334624176,4345769,lt,Cukurbuk
334624253,4345770,lt,Cukur
334624407,4345772,lt,Cukur
334624484,4345773,lt,Cukurkoey
334624561,4345774,lt,Cukurkoey
334624638,4345775,lt,Kumrulu
334624715,4345776,lt,Cukurkoey
334624792,4345777,lt,Cukurkoey
334624869,4345778,lt,Cukurkoey
334624946,4345779,lt,Kestanealan
334625100,4345781,lt,Kayginca
334625177,4345782,lt,Cuecuerues
334625254,4345783,lt,Cuece
334625408,4345785,lt,Cuece
334625485,4345786,lt,Cubukludere
334625562,4345787,lt,Cubuklubala
334625639,4345788,lt,Cubuklu
334625716,4345789,lt,Cubuklu
334625793,4345790,lt,Cubuklu
334625870,4345791,lt,Cubuklu
334625947,4345792,lt,Cubuklu
334626024,4345793,lt,Cubukbeli
334626101,4345794,lt,Cubuk
334626178,4345795,lt,Cubukkoy
334626255,4345796,lt,Cubukkoy
334626332,4345797,lt,Čubukas
334626409,4345798,lt,Covenli
334626486,4345799,lt,Coeve
334626563,4345800,lt,Guenuelyurdu
334626640,4345801,lt,Corumlu
334626717,4345802,lt,Čorumas
334626871,4345804,lt,Yaglica
334627179,4345808,lt,Aloglu
334627256,4345809,lt,Coroglu
334627333,4345810,lt,Corman
334627410,4345811,lt,Cigirler
334627487,4345812,lt,Čorlu
334627718,4345815,lt,Coeregibueyuek
334627795,4345816,lt,Coerduek
334627872,4345817,lt,Coeregibueyuek
334627949,4345818,lt,Coerduek
334628026,4345819,lt,Coerduek
334628103,4345820,lt,Corbaci
334628180,4345821,lt,Corakyuzu
334628257,4345822,lt,Corakli
334628334,4345823,lt,Corakdere
334628411,4345824,lt,Korakas
334628488,4345825,lt,Korakas
334628873,4345830,lt,Korakas
334628950,4345831,lt,Korakas
334629181,4345834,lt,Coprasik
334629335,4345836,lt,Coplu
334629412,4345837,lt,Coepkoey
334629489,4345838,lt,Copbey
334629566,4345839,lt,Contay
334629643,4345840,lt,Comu
334629720,4345841,lt,Comranli
334629797,4345842,lt,Comlektepe
334629874,4345843,lt,Comlekkoy
334630028,4345845,lt,Coemlekci
334630105,4345846,lt,Coemlekci
334630182,4345847,lt,Comlekakpinar
334630413,4345850,lt,Comert
334630490,4345851,lt,Comar
334630644,4345853,lt,Comakli
334630875,4345856,lt,Yenidogancilar
334630952,4345857,lt,Colakli
334631183,4345860,lt,Cokelikkisla
334631260,4345861,lt,Cokeler
334631337,4345862,lt,Cokekli
334631414,4345863,lt,Koeruekler
334631491,4345864,lt,Goekbuek
334631568,4345865,lt,Coecue
334631645,4345866,lt,Cogullu
334631722,4345867,lt,Coecue
334631799,4345868,lt,Leventkoy
334631953,4345870,lt,Cobanpinari
334632184,4345873,lt,Duegeris
334632261,4345874,lt,Cobanli
334632338,4345875,lt,Cobanli
334632415,4345876,lt,Cobanlar
334632492,4345877,lt,Fidanlik
334632569,4345878,lt,Cobanlar
334632723,4345880,lt,Cobankoy
334632800,4345881,lt,Cobankaya
334632877,4345882,lt,Cobanhamidiye
334633185,4345886,lt,Civril
334633262,4345887,lt,Civril
334633416,4345889,lt,Civril
334633570,4345891,lt,Bolatlar
334633647,4345892,lt,Civilikaya
334633724,4345893,lt,Civil
334633801,4345894,lt,Civikoy
334633878,4345895,lt,Civi
334633955,4345896,lt,Jenicekoey
334634186,4345899,lt,Cive
334634263,4345900,lt,Sivanas
334634340,4345901,lt,Ciftliksarica
334634417,4345902,lt,Citlice
334634494,4345903,lt,Citlice
334634648,4345905,lt,Citkoey
334634725,4345906,lt,Citkoey
334634802,4345907,lt,Citkoey
334634956,4345909,lt,Masatlar
334635033,4345910,lt,Čipana
334635110,4345911,lt,Bahceli
334635187,4345912,lt,Sirincavus
334635264,4345913,lt,Ciritduzu
334635495,4345916,lt,Sahinkaya
334635572,4345917,lt,Cirgan
334635649,4345918,lt,Sahinkaya
334635726,4345919,lt,Cirdak
334635803,4345920,lt,Cirdak
334636111,4345924,lt,Circir
334636188,4345925,lt,Circir
334636342,4345927,lt,Cirali
334636573,4345930,lt,Cirakli
334636650,4345931,lt,Ciraklar
334636727,4345932,lt,Kayabuekue
334636804,4345933,lt,Yagmurca
334636881,4345934,lt,Gokceyamac
334636958,4345935,lt,Alacay
334637035,4345936,lt,Ogberler
334637189,4345938,lt,Cavusderesi
334637266,4345939,lt,Belenas
334637343,4345940,lt,Cingiller
334637420,4345941,lt,Meseyayla
334637574,4345943,lt,Cardakli
334637651,4345944,lt,Cindi
334637805,4345946,lt,Calioba
334637882,4345947,lt,Aticioba
334637959,4345948,lt,Cinarlik
334638036,4345949,lt,Cinarlik
334638113,4345950,lt,Cinarlidere
334638190,4345951,lt,Cinarkoey
334638344,4345953,lt,Cinarkoey
334638498,4345955,lt,Cinarkoey
334638575,4345956,lt,Cinarkoey
334638652,4345957,lt,Cinarkoey
334638729,4345958,lt,Cinarkopru
334638806,4345959,lt,Cinardibi
334638883,4345960,lt,Cinardere
334639037,4345962,lt,Cinarcik
334639114,4345963,lt,OEzluece
334639191,4345964,lt,Cinarcik
334639268,4345965,lt,Cinaralti
334639345,4345966,lt,Bogazici
334639422,4345967,lt,Cimsit
334639499,4345968,lt,Cimrikas
334639730,4345971,lt,Cimentepe
334639807,4345972,lt,Cimenli
334639884,4345973,lt,Cimenli
334639961,4345974,lt,Cimenli
334640038,4345975,lt,Cimenkaya
334640115,4345976,lt,Cimendere
334640346,4345979,lt,Ciller
334640500,4345981,lt,Cilingir
334640577,4345982,lt,Cilingir
334640654,4345983,lt,Čilimlis
334640808,4345985,lt,Sarnickoey
334640962,4345987,lt,Cilekli
334641039,4345988,lt,Cilehane
334641193,4345990,lt,Cilehane
334641270,4345991,lt,Cinliyurt
334641424,4345993,lt,Bademkaya
334641578,4345995,lt,Cikrikli
334641655,4345996,lt,Cikrikci
334641732,4345997,lt,Cikrik
334641886,4345999,lt,Karaali
334641963,4346000,lt,Ortakoey
334642271,4346004,lt,Cihatli
334642348,4346005,lt,Hamsikoy
334642425,4346006,lt,Cihankoy
334642502,4346007,lt,Cihanbey
334642579,4346008,lt,Kuere
334642656,4346009,lt,Cihadiye
334642733,4346010,lt,Cihadiye
334642810,4346011,lt,Cihadiye
334642887,4346012,lt,Cihadiye
334642964,4346013,lt,Cigrikli
334643041,4346014,lt,Yazyurdu
334643118,4346015,lt,Cigmis
334643195,4346016,lt,Cigirgan
334643272,4346017,lt,Cigir
334643349,4346018,lt,Cigilerik
334643426,4346019,lt,Cigilas
334643503,4346020,lt,Omcular
334643580,4346021,lt,Cigdemlik
334643657,4346022,lt,Cigdemli
334643811,4346024,lt,Ciftlikkoey
334643888,4346025,lt,Ciftlikkoey
334644042,4346027,lt,Ciftlikkoey
334644119,4346028,lt,Ciftlikkoey
334644196,4346029,lt,Ciftlikkoey
334644273,4346030,lt,Ciftlikkoey
334644350,4346031,lt,Ciftlik
334644427,4346032,lt,Ciftlikkoey
334644504,4346033,lt,Hocatman
334644581,4346034,lt,Ciftlikkoey
334644658,4346035,lt,Celtikduzu
334644735,4346036,lt,Ciftlikdere
334644966,4346039,lt,Čiftlikėjus
334645043,4346040,lt,Ciftlikkoey
334645120,4346041,lt,Ciftlik
334645197,4346042,lt,Cihet
334645274,4346043,lt,Ciftlikkoey
334645428,4346045,lt,Ciftlik
334645505,4346046,lt,Ciftlikkoey
334645659,4346048,lt,Ciftlikkoey
334645813,4346050,lt,Cifter
334645967,4346052,lt,Ciftekoeprue
334646044,4346053,lt,Ciftekoeprue
334646275,4346056,lt,Ciftalan
334646429,4346058,lt,Cide
334646506,4346059,lt,Ciciler
334646583,4346060,lt,Cicekyazi
334646660,4346061,lt,Cicekyayla
334646737,4346062,lt,Kirikas
334646814,4346063,lt,Cicekpinari
334646891,4346064,lt,Cicekpinari
334646968,4346065,lt,Cicekpinar
334647045,4346066,lt,Cicekoezue
334647122,4346067,lt,Ciceklidag
334647276,4346069,lt,Asagitekke
334647430,4346071,lt,Cicekli
334647507,4346072,lt,Cicekli
334647584,4346073,lt,Cicekli
334647738,4346075,lt,Cicekli
334648046,4346079,lt,Cibali
334648123,4346080,lt,Ceylanli
334648200,4346081,lt,Ceylankoy
334648277,4346082,lt,Cevrimli
334648354,4346083,lt,Cevrimkaya
334648431,4346084,lt,Cevresu
334648508,4346085,lt,Cevrepinar
334648585,4346086,lt,Cevreli
334648662,4346087,lt,Cevreli
334648739,4346088,lt,Cevreli
334648816,4346089,lt,Cevreli
334648893,4346090,lt,Cevreli
334648970,4346091,lt,Cevrecik
334649124,4346093,lt,Cevlik
334649201,4346094,lt,Cevizlik
334649278,4346095,lt,Cevizlik
334649355,4346096,lt,Cevizlik
334649432,4346097,lt,Jenikojus
334649509,4346098,lt,Cevizlik
334649586,4346099,lt,Cevizlik
334649817,4346102,lt,Cevizli
334649894,4346103,lt,Cevizli
334649971,4346104,lt,Cevizli
334650048,4346105,lt,Cevizli
334650125,4346106,lt,Cevizli
334650202,4346107,lt,Cevizli
334650279,4346108,lt,Cevizli
334650356,4346109,lt,Cevizkoey
334650510,4346111,lt,Cevizli
334650587,4346112,lt,Cevirmehan
334650664,4346113,lt,Cevikli
334650741,4346114,lt,Cevik
334650895,4346116,lt,Cetrik
334650972,4346117,lt,Goele
334651049,4346118,lt,Goele
334651126,4346119,lt,Goele
334651203,4346120,lt,Cetinsu
334651280,4346121,lt,Cetindurak
334651357,4346122,lt,Cetilli
334651434,4346123,lt,Cetikoren
334651511,4346124,lt,Cestepe
334651588,4346125,lt,Cesnigir
334651665,4346126,lt,Cesnigir
334651742,4346127,lt,Cesmeoren
334651819,4346128,lt,Yumrutas
334651896,4346129,lt,Cesmeli
334651973,4346130,lt,Cesmekoy
334652050,4346131,lt,Cesmekolu
334652127,4346132,lt,Cesmealti
334652204,4346133,lt,Cerrah
334652281,4346134,lt,Ilicasu
334652435,4346136,lt,Cerme
334652589,4346138,lt,Cerli
334652666,4346139,lt,Cerkezmusellim
334652743,4346140,lt,Guveytepe
334652820,4346141,lt,Čerkezkėjus
334652897,4346142,lt,Cerkesli
334652974,4346143,lt,Cerkesli
334653051,4346144,lt,Nazimbey
334653128,4346145,lt,Cerkes
334653205,4346146,lt,Cerkes
334653282,4346147,lt,Cerit
334653359,4346148,lt,Pirceler
334653436,4346149,lt,Ceribasi
334653513,4346150,lt,Cerdigin
334653590,4346151,lt,Cercili
334653667,4346152,lt,Cakircaali
334653744,4346153,lt,Kircalar
334653821,4346154,lt,Cerciler
334654052,4346157,lt,Cerciler
334654129,4346158,lt,Cercikoy
334654206,4346159,lt,Cerci
334654283,4346160,lt,Cercikoy
334654360,4346161,lt,Cerci
334654437,4346162,lt,Jenikojus
334654514,4346163,lt,Cepni
334654591,4346164,lt,Cepni
334654668,4346165,lt,Cepni
334654745,4346166,lt,Cepni
334654822,4346167,lt,Cepni
334654899,4346168,lt,Cepni
334654976,4346169,lt,Cepni
334655053,4346170,lt,Cepni
334655130,4346171,lt,Bozarmutas
334655207,4346172,lt,Ceperli
334655438,4346175,lt,Cennetabat
334655592,4346177,lt,Cengelli
334655669,4346178,lt,Cengerli
334655746,4346179,lt,Cengelli
334655823,4346180,lt,Cengelli
334655900,4346181,lt,Cengelli
334655977,4346182,lt,Cengelli
334656054,4346183,lt,Cengelli
334656439,4346188,lt,Cengeller
334656516,4346189,lt,Cengelkayi
334656747,4346192,lt,Cenekoey
334656901,4346194,lt,Cendere
334656978,4346195,lt,Cemilbėjus
334657209,4346198,lt,Cemaller
334657286,4346199,lt,Cemaller
334657363,4346200,lt,Bozkoca
334657440,4346201,lt,Cemalettinkoy
334657594,4346203,lt,Celtik
334657748,4346205,lt,Celtikderesi
334657825,4346206,lt,Celtik
334657902,4346207,lt,Celtik
334658056,4346209,lt,Celtik
334658133,4346210,lt,Celtik
334658210,4346211,lt,Celtik
334658287,4346212,lt,Celtikbasi
334658364,4346213,lt,Celtik
334658441,4346214,lt,Celtik
334658518,4346215,lt,Celtek
334658672,4346217,lt,Celilbeyoglu
334658749,4346218,lt,Celikli
334658903,4346220,lt,Celikalan
334658980,4346221,lt,Celikalan
334659057,4346222,lt,Celepler
334659134,4346223,lt,Celepkoey
334659211,4346224,lt,Celep
334659288,4346225,lt,Cakirdemirci
334659365,4346226,lt,Asagisoku
334659442,4346227,lt,Celebiler
334659519,4346228,lt,Celebibag
334659596,4346229,lt,Asagielyakut
334659673,4346230,lt,Celebi
334659750,4346231,lt,Celebi
334659827,4346232,lt,Dagdibi
334659981,4346234,lt,Celalli
334660058,4346235,lt,Celaller
334660212,4346237,lt,Celaliye
334660289,4346238,lt,Celalkoey
334660366,4346239,lt,Celalkoey
334660443,4346240,lt,Cekmekoey
334660520,4346241,lt,Cekic
334660597,4346242,lt,Cekerek
334660674,4346243,lt,Cekalan
334660828,4346245,lt,Cegili
334660905,4346246,lt,Cegel
334661059,4346248,lt,Cece
334661136,4346249,lt,Ceceler
334661213,4346250,lt,Cebeci
334661367,4346252,lt,Cebeci
334661444,4346253,lt,Cebeli
334661675,4346256,lt,Daribuekue
334661752,4346257,lt,Cebeci
334661829,4346258,lt,Cebeci
334661906,4346259,lt,Cebeci
334661983,4346260,lt,Cebbar
334662060,4346261,lt,Cayyaka
334662137,4346262,lt,Cayyaka
334662214,4346263,lt,Cayuestue
334662291,4346264,lt,Cayuestue
334662368,4346265,lt,Caytepe
334662445,4346266,lt,Kiurtiunas
334662522,4346267,lt,Cayoeren
334662599,4346268,lt,Cayoeren
334662676,4346269,lt,Cayoenue
334662753,4346270,lt,Cayoenue
334662830,4346271,lt,Cayoba
334662984,4346273,lt,Caylioglu
334663061,4346274,lt,Caylica
334663138,4346275,lt,Caylica
334663292,4346277,lt,Cayli
334663369,4346278,lt,Cayli
334663446,4346279,lt,Cayli
334663523,4346280,lt,Caylaklar
334663677,4346282,lt,Caylakoey
334663831,4346284,lt,Caykoy
334663908,4346285,lt,Acioz
334663985,4346286,lt,Caykoy
334664062,4346287,lt,Caykoy
334664139,4346288,lt,Caykoy
334664216,4346289,lt,Caykoy
334664370,4346291,lt,Caykoy
334664447,4346292,lt,Caykoy
334664524,4346293,lt,Caykoy
334664601,4346294,lt,Caykoy
334664678,4346295,lt,Caykoy
334664755,4346296,lt,Caykisla
334664832,4346297,lt,Caykiri
334664909,4346298,lt,Caykaya
334664986,4346299,lt,Caykasi
334665063,4346300,lt,Čaikara
334665140,4346301,lt,Caykapi
334665217,4346302,lt,Cayiryolu
334665294,4346303,lt,Cayiroezue
334665371,4346304,lt,Cayiroezue
334665448,4346305,lt,Cayiroezue
334665525,4346306,lt,Cayiroezue
334665756,4346309,lt,Cayir
334665833,4346310,lt,Cayirli
334665910,4346311,lt,Fatih
334666064,4346313,lt,Cayirlar
334666295,4346316,lt,Cayirkoey
334666372,4346317,lt,Cayirkoey
334666449,4346318,lt,Cayirkoey
334666526,4346319,lt,Cayirkoey
334666603,4346320,lt,Cayirkoey
334666680,4346321,lt,Cayirkopru
334666757,4346322,lt,Cayirici
334666834,4346323,lt,Cayirhan
334666911,4346324,lt,Cayirdere
334666988,4346325,lt,Cayirdere
334667065,4346326,lt,Cayircukur
334667142,4346327,lt,Cayircimen
334667296,4346329,lt,Cayirbasi
334667373,4346330,lt,Cayirbasi
334667527,4346332,lt,Cayirardi
334667681,4346334,lt,Cayirkent
334667758,4346335,lt,Cayir
334667912,4346337,lt,Cayirli
334668066,4346339,lt,Cayiralti
334668143,4346340,lt,Caygokpinar
334668220,4346341,lt,Akoeren
334668297,4346342,lt,Cayeli
334668374,4346343,lt,Cayduezue
334668451,4346344,lt,Caydibi
334668528,4346345,lt,Čaidžuma
334668682,4346347,lt,Caycevher
334668759,4346348,lt,Caybuekue
334668836,4346349,lt,Caybuekue
334668913,4346350,lt,Caybasi
334669067,4346352,lt,Caybasi
334669144,4346353,lt,Caybasi
334669298,4346355,lt,Caybasi
334669375,4346356,lt,Caybasi
334669452,4346357,lt,Caybasi
334669529,4346358,lt,Cayarasi
334669606,4346359,lt,Cayan
334669683,4346360,lt,Cayan
334669760,4346361,lt,Cayalti
334669914,4346363,lt,Cayagzi
334669991,4346364,lt,Cayagzi
334670068,4346365,lt,Cayagzi
334670145,4346366,lt,Cayagzi
334670299,4346368,lt,Cayagzi
334670453,4346370,lt,Cavusoglu
334670530,4346371,lt,Cavusoglu
334670607,4346372,lt,Kazankoey
334670684,4346373,lt,Cavuslu
334670761,4346374,lt,Cavuslu
334670838,4346375,lt,Cavuslu
334670992,4346377,lt,Cavuslu
334671069,4346378,lt,Cavuslu
334671146,4346379,lt,Cavuslu
334671223,4346380,lt,Cavuslar
334671531,4346384,lt,Cavuslar
334671608,4346385,lt,Karacasu
334671685,4346386,lt,Cavuskoey
334671762,4346387,lt,Cavuskoey
334671993,4346390,lt,Cavuskoey
334672070,4346391,lt,Cavuskoey
334672147,4346392,lt,Cavuskoey
334672224,4346393,lt,Cavus
334672301,4346394,lt,Cavuskoey
334672378,4346395,lt,Cavuscu
334672532,4346397,lt,Aslancami
334672609,4346398,lt,Agaver
334672917,4346402,lt,Cavuskoey
334672994,4346403,lt,Cavuskoey
334673071,4346404,lt,Cavuskoey
334673148,4346405,lt,Cavuskoey
334673225,4346406,lt,Cavuskoey
334673379,4346408,lt,Kavundūras
334673533,4346410,lt,Cavdarli
334673687,4346412,lt,Tuetuenlue
334673764,4346413,lt,Baspinar
334673918,4346415,lt,Cavdar
334674072,4346417,lt,Cattepe
334674149,4346418,lt,Catpinar
334674226,4346419,lt,Catpinar
334674303,4346420,lt,Catoeren
334674457,4346422,lt,Catma
334674611,4346424,lt,Yesilkent
334674765,4346426,lt,Catkese
334674842,4346427,lt,Catkaya
334674996,4346429,lt,Catili
334675073,4346430,lt,Catili
334675150,4346431,lt,Catiksu
334675227,4346432,lt,Čatalsejtinas
334675381,4346434,lt,Cataltepe
334675458,4346435,lt,Cataltepe
334675535,4346436,lt,Catalsogut
334675612,4346437,lt,Catalpinar
334675689,4346438,lt,Cataloluk
334675766,4346439,lt,Cataloluk
334675843,4346440,lt,Cakillar
334675920,4346441,lt,Cevizlik
334675997,4346442,lt,Catalli
334676151,4346444,lt,Catak
334676228,4346445,lt,Catalkopru
334676305,4346446,lt,Catalkopru
334676382,4346447,lt,Karsiyaka
334676536,4346449,lt,Catalkaya
334676613,4346450,lt,Catalelma
334676690,4346451,lt,Catalelma
334676767,4346452,lt,Cataldere
334676844,4346453,lt,Cataldere
334676921,4346454,lt,Catalcam
334676998,4346455,lt,Catalcesme
334677075,4346456,lt,Catalcam
334677152,4346457,lt,Catalcam
334677306,4346459,lt,Catalca
334677383,4346460,lt,katalonų
334677460,4346461,lt,Salin
334677614,4346463,lt,Catalagzi
334677691,4346464,lt,Catalagil
334677768,4346465,lt,Catalagac
334677845,4346466,lt,Cataksu
334677922,4346467,lt,Pelitbuku
334677999,4346468,lt,Catakorencik
334678076,4346469,lt,Esendag
334678153,4346470,lt,Catakli
334678307,4346472,lt,Catkaya
334678384,4346473,lt,Catakguney
334678461,4346474,lt,Catakgeris
334678538,4346475,lt,Emirhalil
334678615,4346476,lt,Aybasan
334678692,4346477,lt,Catak
334678769,4346478,lt,Catak
334678923,4346480,lt,Sirinkoey
334679000,4346481,lt,Ayvacik
334679154,4346483,lt,Sofular
334679231,4346484,lt,Catak
334679308,4346485,lt,Catak
334679385,4346486,lt,Catak
334679462,4346487,lt,Catak
334679539,4346488,lt,Basdurak
334679770,4346491,lt,Catak
334679847,4346492,lt,Tsatak
334679924,4346493,lt,Catak
334680155,4346496,lt,Catak
334680386,4346499,lt,Asagikinik
334680463,4346500,lt,Elbizli
334680771,4346504,lt,Carsikoy
334680848,4346505,lt,Carsidibi
334680925,4346506,lt,Carsicuma
334681002,4346507,lt,Cinarbaši
334681079,4346508,lt,Carsamba
334681156,4346509,lt,Carsak
334681310,4346511,lt,Jenikentas
334681464,4346513,lt,Demirdağ
334681618,4346515,lt,Carik
334681695,4346516,lt,Carikkoy
334681772,4346517,lt,Carlakli
334681849,4346518,lt,Cardakli
334681926,4346519,lt,Cardakli
334682003,4346520,lt,Cardakli
334682157,4346522,lt,Cardakli
334682234,4346523,lt,Cardakcati
334682311,4346524,lt,Cardakbagi
334682542,4346527,lt,Cardak
334682696,4346529,lt,Cardak
334682773,4346530,lt,Carcioglu
334682850,4346531,lt,Caparkayi
334683158,4346535,lt,Capak
334683312,4346537,lt,Canta
334683389,4346538,lt,Meyveli
334683543,4346540,lt,Meyveli
334683697,4346542,lt,Canlar
334683851,4346544,lt,Čankiris
334684236,4346549,lt,Candirlar
334684313,4346550,lt,Candir
334684390,4346551,lt,Candir
334684544,4346553,lt,Candir
334684621,4346554,lt,Candir
334684698,4346555,lt,Candir
334684775,4346556,lt,Candere
334684929,4346558,lt,Candarli
334685006,4346559,lt,Candagi
334685083,4346560,lt,Kuleoenue
334685314,4346563,lt,Canaksu
334685391,4346564,lt,Čanaklis
334685468,4346565,lt,Pembeciler
334685545,4346566,lt,Čanakalė
334685622,4346567,lt,Canakcilar
334685699,4346568,lt,Vali Beyklu
334685853,4346570,lt,Canakci
334685930,4346571,lt,Canakci
334686007,4346572,lt,Canakci
334686084,4346573,lt,Canakci
334686161,4346574,lt,Canakci
334686238,4346575,lt,Canakca
334686392,4346577,lt,Čanai
334686469,4346578,lt,Camyurt
334686546,4346579,lt,Camyurdu
334686700,4346581,lt,Camyazi
334686777,4346582,lt,Camyazi
334686854,4346583,lt,Camyayla
334686931,4346584,lt,Camyayla
334687008,4346585,lt,Bigali
334687085,4346586,lt,Camyayla
334687162,4346587,lt,Camyatagi
334687239,4346588,lt,Camuslu
334687316,4346589,lt,Camurluk
334687393,4346590,lt,Kazimiye
334687470,4346591,lt,Camurlu
334687547,4346592,lt,Camurlu
334687701,4346594,lt,Camtepe
334687778,4346595,lt,Camsaray
334687855,4346596,lt,Kampinaras
334687932,4346597,lt,Campasasakizi
334688086,4346599,lt,Camoluk
334688163,4346600,lt,Camoluk
334688240,4346601,lt,Camoba
334688317,4346602,lt,Camliyurt
334688394,4346603,lt,Camliyazi
334688471,4346604,lt,Camliyayla
334688548,4346605,lt,Camliyamac
334688625,4346606,lt,Camlisu
334688702,4346607,lt,Camlikoey
334688856,4346609,lt,Camli
334688933,4346610,lt,Camli
334689010,4346611,lt,Camlikaya
334689087,4346612,lt,Camlikaya
334689164,4346613,lt,Camlikale
334689318,4346615,lt,Camlik
334689395,4346616,lt,Camlikkoey
334689472,4346617,lt,Asikli
334689549,4346618,lt,Camlik
334689626,4346619,lt,Camlihemsin
334689703,4346620,lt,Camliguney
334689780,4346621,lt,Kamlideris
334689934,4346623,lt,Camlicatak
334690011,4346624,lt,Camlica
334690088,4346625,lt,Camlica
334690165,4346626,lt,Camlica
334690242,4346627,lt,Camlica
334690396,4346629,lt,Camlica
334690473,4346630,lt,Camlica
334690550,4346631,lt,Camlibel
334690627,4346632,lt,Camlibel
334690704,4346633,lt,Camlialan
334690781,4346634,lt,Camli
334690858,4346635,lt,Camli
334690935,4346636,lt,Camli
334691089,4346638,lt,Kalaycioglu
334691166,4346639,lt,Akkaya
334691320,4346641,lt,Camkoey
334691397,4346642,lt,Camkoey
334691474,4346643,lt,Camkoey
334691551,4346644,lt,Camkonak
334691705,4346646,lt,Camkonak
334691936,4346649,lt,Camili
334692013,4346650,lt,Camili
334692244,4346653,lt,Camili
334692321,4346654,lt,Resuldivani
334692398,4346655,lt,Camili
334692475,4346656,lt,Camidere
334692552,4346657,lt,Camidagi
334692629,4346658,lt,Camialan
334692706,4346659,lt,Cami
334692860,4346661,lt,OEvuendue
334692937,4346662,lt,Camdibi
334693014,4346663,lt,Camdibi
334693091,4346664,lt,Camdibi
334693168,4346665,lt,Camdere
334693245,4346666,lt,Camdere
334693322,4346667,lt,Camdali
334693476,4346669,lt,Cemci
334693553,4346670,lt,Caglayan
334693707,4346672,lt,Cambuekue
334693784,4346673,lt,Curunlu
334693861,4346674,lt,Cambeli
334693938,4346675,lt,Cambazlar
334694015,4346676,lt,Cambazdere
334694092,4346677,lt,Kambazas
334694169,4346678,lt,Kambazas
334694246,4346679,lt,Kambazas
334694400,4346681,lt,Cambasi
334694477,4346682,lt,Cambasi
334694554,4346683,lt,Cambali
334694631,4346684,lt,Camas
334694708,4346685,lt,Camalti
334694785,4346686,lt,Camalti
334694862,4346687,lt,Camalti
334694939,4346688,lt,Camlik
334695016,4346689,lt,Camalti
334695093,4346690,lt,Camalan
334695170,4346691,lt,Camalan
334695247,4346692,lt,Camalan
334695324,4346693,lt,Sahinas
334695401,4346694,lt,Beydili
334695632,4346697,lt,Calyayla
334695709,4346698,lt,Caltili
334695940,4346701,lt,Calti
334696017,4346702,lt,Calti
334696094,4346703,lt,Calti
334696171,4346704,lt,Calti
334696248,4346705,lt,Cakirli
334696325,4346706,lt,Caltepe
334696402,4346707,lt,Calta
334696556,4346709,lt,Kalpinaras
334696633,4346710,lt,Calpala
334696710,4346711,lt,Calli
334696864,4346713,lt,Calkoey
334696941,4346714,lt,Calkoey
334697018,4346715,lt,Calkoey
334697095,4346716,lt,Calkoey
334697172,4346717,lt,Calkoey
334697249,4346718,lt,Calkoey
334697326,4346719,lt,Calkoey
334697403,4346720,lt,Calkoey
334697480,4346721,lt,Calkoey
334697557,4346722,lt,Calkoey
334697634,4346723,lt,Calkisla
334697865,4346726,lt,Calkaya
334697942,4346727,lt,Calkara
334698096,4346729,lt,Caliyazi
334698173,4346730,lt,Calislar
334698404,4346733,lt,Calisanlar
334698481,4346734,lt,Calilik
334698558,4346735,lt,Calikoy
334698635,4346736,lt,Calik
334698712,4346737,lt,Callidere
334698789,4346738,lt,Calidere
334698866,4346739,lt,Calidere
334698943,4346740,lt,Calici
334699020,4346741,lt,Calicaalan
334699097,4346742,lt,Guneycalica
334699174,4346743,lt,Cali
334699251,4346744,lt,Calgan
334699713,4346750,lt,Sorkuncuk
334699790,4346751,lt,Icmesu
334699867,4346752,lt,Calca
334699944,4346753,lt,Calbasi
334700021,4346754,lt,Calaman
334700098,4346755,lt,Calabas
334700329,4346758,lt,Cigdemli
334700406,4346759,lt,Cakrazseyhler
334700560,4346761,lt,Cakrak
334700637,4346762,lt,Sariyar
334700791,4346764,lt,Cakmakli
334700868,4346765,lt,Cakmaklar
334700945,4346766,lt,Cakmakkoey
334701176,4346769,lt,Cakmak
334701330,4346771,lt,Fevzi Cakmak
334701407,4346772,lt,Cakmak
334701484,4346773,lt,Cakiruzum
334701561,4346774,lt,Cakirsu
334701638,4346775,lt,Cakirsayvan
334701715,4346776,lt,Cakirpinar
334701792,4346777,lt,Cakiroz
334701946,4346779,lt,Cakiroglu
334702023,4346780,lt,Derebag
334702177,4346782,lt,Cakirli
334702254,4346783,lt,Cakirli
334702331,4346784,lt,Cakirli
334702562,4346787,lt,Cakirlar
334702639,4346788,lt,Cakirlar
334702793,4346790,lt,Cakirlar
334702870,4346791,lt,Cakirkaya
334702947,4346792,lt,Cakirgumus
334703024,4346793,lt,Beyazit
334703178,4346795,lt,Cakircay
334703255,4346796,lt,Cakircali
334703332,4346797,lt,Cakirca
334703409,4346798,lt,Cakirca
334703486,4346799,lt,Cakirbag
334703563,4346800,lt,Cakiralan
334703640,4346801,lt,Karaoglu
334703717,4346802,lt,Derebeysibey
334703794,4346803,lt,Cakirkoey
334703871,4346804,lt,Cakiloba
334703948,4346805,lt,Yukariirmaklar
334704102,4346807,lt,Camlica
334704256,4346809,lt,Cakilkoey
334704333,4346810,lt,Cakilkoey
334704410,4346811,lt,Cakilkaya
334704487,4346812,lt,Cakili
334704564,4346813,lt,Caldere
334704641,4346814,lt,Cakilkoey
334704718,4346815,lt,Basakcay
334704795,4346816,lt,Cakilkoey
334704872,4346817,lt,Cakilkoey
334704949,4346818,lt,Cakallik
334705026,4346819,lt,Cakalli
334705103,4346820,lt,Cakalli
334705257,4346822,lt,Cagsak
334705334,4346823,lt,Cagsak
334705411,4346824,lt,Cagrisan
334705642,4346827,lt,Caglipinar
334705719,4346828,lt,Cagalayik
334705796,4346829,lt,Caglayik
334705873,4346830,lt,Jenikojus
334705950,4346831,lt,Caglayan
334706027,4346832,lt,Caglayan
334706104,4346833,lt,Caglar
334706181,4346834,lt,Caglar
334706258,4346835,lt,Cagis
334706335,4346836,lt,Tavukcuoglu
334706412,4346837,lt,Cagabey
334706489,4346838,lt,Caga
334706566,4346839,lt,Caferli
334706720,4346841,lt,Caferler
334706797,4346842,lt,Caferiye
334706874,4346843,lt,Cadirkaya
334706951,4346844,lt,Cadirhuyuk
334707105,4346846,lt,Caciklar
334707336,4346849,lt,Suekuerlue
334707413,4346850,lt,Buzkoey
334707567,4346852,lt,Buzkoey
334707644,4346853,lt,Buzagci
334707721,4346854,lt,Camliktepe
334707798,4346855,lt,Bueyuekyurt
334707875,4346856,lt,Buyukyoncali
334707952,4346857,lt,Buyukyildiz
334708029,4346858,lt,Buyukyenice
334708106,4346859,lt,Buyukyakali
334708183,4346860,lt,Buyuktoraman
334708260,4346861,lt,Buyuktekke
334708491,4346864,lt,Bueyueksuermeli
334708568,4346865,lt,Bueyuekduez
334708645,4346866,lt,Bueyueksuermeli
334708722,4346867,lt,Buyuksoeguetoezue
334708799,4346868,lt,Buyuksoguklar
334708876,4346869,lt,Cinarkoey
334709030,4346871,lt,Buyuk Pirveli
334709107,4346872,lt,Bueyuekoeguenlue
334709261,4346874,lt,Bueyuekoeguenlue
334709415,4346876,lt,Yukari Durak
334709492,4346877,lt,Bueyueklue
334709646,4346879,lt,Lacin
334709723,4346880,lt,Buyukkumla
334709800,4346881,lt,Buyukkozluca
334709954,4346883,lt,Yagsuzen
334710031,4346884,lt,Bueyuekkoey
334710108,4346885,lt,Buyukkizilkum
334710185,4346886,lt,Yesilova
334710262,4346887,lt,Bueyuekkoz
334710339,4346888,lt,Buyukkisla
334710416,4346889,lt,Buyukkiran
334710493,4346890,lt,Buyuk Kilicli
334710724,4346893,lt,Buyukkaristiran
334710801,4346894,lt,Buyukkarakarli
334710878,4346895,lt,Buyukkaraagac
334710955,4346896,lt,Buyukismailce
334711032,4346897,lt,Buyukincesu
334711109,4346898,lt,Bueyuek Guezel
334711186,4346899,lt,Buyukhacibey
334711263,4346900,lt,Bueyuekgueluecek
334711417,4346902,lt,Bueyuekgueluecek
334711494,4346903,lt,Gueneykoey
334711571,4346904,lt,Bueyuekgoel
334711648,4346905,lt,Buyukevren
334711725,4346906,lt,Buyukesence
334711879,4346908,lt,Buyukelmali
334712033,4346910,lt,Bueyuekduez
334712187,4346912,lt,Bueyuekdoelluek
334712264,4346913,lt,Buyukdona
334712341,4346914,lt,Bueyuekdoelluek
334712495,4346916,lt,Buyukdoganca
334712649,4346918,lt,Bueyuekdag
334712726,4346919,lt,Bueyuekdag
334712803,4346920,lt,Buyukdeliller
334712880,4346921,lt,Bueyuekcit
334712957,4346922,lt,Buyukcukur
334713034,4346923,lt,Bueyuekcit
334713188,4346925,lt,Buyuk Catma
334713265,4346926,lt,Buyuk Catak
334713342,4346927,lt,Buyukcamili
334713419,4346928,lt,Bueyuekbolat
334713496,4346929,lt,Buyukbalikli
334713804,4346933,lt,Buyukanafarta
334713881,4346934,lt,Buyuk Altinbulak
334713958,4346935,lt,Buyukaltiagac
334714112,4346937,lt,Buyukakseki
334714266,4346939,lt,Buyukafsar
334714343,4346940,lt,Buesueruem
334714497,4346942,lt,Buesueruem
334714574,4346943,lt,Burunucu
334714651,4346944,lt,Burunsuzas
334714728,4346945,lt,Kovucak
334714805,4346946,lt,Burunca
334714882,4346947,lt,Sueluekas
334715267,4346952,lt,Bursa
334715498,4346955,lt,Buernuek
334715575,4346956,lt,Buernuek
334715652,4346957,lt,Buernuek
334715806,4346959,lt,Bueruem
334715883,4346960,lt,Burmadere
334715960,4346961,lt,Burhanoglu
334716037,4346962,lt,Burhanli
334716114,4346963,lt,Burhaniye
334716268,4346965,lt,Dogancili
334716345,4346966,lt,Bahcesaray
334716422,4346967,lt,Burgazas
334716499,4346968,lt,Burcun
334716576,4346969,lt,Barcin
334716653,4346970,lt,Burcalik
334716730,4346971,lt,Gulcimen
334716807,4346972,lt,Bunus
334716884,4346973,lt,Buenues
334716961,4346974,lt,Saricakaya
334717038,4346975,lt,Buluca
334717192,4346977,lt,Bulgurlu
334717269,4346978,lt,Bulgurcu
334717346,4346979,lt,Akmescit
334717423,4346980,lt,Bulduklu
334717500,4346981,lt,Buelbuellue
334717577,4346982,lt,Gulacar
334717654,4346983,lt,Buelbuellue
334717731,4346984,lt,Bulanik
334717808,4346985,lt,Bulanik
334717885,4346986,lt,Bulanik
334717962,4346987,lt,Bulančakas
334718039,4346988,lt,Kehler
334718116,4346989,lt,Incesu
334718270,4346991,lt,Bulak
334718347,4346992,lt,Bulak
334718424,4346993,lt,Bulak
334718501,4346994,lt,Bulak
334718578,4346995,lt,Buekkoey
334718655,4346996,lt,Buekkoey
334718732,4346997,lt,Buekkoey
334718809,4346998,lt,Buekkoey
334718886,4346999,lt,Bukeler
334719040,4347001,lt,Buguoeren
334719194,4347003,lt,Buguoeren
334719271,4347004,lt,Bugralar
334719348,4347005,lt,Bugra
334719425,4347006,lt,Buegduez
334719502,4347007,lt,Buegduez
334719579,4347008,lt,Buegduez
334719656,4347009,lt,Buegduez
334719733,4347010,lt,Buegduez
334719810,4347011,lt,Bugdam
334719887,4347012,lt,Bugdam
334719964,4347013,lt,Bugdam
334720041,4347014,lt,Bugdam
334720118,4347015,lt,Bugay
334720195,4347016,lt,Bugay
334720426,4347019,lt,Budakli
334720503,4347020,lt,Budakli
334720657,4347022,lt,Peynirci
334720734,4347023,lt,Budakdoganca
334720811,4347024,lt,Budakdere
334720888,4347025,lt,Gevercinli
334720965,4347026,lt,Gevercinli
334721119,4347028,lt,Guevercinli
334721350,4347031,lt,Bucak
334721427,4347032,lt,Bozyigit
334721504,4347033,lt,Bozyayla
334721581,4347034,lt,Bucakoenue
334721658,4347035,lt,Demirhisaras
334721889,4347038,lt,Boztepe
334722043,4347040,lt,Boztepe
334722120,4347041,lt,Boztekke
334722197,4347042,lt,Boztas
334722274,4347043,lt,Camlibel
334722351,4347044,lt,Bozoren
334722428,4347045,lt,Bozoglu
334722505,4347046,lt,Bozoglak
334722582,4347047,lt,Bozlaras
334722659,4347048,lt,Bozkus
334722813,4347050,lt,Bozkurt
334722890,4347051,lt,Bozkoy
334722967,4347052,lt,Bozkocatepe
334723044,4347053,lt,Bozkiras
334723198,4347055,lt,Bozkale
334723275,4347056,lt,Bozhane
334723352,4347057,lt,Bozguc
334723429,4347058,lt,Bozdoganas
334723506,4347059,lt,Bozdoganas
334723583,4347060,lt,Bozcali
334723814,4347063,lt,Bozcaarmut
334723891,4347064,lt,Bozca
334723968,4347065,lt,Bozca
334724045,4347066,lt,Guezelkoey
334724122,4347067,lt,Bozboga
334724353,4347070,lt,Bozat
334724430,4347071,lt,Bozat
334724507,4347072,lt,Karacavus
334724584,4347073,lt,Bozarmutas
334724738,4347075,lt,Bozarmutas
334724815,4347076,lt,Bozarmutas
334724892,4347077,lt,Bozarmutas
334724969,4347078,lt,Bozanic
334725123,4347080,lt,Ortakoey
334725200,4347081,lt,Golkiyi
334725277,4347082,lt,Baltaci Kuyucagi
334725354,4347083,lt,Boyuntas
334725431,4347084,lt,Boyunpinar
334725508,4347085,lt,Boyunkaya
334725585,4347086,lt,Boyundurcak
334725662,4347087,lt,Boyluca
334725739,4347088,lt,Boyluca
334725893,4347090,lt,Boyalilar
334725970,4347091,lt,Boyalik
334726047,4347092,lt,Boyalica
334726124,4347093,lt,Boyalica
334726278,4347095,lt,Boyalica
334726355,4347096,lt,Boyali
334726509,4347098,lt,Boyali
334726586,4347099,lt,Boyali
334726663,4347100,lt,Cukurkoey
334726740,4347101,lt,Boyali
334726817,4347102,lt,Boyali
334726894,4347103,lt,Boyali
334726971,4347104,lt,Boyali
334727048,4347105,lt,Boyali
334727125,4347106,lt,Boyali
334727202,4347107,lt,Boyali
334727279,4347108,lt,Boyacili
334727356,4347109,lt,Boyacilar
334727433,4347110,lt,Boyaci
334727510,4347111,lt,Boyabuekue
334727587,4347112,lt,Bojabatas
334727741,4347114,lt,Bostanli
334727818,4347115,lt,Bostanli
334727972,4347117,lt,Bostanlar
334728049,4347118,lt,Bostankolu
334728126,4347119,lt,Bostankale
334728203,4347120,lt,Bostandere
334728280,4347121,lt,Bostancili
334728434,4347123,lt,Bostancilar
334728588,4347125,lt,Bostancik
334728742,4347127,lt,Bostanci
334728896,4347129,lt,Bostanli
334728973,4347130,lt,Bostanbuku
334729050,4347131,lt,Bostankoy
334729127,4347132,lt,Bosna
334729358,4347135,lt,Borluk
334729435,4347136,lt,Boerkas
334729512,4347137,lt,Borčka
334729589,4347138,lt,Borcak
334729666,4347139,lt,Borcak
334729743,4347140,lt,Calli
334729820,4347141,lt,Bezirgan
334729897,4347142,lt,Boncuklar
334730128,4347145,lt,Boeluekoeren
334730282,4347147,lt,Boelueklue
334730359,4347148,lt,Boeluekbas
334730436,4347149,lt,Boeluecek
334730513,4347150,lt,Bolucekkaya
334730590,4347151,lt,Boeluecek
334730667,4347152,lt,Bolu
334730744,4347153,lt,Cayvar
334730821,4347154,lt,Bolluk
334730898,4347155,lt,Bolluca
334730975,4347156,lt,Bollu
334731052,4347157,lt,Boldaci
334731129,4347158,lt,Bolceagac
334731283,4347160,lt,Bolayir
334731360,4347161,lt,Bolatcik
334731437,4347162,lt,Boeke
334731514,4347163,lt,Yalikoy
334731591,4347164,lt,Boeke
334731745,4347166,lt,Bogazyayla
334731822,4347167,lt,Bogazgoren
334731976,4347169,lt,Bohazkalė
334732053,4347170,lt,Mamak
334732207,4347172,lt,Bogazkoey
334732284,4347173,lt,Bogazkoey
334732361,4347174,lt,Bogaz
334732438,4347175,lt,Bogazkoey
334732515,4347176,lt,Bogazkoru
334732592,4347177,lt,Bogazbasi
334732669,4347178,lt,Bogazbasi
334732823,4347180,lt,Bogazbasi
334732900,4347181,lt,Illicabogaz
334732977,4347182,lt,Bogali
334733054,4347183,lt,Bogakoy
334733131,4347184,lt,Bogakoy
334733208,4347185,lt,Bogakale
334733285,4347186,lt,Kazantas
334733439,4347188,lt,Bogabagi
334733516,4347189,lt,Karapinar
334733593,4347190,lt,Guercesme
334733747,4347192,lt,Bodurlar
334733824,4347193,lt,Kamlitepė
334733901,4347194,lt,Bodac
334733978,4347195,lt,Toprakkalė
334734055,4347196,lt,Buecueklue
334734209,4347198,lt,Bizgili
334734363,4347200,lt,Biyikaydin
334734440,4347201,lt,Biyikali
334734517,4347202,lt,Tarakcilar
334734594,4347203,lt,Bitik
334734748,4347205,lt,Birebir
334734902,4347207,lt,Bingoze
334735133,4347210,lt,Eminbey
334735210,4347211,lt,Binbasar
334735287,4347212,lt,Binbasak
334735441,4347214,lt,Bilmece
334735518,4347215,lt,Bilik
334735595,4347216,lt,Bilgili
334735672,4347217,lt,Bileciler
334735749,4347218,lt,Biledžikas
334735903,4347220,lt,Bildir
334735980,4347221,lt,Gokdag
334736057,4347222,lt,Bilal
334736134,4347223,lt,Bigas
334736211,4347224,lt,Yesilkoey
334736365,4347226,lt,Bickibasi
334736442,4347227,lt,Bickiyani
334736519,4347228,lt,Bickidere
334736750,4347231,lt,Bicinlik
334736827,4347232,lt,Asarcik
334736981,4347234,lt,Bicakcilar
334737135,4347236,lt,Biberoglu
334737212,4347237,lt,Camlikoey
334737289,4347238,lt,Bezirgan
334737366,4347239,lt,Bezirgan
334737443,4347240,lt,Bezirci
334737520,4347241,lt,Pasabey
334737597,4347242,lt,Bezcikuzoren
334737674,4347243,lt,Beyyurdu
334737751,4347244,lt,Beyyenice
334737905,4347246,lt,Beytarla
334737982,4347247,lt,Beytarla
334738059,4347248,lt,Beyseki
334738213,4347250,lt,Beypinar
334738290,4347251,lt,Beypinari
334738367,4347252,lt,Beyoezue
334738444,4347253,lt,Beypazari
334738521,4347254,lt,Beyoezue
334738598,4347255,lt,Beykōeylue
334738675,4347256,lt,Beyoglu
334738752,4347257,lt,Beyoglu
334738829,4347258,lt,Beyoglu
334738906,4347259,lt,Beyoglan
334739060,4347261,lt,Kirencukuru
334739137,4347262,lt,Beymelik
334739445,4347266,lt,Beylik
334739522,4347267,lt,Beylice
334739599,4347268,lt,Beyli
334739676,4347269,lt,Beylerli
334739753,4347270,lt,Beylerce
334739830,4347271,lt,Beylerbeyi
334739907,4347272,lt,Beyleris
334739984,4347273,lt,Beyoren
334740138,4347275,lt,Beykoz
334740215,4347276,lt,Beykoz
334740369,4347278,lt,Beykōeyue
334740446,4347279,lt,Beykōeyue
334740600,4347281,lt,Beykōeyue
334740677,4347282,lt,Beykōeyue
334740754,4347283,lt,Beykōeyue
334740831,4347284,lt,Beykōeyue
334740908,4347285,lt,Beykōeyue
334741062,4347287,lt,Beykōeyue
334741139,4347288,lt,Beykonagi
334741216,4347289,lt,Beykonagi
334741293,4347290,lt,Beyleris
334741370,4347291,lt,Beykaya
334741447,4347292,lt,Beykavagi
334741524,4347293,lt,Beygircioglu
334741601,4347294,lt,Beydini
334741678,4347295,lt,Beydili
334741755,4347296,lt,Beydili
334741832,4347297,lt,Beydili
334741909,4347298,lt,Beyderesi
334742063,4347300,lt,Beydegirmeni
334742140,4347301,lt,Sipahiler
334742217,4347302,lt,Beyciler
334742294,4347303,lt,Beyciler
334742371,4347304,lt,Beycik
334742525,4347306,lt,Dedeleris
334742602,4347307,lt,Beyce
334742679,4347308,lt,Beycayiri
334742756,4347309,lt,Beycam
334742833,4347310,lt,Beybuekue
334742910,4347311,lt,Beybesli
334742987,4347312,lt,Beyazkoey
334743064,4347313,lt,Beyazsu
334743141,4347314,lt,Beyazkoey
334743218,4347315,lt,Beyardic
334743449,4347318,lt,Beyagac
334743526,4347319,lt,Besyol
334743603,4347320,lt,Besyol
334743680,4347321,lt,Bespinaras
334743757,4347322,lt,Bespinaras
334743834,4347323,lt,Bespinaras
334743911,4347324,lt,Besoren
334743988,4347325,lt,Beskoeprue
334744065,4347326,lt,Beskiz
334744142,4347327,lt,Beykaynak
334744219,4347328,lt,Beskaya
334744296,4347329,lt,Baskaya
334744450,4347331,lt,Besirkoy
334744527,4347332,lt,Besinli
334744604,4347333,lt,Besiktepe
334744758,4347335,lt,Bešiktas
334744835,4347336,lt,Bešiktas
334744912,4347337,lt,Besikduzu
334744989,4347338,lt,Besevleris
334745066,4347339,lt,Besevleris
334745143,4347340,lt,Besdut
334745220,4347341,lt,Besdere
334745297,4347342,lt,Besdegirmen
334745374,4347343,lt,Besdamas
334745451,4347344,lt,Besbicak
334745528,4347345,lt,Berkkoey
334745605,4347346,lt,Besagac
334745682,4347347,lt,Berkkoey
334745759,4347348,lt,Karabey
334745836,4347349,lt,Bereketli
334745913,4347350,lt,Bereketli
334746144,4347353,lt,Bereketli
334746221,4347354,lt,Bereket
334746298,4347355,lt,Bereket
334746375,4347356,lt,Saglicak
334746452,4347357,lt,Bercincatak
334746529,4347358,lt,OEren
334746606,4347359,lt,Beratli
334746760,4347361,lt,Benliahmet
334746837,4347362,lt,Benli
334746914,4347363,lt,Bani Muslih
334747068,4347365,lt,Bengu
334747145,4347366,lt,Bengisu
334747222,4347367,lt,Belsoeguet
334747299,4347368,lt,El Tepeyac
334747376,4347369,lt,Belsoeguet
334747453,4347370,lt,Belpinar
334747530,4347371,lt,Guengoeren
334747607,4347372,lt,Belpinar
334747684,4347373,lt,Belpinar
334747838,4347375,lt,Beloerenas
334747992,4347377,lt,Beloerenas
334748069,4347378,lt,Bellitepe
334748146,4347379,lt,Belkese
334748223,4347380,lt,Belkaya
334748300,4347381,lt,Binbasioglu
334748377,4347382,lt,Belkavak
334748454,4347383,lt,Belkavak
334748531,4347384,lt,Belkavak
334748608,4347385,lt,Belkaraagac
334748685,4347386,lt,Belgrat
334748762,4347387,lt,Belevi
