id,city_id,language_key,name
191361187,2485211,es,Kalyanpur
191361264,2485212,es,Raghunathpur
191361418,2485214,es,Maidi Kalan
191361572,2485216,es,Maidi Khurd
191361649,2485217,es,Sohjana
191361803,2485219,es,Pilkhi
191362034,2485222,es,Gauspur
191362265,2485225,es,Mahmuda
191362496,2485228,es,Molna Chak
191362573,2485229,es,Rupaspur
191362727,2485231,es,Kapasia
191362804,2485232,es,Sunri
191362881,2485233,es,Banauli
191362958,2485234,es,Kharij Jama
191363035,2485235,es,Mian Bigha
191363189,2485237,es,Andwas
191363266,2485238,es,Karmu Bigha
191363343,2485239,es,Molnadih
191363420,2485240,es,Chhabilapur
191363497,2485241,es,Lodipur
191363728,2485244,es,Madhukar Chak
191363805,2485245,es,Beldar Bigha
191363882,2485246,es,Cadenapur
191363959,2485247,es,Malisanr
191364036,2485248,es,Katalpura
191364113,2485249,es,Dogi
191364190,2485250,es,Rohua
191364267,2485251,es,Nemthu
191364344,2485252,es,Ammakuan
191364421,2485253,es,Ratana
191364652,2485256,es,Arhanpura
191364883,2485259,es,Jethauna
191364960,2485260,es,Tilari
191365037,2485261,es,Kasi Bigha
191365191,2485263,es,Chausandi
191365268,2485264,es,Habi Chak
191365345,2485265,es,Singhaul
191365422,2485266,es,Bahuara
191365576,2485268,es,Baraini
191365653,2485269,es,Nekpur
191365730,2485270,es,Katari
191365807,2485271,es,Thera
191365884,2485272,es,Mora
191365961,2485273,es,Nima
191366038,2485274,es,Mahuwala
191366115,2485275,es,Muzaffarpur
191366192,2485276,es,Jati Bhagwanpur
191366269,2485277,es,Fatehpur
191366423,2485279,es,Pilkhi
191366654,2485282,es,Udaipur
191367116,2485288,es,Basuain
191367193,2485289,es,Nonhi
191367501,2485293,es,Raja Bigha
191367578,2485294,es,Chandaura
191367732,2485296,es,Majaitha
191367809,2485297,es,Satokhri
191368117,2485301,es,Nansu Bigha
191368194,2485302,es,Miar
191368271,2485303,es,Kishunai Bigha
191368348,2485304,es,Birju Bigha
191368425,2485305,es,Gobdiha
191368656,2485308,es,Barhauna
191368733,2485309,es,Kharij Jama
191368810,2485310,es,Barnausa
191368887,2485311,es,Bahera
191369041,2485313,es,Dilu Bigha
191369118,2485314,es,Doda Chak
191369272,2485316,es,Eksari
191369580,2485320,es,Halim Chak
191369811,2485323,es,Bhui
191369888,2485324,es,Kurthaul
191369965,2485325,es,Sikandra
191370042,2485326,es,Gorawan
191370196,2485328,es,Bisu Bigha
191370427,2485331,es,Janaro
191370504,2485332,es,Kandwa Bigha
191370581,2485333,es,Bichhakol
191370812,2485336,es,Dumari
191370889,2485337,es,Muzaffarpur
191370966,2485338,es,Daudpur
191371043,2485339,es,Mobarakpur
191371120,2485340,es,Dharhara
191371197,2485341,es,Daya Bigha
191371351,2485343,es,Maijra
191371505,2485345,es,Daha Ghat
191371813,2485349,es,Chhakauri Bigha
191371890,2485350,es,Ramganj
191372044,2485352,es,Bhagwanpur
191372121,2485353,es,Balchand Bigha
191372275,2485355,es,Qutlupur
191372352,2485356,es,Bara
191372429,2485357,es,Karjara
191372583,2485359,es,Umrao Bigha
191372737,2485361,es,Saure
191372814,2485362,es,Benia Bigha
191372891,2485363,es,Padum Bigha
191372968,2485364,es,Nohsa
191373045,2485365,es,Bakatmal Bigha
191373122,2485366,es,Radha Bigha
191373199,2485367,es,Inayatpur
191373276,2485368,es,Sidhi Bigha
191373353,2485369,es,Birbal Bigha
191373430,2485370,es,Bhatu Bigha
191373507,2485371,es,Bashman Bigha
191373584,2485372,es,ben
191373815,2485375,es,Maha Bigha
191373892,2485376,es,Kosnara
191373969,2485377,es,Salim Bigha
191374046,2485378,es,Diwai Bigha
191374200,2485380,es,Padman Bigha
191374277,2485381,es,Marsua
191374354,2485382,es,Jolha Bigha
191374508,2485384,es,Mari
191374585,2485385,es,Kirpaganj
191374662,2485386,es,Amia Bigha
191374739,2485387,es,Jhandu Bigha
191374816,2485388,es,Makhdumpur
191374893,2485389,es,Murgawan
191374970,2485390,es,Harihar Bigha
191375124,2485392,es,Tara Bigha
191375201,2485393,es,Astupur
191375278,2485394,es,Khaira
191375355,2485395,es,Maghsar
191375432,2485396,es,Lakiya Par
191375586,2485398,es,Jafra
191375894,2485402,es,Kedu Bigha
191375971,2485403,es,Bhatu Bigha
191376125,2485405,es,Sehri
191376202,2485406,es,Mansa Bigha
191376279,2485407,es,Lalganj
191376433,2485409,es,Gadai Chak
191376510,2485410,es,Arawan
191376664,2485412,es,Nagarpur
191376741,2485413,es,Saidpur
191376818,2485414,es,Kanku Bigha
191376895,2485415,es,Eksara
191377049,2485417,es,Muhammadpur
191377126,2485418,es,Bishunpur
191377280,2485420,es,`Atr
191377511,2485423,es,Lala Bigha
191377665,2485425,es,Rasalpur
191377742,2485426,es,Ajnaura
191377819,2485427,es,Rasula
191377896,2485428,es,Mardan Bigha
191378050,2485430,es,Dhanawan
191378204,2485432,es,Horil Bigha
191378281,2485433,es,Ajaipur
191378358,2485434,es,Rupaspur
191378435,2485435,es,Sheikhpura
191378512,2485436,es,Harprasad Bigha
191378666,2485438,es,Sita Bigha
191378743,2485439,es,Kalyanpur
191378897,2485441,es,Chhatarpur
191379051,2485443,es,Bari Math
191379128,2485444,es,Koiri Bigha
191379282,2485446,es,Bikrampur
191379359,2485447,es,Fatehpur
191379513,2485449,es,Sinawah
191379590,2485450,es,Sakardih
191379744,2485452,es,Bijapura
191379821,2485453,es,Karan Bigha
191379898,2485454,es,Pilich
191379975,2485455,es,Alawan
191380899,2485467,es,Bara Khurd
191380976,2485468,es,Ratanpur
191381053,2485469,es,Pahladnagar
191381130,2485470,es,Sardar Bigha
191381207,2485471,es,Kathanpura
191381361,2485473,es,Sherpur
191381438,2485474,es,Kundi
191381515,2485475,es,Darwara
191381592,2485476,es,Beldari Bigha
191381669,2485477,es,Dasturpur
191381823,2485479,es,Bhagmal Bigha
191381900,2485480,es,Bishunpur
191381977,2485481,es,Kubra Bigha
191382054,2485482,es,Jamnapur
191382131,2485483,es,Pathroura
191382208,2485484,es,Gosai Bigha
191382285,2485485,es,Balchand Bigha
191382516,2485488,es,Doia
191382593,2485489,es,Kakhra
191382747,2485491,es,Barara
191382824,2485492,es,Daudpur
191383363,2485499,es,Jamali Chak
191383517,2485501,es,Jagmohan Chak
191383594,2485502,es,Makanpur
191383748,2485504,es,Nari
191383825,2485505,es,Kharij Jama
191383902,2485506,es,Jagdispur Tiari
191383979,2485507,es,Mathurapur
191384056,2485508,es,Mahadeo Bigha
191384133,2485509,es,Daryapur
191384287,2485511,es,Nadiauna
191384364,2485512,es,Ahiapur
191384441,2485513,es,Dahpar
191384518,2485514,es,Basu Khanda
191384595,2485515,es,Parmanand Bigha
191384672,2485516,es,Sargaon
191384749,2485517,es,Teja Bigha
191384903,2485519,es,Sakrorha
191385134,2485522,es,Chor Bigha
191385288,2485524,es,Sabalpur
191385365,2485525,es,Gajraj Bigha
191385442,2485526,es,Paparnohsa
191385596,2485528,es,Dumrawan
191385673,2485529,es,Jardín Botánico Lal Bagh
191385904,2485532,es,Pachauri
191386135,2485535,es,Mani Chak
191386212,2485536,es,Lakhrawan
191386366,2485538,es,Mirpur Uknawan
191386520,2485540,es,Nagphali Chak
191386674,2485542,es,Kaparsari
191387059,2485547,es,Nagwan
191387213,2485549,es,Korai
191387367,2485551,es,Sanpatpar
191387675,2485555,es,Bhagwanpur
191387752,2485556,es,Pachwara
191387906,2485558,es,Lodipur
191387983,2485559,es,Taju Bigha
191388060,2485560,es,Kakaila
191388214,2485562,es,Dih Mamurabad
191388291,2485563,es,Gobindpur
191388368,2485564,es,Pakri Sarai
191388445,2485565,es,Chak Nirpur
191388522,2485566,es,Jalalpur
191388599,2485567,es,Nirpur
191388907,2485571,es,Jangharo
191388984,2485572,es,Madhopur
191389215,2485575,es,Paki
191389292,2485576,es,Gobindpur
191389369,2485577,es,Bidupar
191389523,2485579,es,Kul
191389677,2485581,es,Bhadari
191389754,2485582,es,Khonupur
191389831,2485583,es,Maniawan
191389985,2485585,es,Sabait
191390062,2485586,es,Raghu Bigha
191390139,2485587,es,Rangila Bigha
191390216,2485588,es,Dharhara
191390293,2485589,es,Niamatnagar
191390601,2485593,es,Narhar Bigha
191390832,2485596,es,Tulsi Bigha
191390986,2485598,es,Pathla Tilha
191391217,2485601,es,Siwan
191391294,2485602,es,Belouwa
191391525,2485605,es,Jhalar
191392141,2485613,es,Jinda Bigha
191392218,2485614,es,Ghustawan
191392295,2485615,es,Balwa Chak
191392526,2485618,es,Gor Bigha
191392680,2485620,es,Karianna
191392757,2485621,es,Kamal Bigha
191392834,2485622,es,Malikpur
191392911,2485623,es,Dumri
191392988,2485624,es,Barakar
191393142,2485626,es,Dhanchhuhi
191393219,2485627,es,Saure
191393296,2485628,es,Bande
191393373,2485629,es,Gajipur
191393450,2485630,es,Dharampura
191393527,2485631,es,Baksu
191393604,2485632,es,Khemji Bigha
191393681,2485633,es,Lachhmipur
191393758,2485634,es,Balaur
191393835,2485635,es,Sonar Bigha
191393912,2485636,es,Sithaura
191394220,2485640,es,Lahuar
191394682,2485646,es,Nagri
191394759,2485647,es,Ujarpur
191395221,2485653,es,Surah Kund
191395298,2485654,es,Mutnaze
191395529,2485657,es,Kapatiya
191395683,2485659,es,Mohanpur
191395760,2485660,es,Mirzapur
191395837,2485661,es,Maheshpur
191395914,2485662,es,Gonar Bigha
191396145,2485665,es,Bans Bigha
191396299,2485667,es,Musahri
191396684,2485672,es,Gangti
191396761,2485673,es,Akauna
191396992,2485676,es,Birchait
191397223,2485679,es,Kewai
191397377,2485681,es,Pariaunna
191397454,2485682,es,Mai
191397531,2485683,es,Op
191397839,2485687,es,Salha
191397916,2485688,es,Rahimpur
191397993,2485689,es,Ramauli
191398147,2485691,es,Jagdispur Baghnagri
191398378,2485694,es,Saraiya
191398532,2485696,es,Mushari Ram
191398609,2485697,es,Gopalpur Khurd
191398686,2485698,es,Shakra Bazid
191398763,2485699,es,Tulsi Mohanpur
191398840,2485700,es,Sakra Faridpur
191398917,2485701,es,Sapha Mahdaia
191398994,2485702,es,Bhatandi
191399148,2485704,es,Basantpur Jhiktahi
191399379,2485707,es,Bharthipur
191399533,2485709,es,Sundarpur
191399610,2485710,es,Shampur
191399687,2485711,es,Baji Raut
191399841,2485713,es,Bazidpur Asog
191399918,2485714,es,Baji Buzurg
191400149,2485717,es,Chapra Bahor
191400226,2485718,es,Marai Khurd
191400380,2485720,es,Machhia
191400457,2485721,es,Sujawalpur
191400534,2485722,es,Sarmastpur
191400611,2485723,es,Chandpur Chiknauta
191400842,2485726,es,Shirazabad
191400919,2485727,es,Raja Pakar
191401073,2485729,es,Ratanpur Kewal
191401150,2485730,es,Katesar
191401227,2485731,es,Mehsi
191401304,2485732,es,Ghanipur Bejha
191401458,2485734,es,Keshopur
191401612,2485736,es,Rasulpur Tajo
191401689,2485737,es,Mansurpur
191401997,2485741,es,Mahamadpur Dharam
191402151,2485743,es,Muhammadpur Suki
191402305,2485745,es,Bishunpur Katesar
191402382,2485746,es,Chakwa
191402459,2485747,es,Gobindpur Bela
191402536,2485748,es,Bijepura
191402690,2485750,es,Bela Adam
191402767,2485751,es,Bhusahi
191402844,2485752,es,Larho
191402921,2485753,es,Rupanpatti
191403152,2485756,es,Paharpur
191403229,2485757,es,Piarepur
191403306,2485758,es,Nasir Chak
191403614,2485762,es,Balgaon Chandpur Buzurg
191403845,2485765,es,Patepur
191403922,2485766,es,Emadpur
191403999,2485767,es,Rasulpur
191404307,2485771,es,Shahbazpur
191404384,2485772,es,Saidpur Dumra
191404692,2485776,es,Dhankaul
191404769,2485777,es,Amma Mori
191404923,2485779,es,Mirpur Bhtoro
191405000,2485780,es,Bazidpur Kusahi
191405077,2485781,es,Chak Bairisal
191405154,2485782,es,Bazidpur Kartar
191405385,2485785,es,Dabhaich
191405462,2485786,es,Nilo Rukunpur
191405539,2485787,es,Pindrauta Khurd
191405616,2485788,es,Paranpur
191405693,2485789,es,Pindrauta Buzurg
191405770,2485790,es,Bardiha Turki
191405847,2485791,es,Asuán
191405924,2485792,es,Murtazapur Dumri
191406155,2485795,es,Raghopur Asidha
191406232,2485796,es,Sakrauli
191406386,2485798,es,Mataiya
191406463,2485799,es,Chakaiya
191406617,2485801,es,Bishunpur Gobind
191406771,2485803,es,Padmaul
191406925,2485805,es,Khemkaranpur
191407079,2485807,es,Mansinghpur Bijrauli
191407156,2485808,es,Amthanwa
191407310,2485810,es,Kapsara
191407387,2485811,es,Mora Buzurg
191407464,2485812,es,Maroi
191407541,2485813,es,Chak Sikandar
191407695,2485815,es,Harpur Bhindi
191407772,2485816,es,Azizpur Chandi
191407926,2485818,es,Saidpur
191408003,2485819,es,Rajwara
191408080,2485820,es,Banchar
191408157,2485821,es,Chak Pahar
191408234,2485822,es,Mirzapur
191408465,2485825,es,Bakarh
191408542,2485826,es,Bazidpur Kaiju
191408619,2485827,es,Lohanipatti
191408773,2485829,es,Mathurapur
191408850,2485830,es,Madhopur Digharwa
191408927,2485831,es,Hasanpur Kaiju
191409004,2485832,es,Paighambarpur
191409081,2485833,es,Benua
191409158,2485834,es,Songar
191409389,2485837,es,Rajkhand
191409543,2485839,es,Chak Mir Baqi
191409620,2485840,es,Bahuara
191409697,2485841,es,Pokhra
191409851,2485843,es,Bhagwanpur Kaiju
191409928,2485844,es,Chak Rasulabad
191410005,2485845,es,Bishunpur Kaiju
191410159,2485847,es,Chak Fazil
191410313,2485849,es,Dumri Dakhli
191410698,2485854,es,Muhammadi Chak
191410775,2485855,es,Udaipur Anni
191410929,2485857,es,Sirsia
191411006,2485858,es,Ababakarpur
191411083,2485859,es,Gaddopur
191411160,2485860,es,Manpura
191411237,2485861,es,Chak Fatma
191411314,2485862,es,Salempur
191411545,2485865,es,Murgia Chak
191411699,2485867,es,Mohiuddinpur Rajwa
191411930,2485870,es,Bazidpur Sarsauna
191412007,2485871,es,Gouspur Sarsauna
191412084,2485872,es,Asadadri
191412161,2485873,es,Kishunwara
191412392,2485876,es,Bach
191412469,2485877,es,Dih Sarsauna
191412546,2485878,es,Digha Fatehpur
191412623,2485879,es,Bhagwanpur Khajuri
191412700,2485880,es,Khajepur Basti
191412931,2485883,es,Balnathpur Kodaria
191413008,2485884,es,Ghanipur
191413085,2485885,es,Bharthipur
191413162,2485886,es,Akhtiarpur Doghra
191413239,2485887,es,Chak Dohri
191413393,2485889,es,Kawadih
191413470,2485890,es,Chak Jadu
191413547,2485891,es,Husepur
191413624,2485892,es,Kubauli Baso
191413701,2485893,es,Muradpur Bangra
191413778,2485894,es,Kubauli Ram
191413855,2485895,es,Rasulpur Kawa
191413932,2485896,es,Bishunpur Kawa
191414086,2485898,es,Madhopur Khairi
191414240,2485900,es,Agrail Khurd
191414317,2485901,es,Semri
191414394,2485902,es,Dihri Buzurg
191414471,2485903,es,Dihri Ishaq
191414625,2485905,es,Hasan Sarai
191414779,2485907,es,Pupri
191414856,2485908,es,Rajapur
191414933,2485909,es,Dubaha Buzurg
191415010,2485910,es,Bahrampur
191415164,2485912,es,Paharpur
191415318,2485914,es,Bishunpur Bathua
191415472,2485916,es,Dharmagatpur Bathua
191415626,2485918,es,Jagdispur
191415703,2485919,es,Sri Rampur Ajodhya
191415780,2485920,es,Chapra Farid
191415857,2485921,es,Chandanpatti
191416088,2485924,es,Madsudanpur
191416242,2485926,es,Baklatola
191416319,2485927,es,Sheikhopur
191416396,2485928,es,Ramirampur
191416627,2485931,es,Malpur Agrail
191416704,2485932,es,Itha Rasulnagar
191416781,2485933,es,Dwarkapur
191416858,2485934,es,Rampur Bakhri
191416935,2485935,es,Basantpur Bakhri
191417089,2485937,es,Sadiqpur Maraul
191417166,2485938,es,Dholi
191417320,2485940,es,Bishunpur Bakhri
191417397,2485941,es,Harpur Muhamda
191417474,2485942,es,Mahamadpur Deopar
191417628,2485944,es,Harpur Pusa
191417782,2485946,es,Dhobgawan
191417936,2485948,es,Malinagar
191418244,2485952,es,Bakhtiarpur
191418398,2485954,es,Gorai
191418860,2485960,es,Dharampur
191418937,2485961,es,Lachhrampur
191419014,2485962,es,Madhurapur
191419091,2485963,es,Mohanpur
191419168,2485964,es,Bazidpur
191419245,2485965,es,Jagatsinghpur
191419322,2485966,es,Bedaulia
191419476,2485968,es,Harpur Singhia
191419784,2485972,es,Ramcharni
191419938,2485974,es,Simri Gopal
191420015,2485975,es,Mahamadpur Birauli
191420092,2485976,es,Birauli Khurd
191420169,2485977,es,Somnaha
191420246,2485978,es,punas
191420323,2485979,es,Madhopur
191420400,2485980,es,Balapur
191420477,2485981,es,Jhahuri
191420708,2485984,es,Pachrukhi
191420862,2485986,es,Morsand
191420939,2485987,es,Dighra
191421016,2485988,es,Gaura
191421093,2485989,es,Bhairopatti
191421170,2485990,es,Thahra
191421555,2485995,es,Chakla Waini
191421709,2485997,es,Kajia Bishunpur
191421786,2485998,es,Chak Haji
191422017,2486001,es,Malpur
191422171,2486003,es,Chandauli
191422325,2486005,es,Shahpur Baghauni
191422479,2486007,es,Rajwa
191422556,2486008,es,Rahimabad
191422633,2486009,es,Nirpur
191422710,2486010,es,Chak Ashraf
191422864,2486012,es,Jagdispur
191422941,2486013,es,Bharokhra
191423018,2486014,es,Adharpur
191423172,2486016,es,Baghi
191423249,2486017,es,Ramkisnunpur
191423403,2486019,es,Chandopatti
191423480,2486020,es,Chak Abdul Gani
191423557,2486021,es,Naraenpur Darhia
191423634,2486022,es,Motipur
191423788,2486024,es,Chak Haider
191423865,2486025,es,Fatehpur Bala
191424096,2486028,es,Murgia Chak
191424173,2486029,es,Makundpur
191424250,2486030,es,Darhia Belar
191424327,2486031,es,Sangrampur
191424481,2486033,es,Chak Janab
191424558,2486034,es,Bikrampur Bande
191424712,2486036,es,Bishunpur Bande
191424789,2486037,es,Pahepur
191424866,2486038,es,Sambhupatti
191424943,2486039,es,Salompur Dasraha
191425020,2486040,es,Murtazapur
191425097,2486041,es,Bajopur
191425174,2486042,es,Garuara
191425636,2486048,es,Chako Bhindi
191425713,2486049,es,Gorhiari
191425867,2486051,es,Morwa
191425944,2486052,es,Nikaspur
191426098,2486054,es,Lathasepura
191426175,2486055,es,Gangapur Athar
191426329,2486057,es,Chak Habib
191426560,2486060,es,Mubarakpur
191426714,2486062,es,Dagarua
191427099,2486067,es,Udapatti
191427407,2486071,es,Nawa Chak
191427484,2486072,es,Umaidpur
191427561,2486073,es,Jitwarpur Kumhra
191427946,2486078,es,Bhagwatpur
191428485,2486085,es,Jhakhra
191428716,2486088,es,Sarai Ranjan
191429101,2486093,es,Repura
191429255,2486095,es,Basantpur Ghaus
191429409,2486097,es,Narsinghpur
191429486,2486098,es,Balua
191429563,2486099,es,Sahuri
191429640,2486100,es,Saidpur
191429717,2486101,es,Hajpurwa
191431026,2486118,es,Karnauti
191431180,2486120,es,Sabnima
191431257,2486121,es,Chanda
191431334,2486122,es,Lachhmanpur
191431411,2486123,es,Aidal Chak
191431719,2486127,es,Kalyan Bigha
191431873,2486129,es,Nanda Bigha
191432027,2486131,es,Bamo Chak
191432258,2486134,es,Chero
191432412,2486136,es,Sherpur
191432566,2486138,es,Gokulpur
191432643,2486139,es,Nehusa
191432874,2486142,es,Daili
191433105,2486145,es,Basti
191433182,2486146,es,Jorarpur
191433336,2486148,es,Garbu Chak
191433413,2486149,es,Srichandpur
191433644,2486152,es,Dharampur
191433798,2486154,es,Cherán
191434029,2486157,es,Sabnahua
191434106,2486158,es,Cadenapur
191434183,2486159,es,Bahadurpur
191434260,2486160,es,Nimakol
191434337,2486161,es,Porái
191434414,2486162,es,Sartha
191434568,2486164,es,Shahbazpur
191434722,2486166,es,Giridhar Chak
191434799,2486167,es,Tanrapar
191434876,2486168,es,Araut
191434953,2486169,es,Murhari
191435030,2486170,es,Dehra
191435184,2486172,es,Alipur
191435261,2486173,es,Phalanwan
191435338,2486174,es,Patasia
191435415,2486175,es,Lohra
191435492,2486176,es,Narchawar
191435569,2486177,es,Bela
191435723,2486179,es,Dosut
191435877,2486181,es,Bangaria
191435954,2486182,es,Kamal Bigha
191436185,2486185,es,Khaira
191436339,2486187,es,Murgia Chak
191436416,2486188,es,Supasang
191436801,2486193,es,Tar Bigha
191436955,2486195,es,Mai Farida
191437032,2486196,es,Dhamauli
191437186,2486198,es,Imli Bigha
191437340,2486200,es,Chandaura
191437417,2486201,es,Paithna
191437494,2486202,es,Marhara
191437571,2486203,es,Parasi
191437648,2486204,es,Churaman Bigha
191437725,2486205,es,Mathurapur
191437802,2486206,es,Amarpur
191437879,2486207,es,Bandih
191437956,2486208,es,Dhamasang
191438033,2486209,es,Kadi Bigha
191438110,2486210,es,Salempur
191438187,2486211,es,Qutubpura
191438341,2486213,es,Gobaria
191438495,2486215,es,Dulchandpur
191438572,2486216,es,Chhatarpur
191438803,2486219,es,Bokna
191439034,2486222,es,Samabad
191439111,2486223,es,Paindapur
191439188,2486224,es,Amba
191439881,2486233,es,Sulemanpur
191440035,2486235,es,Mada Chak
191440189,2486237,es,Habanpura
191440420,2486240,es,Mathurapur
191440651,2486243,es,Pachaura
191440728,2486244,es,Jagnandanpur
191440805,2486245,es,Bhandari
191440959,2486247,es,Barandi
191441036,2486248,es,Jhaman Bigha
191441113,2486249,es,Balia Bigha
191441267,2486251,es,Daulatpur
191441652,2486256,es,Ora
191441729,2486257,es,Pitaunjia
191441960,2486260,es,Bishunpur
191442037,2486261,es,Narayanpur
191442114,2486262,es,Punha
191442345,2486265,es,Panchtara
191442422,2486266,es,Husianpur
191442499,2486267,es,Majidpur
191442576,2486268,es,Masía
191442730,2486270,es,Muftipur
191442807,2486271,es,Utarthu
191442884,2486272,es,Ahia Chak
191443038,2486274,es,Jamsari
191443115,2486275,es,Gazipur
191443346,2486278,es,Lalu Bigha
191443500,2486280,es,Alipur
191443577,2486281,es,Chauria
191443731,2486283,es,Susandi
191443808,2486284,es,Sonsa
191444039,2486287,es,Indwas
191444116,2486288,es,Gobindpur
191444270,2486290,es,Bhenda
191444424,2486292,es,Basak Saidi
191444655,2486295,es,Lohtan Chak
191444732,2486296,es,Mahima Chak
191444809,2486297,es,Kharthua
191444963,2486299,es,Gokhulpur
191445194,2486302,es,Sanalpur
191445425,2486305,es,Korari
191445579,2486307,es,Jakki
191445656,2486308,es,Gangta
191445733,2486309,es,Poari
191445887,2486311,es,Balwapar
191446426,2486318,es,Amitra
191446580,2486320,es,Chintaman Chak
191446811,2486323,es,Ahranwan
191446888,2486324,es,Belchhi
191447119,2486327,es,Bandi Chak
191447196,2486328,es,Chhatiana
191447350,2486330,es,Alinagar
191447427,2486331,es,Birampur
191447581,2486333,es,Langhaura
191447889,2486337,es,Udhwa
191448197,2486341,es,Barah
191448274,2486342,es,Fatehpur
191448351,2486343,es,Gadanpura
191448428,2486344,es,Sikandra
191448505,2486345,es,Bhuapur
191448582,2486346,es,Jagdispur
191448659,2486347,es,Misi
191448736,2486348,es,Geruari
191448813,2486349,es,Basawanpur
191449044,2486352,es,Bazidpur
191449121,2486353,es,Sawani
191449198,2486354,es,Muhammadpur Nawa Bigha
191449275,2486355,es,Harauli
191449352,2486356,es,Jamalpur Barhia
191449429,2486357,es,Saraia
191449660,2486360,es,Shaistapur
191449737,2486361,es,Kewal Bigha
191450045,2486365,es,Bahadurpur
191450122,2486366,es,Dakshin Chak
191450507,2486371,es,Phulelpur
191450584,2486372,es,Pura
191450661,2486373,es,Mubarakpur
191450815,2486375,es,Mankaura
191450892,2486376,es,Rahmanpur
191450969,2486377,es,Hasan Chak
191451431,2486383,es,Kalyanpur
191452278,2486394,es,Rana Bigha
191452355,2486395,es,Sadiqpur
191452971,2486403,es,Akbarpur
191453048,2486404,es,Dahaur
191453125,2486405,es,Salarpur
191453356,2486408,es,Sikandra
191453587,2486411,es,Dhanwan
191453818,2486414,es,Hasan Chak
191453895,2486415,es,Bahrawan
191453972,2486416,es,Soima
191454049,2486417,es,Goaram
191454280,2486420,es,Masatthu
191454357,2486421,es,Nadwan
191454434,2486422,es,Saidpur
191454511,2486423,es,Rahima
191454588,2486424,es,Ekdanga
191454665,2486425,es,Atnawan
191454819,2486427,es,Sarkatti
191454896,2486428,es,Chak Jalal
191454973,2486429,es,Kabir Chak
191455050,2486430,es,Tilhar
191455204,2486432,es,Jalalpur
191455358,2486434,es,Kaima
191455743,2486439,es,Lakha Chak
191456051,2486443,es,Madan Chak
191456128,2486444,es,Rajupur
191456359,2486447,es,Indauli
191456436,2486448,es,Dariapur
191456513,2486449,es,Bhikhu Chak
191456590,2486450,es,Chauria
191456667,2486451,es,Gobindpur
191456744,2486452,es,Kishanpur
191456898,2486454,es,Jakjanpur
191457052,2486456,es,Bakra
191457129,2486457,es,Makanpur
191457206,2486458,es,Tajnipur
191457437,2486461,es,Baruane
191457514,2486462,es,Gobindpur
191457591,2486463,es,Nauranga
191457745,2486465,es,Suratpur
191457822,2486466,es,Ishwar Chak
191457899,2486467,es,Kushar
191457976,2486468,es,Kathrahi
191458284,2486472,es,Chhatarpur
191458361,2486473,es,Jahana
191458900,2486480,es,Jaitipur
191458977,2486481,es,Dariapur
191459054,2486482,es,Mahadihpur
191459131,2486483,es,Ibrahimpur
191459208,2486484,es,Malawán
191459362,2486486,es,Sekhra
191459516,2486488,es,Pojh
191459670,2486490,es,Kabirpur
191459747,2486491,es,Rupaspur
191459824,2486492,es,Fateh Chak
191459978,2486494,es,Moti Bigha
191460132,2486496,es,Chhatar Bigha
191460209,2486497,es,Sadarpur
191460286,2486498,es,Lodipur
191460363,2486499,es,Kasim Bigha
191460517,2486501,es,Kanhauli
191460594,2486502,es,Gang Chak
191460748,2486504,es,Barhog
191460825,2486505,es,Janakpur
191461056,2486508,es,Dharhara
191461210,2486510,es,Sirsi
191461364,2486512,es,Bidgaon
191461441,2486513,es,Pargaon
191461518,2486514,es,Devgaon
191461749,2486517,es,Pungaon
191462211,2486523,es,Bhokni
191462288,2486524,es,Vambhori
191462365,2486525,es,Diksai
191462442,2486526,es,Moharad
191462596,2486528,es,Vidgaon
191462827,2486531,es,Siragad
191462904,2486532,es,Türkheda
191463135,2486535,es,Dhamangaon
191463212,2486536,es,Mamurabad
191463366,2486538,es,Chincholi
191463443,2486539,es,Dongaon
191463674,2486542,es,Adgaon
191463751,2486543,es,Malod
191463828,2486544,es,Naygaon
191464136,2486548,es,Sujda
191464752,2486556,es,Bholana
191464829,2486557,es,Tarsod
191465060,2486560,es,Pimpri
191465445,2486565,es,Korpavli
191465753,2486569,es,Bhalshiv
191465830,2486570,es,Shelgaon
191465907,2486571,es,Kadgaon
191465984,2486572,es,Jalgaon Khurd
191466061,2486573,es,Sunasgaon
191466138,2486574,es,Gombhi
191466215,2486575,es,Khirdi
191466292,2486576,es,Tighra
191466446,2486578,es,Jogalkheda
191466677,2486581,es,Boraval Budruk
191466754,2486582,es,Takarkhede
191466985,2486585,es,Nimgaon
191467293,2486589,es,Chitoda
191467832,2486596,es,Atraval
191467986,2486598,es,Vitnera
191468140,2486600,es,Dayalpur
191468294,2486602,es,Lakhi
191468371,2486603,es,Bilali
191468525,2486605,es,Dasnaval
191468602,2486606,es,Garaghat
191468833,2486609,es,Machalgaon
191468987,2486611,es,Hirapur
191469064,2486612,es,Piplai
191469295,2486615,es,Sagur
191469372,2486616,es,Silai
191469526,2486618,es,Andad
191469603,2486619,es,Jamnia
191469757,2486621,es,Balkhadia
191469911,2486623,es,Lalni
191469988,2486624,es,Poi
191470219,2486627,es,Selda
191470296,2486628,es,Sakarkhedi
191470373,2486629,es,Signur
191470527,2486631,es,Valka
191470604,2486632,es,Singarchavdi
191470681,2486633,es,Surva
191470758,2486634,es,Bhopada
191470912,2486636,es,Khudgaon
191470989,2486637,es,Sakargaon
191471143,2486639,es,Keshavpura
191471220,2486640,es,Devla
191471451,2486643,es,Sangvi
191471528,2486644,es,Kholava
191471605,2486645,es,Akhapura
191471682,2486646,es,Bhagwanpura
191471913,2486649,es,Saikhed
191471990,2486650,es,Pokhrabad
191472144,2486652,es,Satvada
191472298,2486654,es,Morva
191472375,2486655,es,Mohad
191472452,2486656,es,Devit Khurd
191472529,2486657,es,Jamnya Buzurg
191472683,2486659,es,Dhakbardi
191472837,2486661,es,Gaval
191472914,2486662,es,Pokhar Khurd
191472991,2486663,es,Amankhedi
191473068,2486664,es,Lakhapur
191473222,2486666,es,Chilatia
191473376,2486668,es,Devit Buzurg
191473453,2486669,es,Nemit
191473607,2486671,es,Kaliakhedi
191473684,2486672,es,Jamnia Khurd
191473761,2486673,es,Umardad
191473915,2486675,es,Temla
191474531,2486683,es,Mamdia
191474608,2486684,es,Dabla
191474685,2486685,es,Gadi
191474762,2486686,es,Daudkhedi
191474839,2486687,es,Anjangaon
191474916,2486688,es,Mogargaon
191474993,2486689,es,Ghodi Buzurg
191475070,2486690,es,Ghodi Khurd
191475224,2486692,es,Lakhapur
191475378,2486694,es,Karania
191475686,2486698,es,Gorakhpur
191475840,2486700,es,Jamli
191475917,2486701,es,Mordad
191475994,2486702,es,Kharva
191476148,2486704,es,Bondrania
191476225,2486705,es,Mandva
191476456,2486708,es,Baikheda
191476687,2486711,es,Balkhed
191477072,2486716,es,Borkheda Khurd
191477303,2486719,es,Vanjola
191477380,2486720,es,Chorvad
191477688,2486724,es,Borek
191477842,2486726,es,Bhalod
191477919,2486727,es,Bamnod
191477996,2486728,es,Padalsa
191478150,2486730,es,Kathora
191478227,2486731,es,Kandari
191478535,2486735,es,Kasva
191478612,2486736,es,Kosgaon
191478689,2486737,es,Vanoli
191478766,2486738,es,Amoda
191478843,2486739,es,Hambardi
191478920,2486740,es,Marul
191479228,2486744,es,Viroda
191479305,2486745,es,Ridhori
191479382,2486746,es,Nimbhore Budruk
191479536,2486748,es,Sakri
191479613,2486749,es,Manyarkhede
191479690,2486750,es,Jatgaon
191479767,2486751,es,Pimprisekam.
191479844,2486752,es,Sudgaon
191479921,2486753,es,Raypur
191480152,2486756,es,mangui
191480229,2486757,es,Karanji
191480306,2486758,es,Vadhoda
191480383,2486759,es,Pimprud
191480460,2486760,es,Kalmoda
191480691,2486763,es,Thorgavhan
191480768,2486764,es,Rangaon
191481307,2486771,es,Taskheda
191481384,2486772,es,Udhali Khurd
191481538,2486774,es,Gata
191481615,2486775,es,Talvel
191482462,2486786,es,Chinaval
191482539,2486787,es,Sunoda
191482616,2486788,es,Lumkheda
191482693,2486789,es,Hatnur
191482770,2486790,es,Tahakli
191482847,2486791,es,Mangalwadi
191482924,2486792,es,Tandalwadi
191483001,2486793,es,Andalvadi
191483078,2486794,es,Dasnur
191483232,2486796,es,Vadgaon
191483309,2486797,es,Kumbharkheda
191483463,2486799,es,Balvadi
191483540,2486800,es,Singat
191483617,2486801,es,Chinchol
191483694,2486802,es,Manpur
191483771,2486803,es,Kahurkhede
191484233,2486809,es,Singadi
191484310,2486810,es,Bhamalwadi
191484618,2486814,es,Bhatkheda
191484695,2486815,es,Utkheda
191484849,2486817,es,Dujkheda
191484926,2486818,es,Rekal Gadda
191485003,2486819,es,Bolaram
191485157,2486821,es,Udimalla
191485465,2486825,es,Bapanpad
191486004,2486832,es,Pogulla
191486235,2486835,es,Palutla
191486620,2486840,es,Venkatadripalem
191486697,2486841,es,Jangamvaripalle
191486774,2486842,es,Kolukula
191486851,2486843,es,Virabhadrapuram
191486928,2486844,es,Koppunur
191487005,2486845,es,Kandlakunta
191487082,2486846,es,Gottipalla
191487159,2486847,es,Gangulagunta
191487313,2486849,es,Layapalle
191487467,2486851,es,Gangireddipalle
191487621,2486853,es,Uppalapadu
191487929,2486857,es,Terla
191488006,2486858,es,Dwarakapuri
191488083,2486859,es,Alugurajupalli
191488160,2486860,es,Kottapalle
191488237,2486861,es,Lingapuram
191488314,2486862,es,Rayavaram
191488391,2486863,es,Polepalle
191488545,2486865,es,Patlavidu
191488699,2486867,es,Mutukuru
191488776,2486868,es,Chinnapalem
191488930,2486870,es,Devupalle
191489161,2486873,es,Regulapalle
191489315,2486875,es,Mogullapalli
191489392,2486876,es,Pandivanipalle
191489546,2486878,es,Gollavidipi
191489623,2486879,es,Ayyambhotlapalle
191489700,2486880,es,Ramachandrapuram
191489777,2486881,es,Ramasamudram
191489854,2486882,es,Channampalle
191489931,2486883,es,Muraripalli
191490008,2486884,es,Ranganapalem
191490470,2486890,es,Nayadupalem
191490624,2486892,es,Kavulakuntla
191490855,2486895,es,Ratsakonda
191491240,2486900,es,Vummadivaram
191491471,2486903,es,Gangavaram
191491548,2486904,es,Endurivaripalem
191491625,2486905,es,Medapi
191491702,2486906,es,Ganapayaram
191491779,2486907,es,Mittapalem
191492010,2486910,es,Ragadapa
191492087,2486911,es,Kalepalli
191492164,2486912,es,Timmapur
191492318,2486914,es,Virlapalem
191492395,2486915,es,Mudimanikam
191492472,2486916,es,Gottimukkala
191492549,2486917,es,Jettipalem
191492626,2486918,es,Goli
191492703,2486919,es,Pasarlapadu
191492780,2486920,es,Mittagudipadu
191492857,2486921,es,Kottapaluvayi
191492934,2486922,es,Rentala
191493011,2486923,es,Manchikallu
191493088,2486924,es,Cherlagudipadu
191493242,2486926,es,Pallegunta
191493319,2486927,es,Gangavaram
191493396,2486928,es,Pulipadu
191493473,2486929,es,Daida
191493627,2486931,es,Iragudem
191493704,2486932,es,Ganespahad
191493858,2486934,es,Narsapur
191493935,2486935,es,Janpahad
191494012,2486936,es,Suriapahad
191494089,2486937,es,Ravipahad
191494166,2486938,es,Mahankaligudem
191494243,2486939,es,Ramapuram
191494320,2486940,es,Bhatrupalem
191494397,2486941,es,Pondugala
191494474,2486942,es,Gamalapadu
191494705,2486945,es,Ambapuram
191494782,2486946,es,Alugumallipadu
191494936,2486948,es,Budavada
191495013,2486949,es,Kachavaram
191495090,2486950,es,Gogulapadu
191495167,2486951,es,Sankarapuram Siddhayi
191495706,2486958,es,Vaijnath
191495860,2486960,es,Mohadi
191496014,2486962,es,Jalka
191496553,2486969,es,Rotvad
191496630,2486970,es,Kasampura
191496784,2486972,es,Nachankhede
191496938,2486974,es,Bharadi
191497015,2486975,es,Bilkheda
191497092,2486976,es,Sunasgaon Khurd
191497169,2486977,es,Savatkheda
191497246,2486978,es,Mohadi
191497477,2486981,es,Kalmad
191497554,2486982,es,Gadegaon
191497708,2486984,es,Dhanvad
191497862,2486986,es,Chincholi
191498093,2486989,es,Manyarkheda
191498247,2486991,es,Belvhal
191498324,2486992,es,Beli
191498555,2486995,es,Bhagpur
191498709,2486997,es,Kandari
191499017,2487001,es,Kekat
191499171,2487003,es,Malpimpri
191499248,2487004,es,Gondkhel
191499633,2487009,es,Shahapur
191499710,2487010,es,Mhasas
191499787,2487011,es,Kalamsar
191499941,2487013,es,Kokadi
191500018,2487014,es,Jangipura
191500095,2487015,es,Malkheda
191500326,2487018,es,Murad
191500403,2487019,es,Kolha
191500557,2487021,es,Atalgavhan
191500634,2487022,es,Malgaon
191500711,2487023,es,Kankrala
191500788,2487024,es,Jarandi
191500865,2487025,es,Nimbayati
191500942,2487026,es,Rampura
191501019,2487027,es,Bohalkheda
191501173,2487029,es,Ghatamri
191501250,2487030,es,Halda
191501327,2487031,es,Janjala
191501404,2487032,es,Dakhla
191501635,2487035,es,Galvada
191501943,2487039,es,Manegaon
191502097,2487041,es,Gondegaon
191502174,2487042,es,Chilgaon
191502636,2487048,es,Jogalkhede
191502713,2487049,es,Sonala
191502944,2487052,es,Sheri
191503252,2487056,es,Pimpalgaon Khurd
191503406,2487058,es,Palaskheda
191503483,2487059,es,Jambhol
191503637,2487061,es,Dhanvat
191503791,2487063,es,Hana
191503868,2487064,es,Sawarkheda
191503945,2487065,es,Lenapur
191504022,2487066,es,Pimpaldari
191504176,2487068,es,Vasai
191504253,2487069,es,Sangvi
191504407,2487071,es,Madugala
191504484,2487072,es,Syamarajpuram
191504638,2487074,es,Dharmavaram
191504715,2487075,es,Obulesunipalle
191504792,2487076,es,Atmakur
191504869,2487077,es,Kolagutla
191505023,2487079,es,Kakirala
191505100,2487080,es,Minchalapadu
191505177,2487081,es,Gandiganumala
191505331,2487083,es,Ravulapuram
191505408,2487084,es,Sholayapalem
191505485,2487085,es,Domalagunda
191505562,2487086,es,Mekaladinne
191505639,2487087,es,Ayyanapalem
191505716,2487088,es,Papayapalem
191505793,2487089,es,Narmalapadu
191505870,2487090,es,Miriyala
191505947,2487091,es,Pedakodamagundla
191506101,2487093,es,Kakanivaripalem
191506178,2487094,es,Vyapakumpalle
191506255,2487095,es,Chintapalle
191506332,2487096,es,Marripalem
191506409,2487097,es,Hanumapuram
191506486,2487098,es,Chakrayapalem
191506563,2487099,es,Garikapadu
191506717,2487101,es,Mellavagu
191506794,2487102,es,Reddipalem
191506871,2487103,es,Lalipuram
191506948,2487104,es,Gummanampadu
191507102,2487106,es,Marrivemula
191507256,2487108,es,Gajulapalle
191507487,2487111,es,Gangupalle
191507564,2487112,es,Kandrika
191507641,2487113,es,Singupalli
191507718,2487114,es,Satakodu
191507795,2487115,es,Gutlapalle
191507949,2487117,es,Manepalle
191508026,2487118,es,Remtapalle
191508103,2487119,es,Ramapuram
191508180,2487120,es,Siddanapalem
191508257,2487121,es,Isukatripuravaram
191508411,2487123,es,Ganesunipalem
191508565,2487125,es,Vengayapalem
191508642,2487126,es,Pataannasamudram
191508719,2487127,es,Annasamudram
191508796,2487128,es,Nadipalem
191508873,2487129,es,Nilagangavaram
191508950,2487130,es,Tangirala
191509181,2487133,es,Narasarayanipalem
191509258,2487134,es,Nadigadda
191509335,2487135,es,Dondapadu
191509412,2487136,es,Koppukonda
191509489,2487137,es,Perurupadu
191509643,2487139,es,Kanumalacheruvu
191509720,2487140,es,Malapadu
191509797,2487141,es,Bollapalle
191509874,2487142,es,Sanginenipalem
191509951,2487143,es,Mugachintalapalem
191510028,2487144,es,Gangulapalem
191510105,2487145,es,Vaddemgunta
191510182,2487146,es,Sarikondapalem
191510259,2487147,es,Naragayapalem
191510336,2487148,es,Zalalapalem
191510413,2487149,es,Venkupalem
191510490,2487150,es,Upparapalem
191510567,2487151,es,Panakalpalem
191510644,2487152,es,Bharatapuram
191510721,2487153,es,Timmayapalem
191510875,2487155,es,Chatragadapadu
191511029,2487157,es,Tellabadu
191511183,2487159,es,Sivapuram
191511260,2487160,es,Peddavaram
191511414,2487162,es,Agnigundala
191511645,2487165,es,Ramchandrapur
191511722,2487166,es,Matpalli
191511799,2487167,es,Katrapadu
191511876,2487168,es,Kottur
191512030,2487170,es,Madinapadu
191512107,2487171,es,Mutyalampadu
191512184,2487172,es,Ramachandrapuram
191512415,2487175,es,Tummalacheruvu
191512569,2487177,es,Karalapadu
191512646,2487178,es,Chennayapalem
191512723,2487179,es,Kamepalle
191513108,2487184,es,Matsavaram
191513185,2487185,es,Pinneli
191513262,2487186,es,Kottapalem
191513416,2487188,es,Marjampad
191513570,2487190,es,Vemavaram
191513647,2487191,es,Govindapuram
191513724,2487192,es,Chennayapalem
191513801,2487193,es,Tadutla
191513955,2487195,es,Regulagedda
191514109,2487197,es,Gundlapalli
191514186,2487198,es,Ragunathapalem
191514340,2487200,es,Adlur
191514417,2487201,es,Chityala
191514648,2487204,es,Chintriyal
191514725,2487205,es,Reballi
191514802,2487206,es,Ketavaram
191514879,2487207,es,Bodanam
191514956,2487208,es,Kamepalle
191515033,2487209,es,Gopalpuram
191515187,2487211,es,Mannesultanpalem
191515418,2487214,es,Srirukminipuram
191515572,2487216,es,Konanki
191515649,2487217,es,Matsayapalem
191515803,2487219,es,Bandaposanpalle
191516111,2487223,es,Edulapalli
191516265,2487225,es,Baswapur
191516342,2487226,es,Kothapalli
191516573,2487229,es,Yeldurti
191516881,2487233,es,Alipur
191517035,2487235,es,Mutrajpalli
191517112,2487236,es,Kazipet
191517189,2487237,es,Tirmalapur
191517497,2487241,es,Chinna Chintakunta
191517651,2487243,es,Pedda Chintakunta
191517728,2487244,es,Achampet
191517882,2487246,es,Timmapur
191518036,2487248,es,Channapur
191518113,2487249,es,Bijlipur
191518267,2487251,es,Tupakulapally
191518575,2487255,es,Konayapalli
191518652,2487256,es,Dharmarajpalli
191518806,2487258,es,Palat
191519499,2487267,es,Narsapur
191519807,2487271,es,Paralpalli
191520115,2487275,es,Chandapalli
191520269,2487277,es,Nagsanpally
191520423,2487279,es,Achampet
191520654,2487282,es,Ambajipet
191520731,2487283,es,Kamaram
191520885,2487285,es,Rudraram
191520962,2487286,es,Mallupalli
191521193,2487289,es,Anantsagar
191521270,2487290,es,Polampalli
191521501,2487293,es,Mandapur
191521809,2487297,es,Muttempet
191522040,2487300,es,Gopalpuram
191522117,2487301,es,Narsampalli
191522194,2487302,es,Kasanpalli
191522348,2487304,es,Gundureddipalli
191522502,2487306,es,Iranagaram
191522656,2487308,es,Ankreddipalli
191522810,2487310,es,Tenkampet
191523041,2487313,es,Narsampalli
191523195,2487315,es,Chandapur
191523657,2487321,es,Maktapalli
191523811,2487323,es,Rangampet
191524042,2487326,es,Shakaram
191524119,2487327,es,Girmapur
191524350,2487330,es,Govindapur
191524427,2487331,es,Ramakapet
191524658,2487334,es,Sangapur
191524966,2487338,es,Dharmareddipalli
191525120,2487340,es,Anantaraopalli
191525505,2487345,es,Konapur
191525582,2487346,es,Datarpalli
191525659,2487347,es,Dacharam
191525736,2487348,es,Lingareddipalli
191526121,2487353,es,Seripalli
191526198,2487354,es,Singaram
191526352,2487356,es,Chandapur
191526429,2487357,es,Rampur
191526737,2487361,es,Kondapur
191526814,2487362,es,Narsapur
191526891,2487363,es,Danduguda
191527276,2487368,es,Dasarlapalli
191527353,2487369,es,Srirampur
191527584,2487372,es,Tunki Bolarum
191527661,2487373,es,Nagareddipalli
191527738,2487374,es,Chinna Timmapur
191528200,2487380,es,Gangadarpalli
191528662,2487386,es,Gosaiguda
191528970,2487390,es,Antaipalli
191529124,2487392,es,Bomraspet
191529355,2487395,es,Tannery
191530279,2487407,es,Rangapur
191530356,2487408,es,Kesawapur
191530433,2487409,es,Banda Karpalli
191530510,2487410,es,Munirabad
191530664,2487412,es,Adraspalli
191530818,2487414,es,Solipet
191530895,2487415,es,Kazipet
191531049,2487417,es,Anantaram
191531126,2487418,es,Nagaipalli
191531511,2487423,es,Kamalabad
191531588,2487424,es,Masanpally
191531665,2487425,es,Alinagaram
191533128,2487444,es,Srinivaspuram
191533744,2487452,es,Kandiguda
191536208,2487484,es,Bodupal
191536362,2487486,es,Pirzadaguda
191536439,2487487,es,Marrepalli
191536593,2487489,es,Kachwanisingaram
191537594,2487502,es,Kurvalguda
191538056,2487508,es,Gandicheru
191538133,2487509,es,Umarkhanguda
191538287,2487511,es,Pirlaguda
191538441,2487513,es,Surmayaguda
191538518,2487514,es,Jafarguda
191538672,2487516,es,Pikilipur
191538749,2487517,es,Inamguda
191538980,2487520,es,Timmaiguda
191539057,2487521,es,Baljiguda
191539211,2487523,es,Pillaipalli
191540135,2487535,es,Bacharam
191540366,2487538,es,Marpalliguda
191540520,2487540,es,Ankushapur
191540828,2487544,es,Kuntanpalli
191541290,2487550,es,Dastagirnagar
191541367,2487551,es,Konaipalli
191541444,2487552,es,Giraipalli
191541521,2487553,es,Rajanpalli
191541752,2487556,es,Mednipur
191541829,2487557,es,Madhapur
191542060,2487560,es,Posanpalli
191542137,2487561,es,Venkatapur
191542291,2487563,es,Yellaiguda
191542368,2487564,es,Timmapur
191542445,2487565,es,Gopalpur
191542676,2487568,es,Tigal Narsapur
191542753,2487569,es,Jangareddipalli
191542984,2487572,es,Lingareddipally
191543061,2487573,es,Nabinagar
191543292,2487576,es,Mundalgudem
191543446,2487578,es,Godmakunta
191543523,2487579,es,Burugpalli
191543600,2487580,es,Mansanpalli
191543908,2487584,es,Rasulabad
191543985,2487585,es,Kistampet
191544293,2487589,es,Arepalli
191544524,2487592,es,Sernenigudem
191544909,2487597,es,Tirmalgiri
191545140,2487600,es,Kurmaguda
191545525,2487605,es,Balampally
191545602,2487606,es,Ramchandrapur
191545833,2487609,es,Wangapalli
191546064,2487612,es,Gollaguda
191546218,2487614,es,Tallagudem
191546295,2487615,es,Mylargudem
191546372,2487616,es,Ramajipet
191546526,2487618,es,Basantapur
191546680,2487620,es,Kantamgudem
191546911,2487623,es,Narsapur
191546988,2487624,es,Mahadevpur
191547142,2487626,es,Rangapuram
191547296,2487628,es,Pagidipalli
191547373,2487629,es,Anampatla
191547604,2487632,es,Makhdumpalli
191547681,2487633,es,Palligudem
191547989,2487637,es,Khapraipalli
191548066,2487638,es,Alinagar
191548220,2487640,es,Chintabavi
191548374,2487642,es,Jampalli
191548451,2487643,es,Ramlingampalli
191548528,2487644,es,Sivareddigudem
191548605,2487645,es,Narayangiri
191548836,2487648,es,Jalalpur
191548913,2487649,es,Tuprampeta
191549375,2487655,es,Dharmojigudem
191549529,2487657,es,Chautapal
191549606,2487658,es,Tadla Singawaram
191549683,2487659,es,Ankreddiguda
191549991,2487663,es,Kuntlaguda
191550068,2487664,es,Nillapatla
191550453,2487669,es,Serlulla
191550607,2487671,es,Wankamamidi
191550684,2487672,es,Dharmareddipalli
191550761,2487673,es,Lingarajupally
191551069,2487677,es,Panumativanigudem
191551146,2487678,es,Tekul Somaram
191551608,2487684,es,Nandanam
191551839,2487687,es,Madharam
191551916,2487688,es,Kapugudem
191552070,2487690,es,Namatpalli
191552147,2487691,es,Komatkunta
191552301,2487693,es,Amin ka Par
191552378,2487694,es,Bandasar
191552763,2487699,es,Bangli
191552840,2487700,es,Jummafakir Ki Basti
191553225,2487705,es,Chandaniyon Ka Par
191553456,2487708,es,Padariya
191553533,2487709,es,Savund ka Par
191553764,2487712,es,Purpuriya
191553841,2487713,es,Lakriyari
191554149,2487717,es,Lade ka Par
191554380,2487720,es,Kelan ka Par
191556074,2487742,es,Umedpurd
191556613,2487749,es,Gohar jo Tala
191556690,2487750,es,Abdul Rahim ka Tala
191557229,2487757,es,Talsar
191557614,2487762,es,Bisasar
191557999,2487767,es,Amgachhi
191558230,2487770,es,Bhangora
191558384,2487772,es,Gachhtola
191558461,2487773,es,Suraha
191558846,2487778,es,Dehti
191558923,2487779,es,Mohania
191559385,2487785,es,Kharhar
191559462,2487786,es,Salaigarh
191559539,2487787,es,Bandob
191559616,2487788,es,Bhikha
191559693,2487789,es,Bhima
191559847,2487791,es,Balua
191559924,2487792,es,Pechaili
191560155,2487795,es,Pokharia
191560232,2487796,es,Bahgi
191560309,2487797,es,Shiampur
191560386,2487798,es,Madhail
191560463,2487799,es,dubá
191560540,2487800,es,Rupail
191560925,2487805,es,Majhua
191561156,2487808,es,Farasat
191561310,2487810,es,Taran
191561464,2487812,es,Kakan
191561695,2487815,es,Gamharia
191561772,2487816,es,Masuria
191561926,2487818,es,Satbhita
191562003,2487819,es,Bairgachhi
191562080,2487820,es,Surjapur
191562157,2487821,es,Bhag Turkaili
191562234,2487822,es,Bagesari
191562311,2487823,es,Turkaili
191562465,2487825,es,Gogra
191562542,2487826,es,Chirah
191562773,2487829,es,Dhangawan
191562927,2487831,es,Parshadpur
191563312,2487836,es,Mahjali
191563389,2487837,es,Ghormara
191563466,2487838,es,Diari
191563543,2487839,es,Dumaria
191564005,2487845,es,Mahalgaon
191564082,2487846,es,Cadenapur
191564159,2487847,es,Parha
191564544,2487852,es,Kochgawan
191564852,2487856,es,Masuria
191564929,2487857,es,Majgawan
191565006,2487858,es,Chilhania
191565314,2487862,es,Bhuna
191565468,2487864,es,Rampur
191565545,2487865,es,Jamira
191565622,2487866,es,Pechaili
191565776,2487868,es,Tarauna
191565853,2487869,es,Gangaili
191566084,2487872,es,Kawaiyatola
191566238,2487874,es,Sahangaon
191566392,2487876,es,Bagdahar
191566623,2487879,es,Piprapur Wari
191566700,2487880,es,Pipra Pachhiar
191566854,2487882,es,Durgapur
191566931,2487883,es,Machhaila
191567316,2487888,es,Karahara
191567470,2487890,es,Bardenga
191567547,2487891,es,Karia
191567778,2487894,es,Belka
191567855,2487895,es,Majhua
191568086,2487898,es,Kishunpur
191568163,2487899,es,Uda
191568240,2487900,es,Chakai
191568471,2487903,es,Dabhra
191568548,2487904,es,Laruabari
191568702,2487906,es,Lalia
191568779,2487907,es,Ramganj
191569164,2487912,es,Singar Mohani
191569318,2487914,es,Darsana
191569395,2487915,es,Girda
191569549,2487917,es,Bankora
191569626,2487918,es,Baharbari
191569703,2487919,es,Malchhari
191569934,2487922,es,Rani
191570088,2487924,es,Harwa
191570242,2487926,es,Karbola
191570319,2487927,es,Khirdaha
191570550,2487930,es,Dhobinia
191570781,2487933,es,Jurail
191570935,2487935,es,Mayakhori
191571243,2487939,es,Sukhsaina
191571320,2487940,es,Kathalbari
191571397,2487941,es,Jahanpur
191571474,2487942,es,Shahpur
191571628,2487944,es,Dumaria
191571705,2487945,es,Satghara
191571782,2487946,es,Marichgaon
191571936,2487948,es,Belbari
191572013,2487949,es,Tarbi
191572090,2487950,es,Baraili
191572167,2487951,es,Ramnagar
191572321,2487953,es,Maina
191572398,2487954,es,Majhua
191572475,2487955,es,Gerari
191572552,2487956,es,Pothia
191572783,2487959,es,Pipra
191572860,2487960,es,Beni
191573014,2487962,es,Barkumba
191573168,2487964,es,Dipnagar
191573245,2487965,es,Ganga
191573322,2487966,es,Kathora
191573399,2487967,es,Behari
191573476,2487968,es,Naranga
191573553,2487969,es,Daua
191573630,2487970,es,Doargawan
191573707,2487971,es,Belbari
191573784,2487972,es,Bhatwara
191573861,2487973,es,Chandipur
191573938,2487974,es,Pandubi
191574015,2487975,es,Pakri
191574092,2487976,es,Lokhra
191574169,2487977,es,Dala
191574246,2487978,es,Chahatpur
191574323,2487979,es,Dhangawan
191574477,2487981,es,Majlispur
191574554,2487982,es,Kujri
191574631,2487983,es,Ramnagar
191574785,2487985,es,Kalahi
191574862,2487986,es,Durgapur
191575016,2487988,es,Haribhasa
191575093,2487989,es,Rupni
191575170,2487990,es,Tangtangia
191575247,2487991,es,Bochagari
191575324,2487992,es,Nisndara
191575401,2487993,es,Doria
191575555,2487995,es,Musaldenga
191575632,2487996,es,Dharhar
191575709,2487997,es,Asura
191575863,2487999,es,Sonakandar
191575940,2488000,es,Kashibari
191576017,2488001,es,Khapra
191576094,2488002,es,Budhi
191576171,2488003,es,Sohandar
191576248,2488004,es,Khutti
191576556,2488008,es,Jiwanpur
191576633,2488009,es,Singhari
191576710,2488010,es,Kathalbari
191576864,2488012,es,Mehdipur
191576941,2488013,es,Pokharia
191577018,2488014,es,Kushpara
191577249,2488017,es,Majkuri
191577403,2488019,es,Bhadauna
191577480,2488020,es,Dhurgaon
191577557,2488021,es,Kesarra
191577634,2488022,es,Bairgachhi
191577711,2488023,es,Dharmeswar Gachh
191577788,2488024,es,Khuti Kharia
191578019,2488027,es,Kadamgachhi
191578096,2488028,es,Balia
191578250,2488030,es,Titiha
191578327,2488031,es,Sehangaon
191578481,2488033,es,Bahkol
191578558,2488034,es,Kabaia
191578635,2488035,es,Surang
191578712,2488036,es,Makraha
191578789,2488037,es,Madha Mansur
191578866,2488038,es,Dogharia
191578943,2488039,es,Pachahra
191579097,2488041,es,Jadhail
191579482,2488046,es,Kajleta
191579636,2488048,es,Bara Istamrar
191579867,2488051,es,sirar
191579944,2488052,es,Purandaha
191580098,2488054,es,Malingaon
191580175,2488055,es,Natuapara
191580252,2488056,es,Katamata
191580406,2488058,es,Sukarna
191580637,2488061,es,Mashmian
191580791,2488063,es,Mirzapur
191580868,2488064,es,Khatatol
191581099,2488067,es,Bhusabari
191581407,2488071,es,Marua
191581484,2488072,es,Siswa
191581715,2488075,es,Malopara
191581792,2488076,es,Mehdinagar
191581869,2488077,es,Kabaia
191582100,2488080,es,Bardia
191582254,2488082,es,Sisabari
191582331,2488083,es,Jognia
191582562,2488086,es,Kasibari
191582870,2488090,es,Kamalsari
191582947,2488091,es,Jagadal
191583024,2488092,es,Harna
191583255,2488095,es,Baisa
191583486,2488098,es,Simalia
191583794,2488102,es,Rahua
191583948,2488104,es,Channi
191584333,2488109,es,Bhebra
191584487,2488111,es,Nahrakol
191584641,2488113,es,Rangamati
191584718,2488114,es,Talbari
191585026,2488118,es,Gerua
191585103,2488119,es,Araria
191585180,2488120,es,Kharaia
191585257,2488121,es,Gyaspur
191585334,2488122,es,Dhobinia
191585411,2488123,es,Para Purnia
191585488,2488124,es,Parwa
191585565,2488125,es,Bhag Baisa
191585719,2488127,es,Mahuwa Singhrai
191585796,2488128,es,Mahuwa Ramrai
191585950,2488130,es,Umravati
191586258,2488134,es,Balgaon
191586412,2488136,es,Nerla
191586643,2488139,es,Selgaon
191586720,2488140,es,Adgaon
191586874,2488142,es,Ranjangaon
191586951,2488143,es,Jategaon
191587259,2488147,es,Anjandoh
191587336,2488148,es,Phajalwadi
191587952,2488156,es,Varkhedi
191588337,2488161,es,Nilod
191588414,2488162,es,Kaigaon
191588491,2488163,es,Pedgaon
191588568,2488164,es,Padli
191588645,2488165,es,Nimikhed
191588722,2488166,es,Takli Jivrak
191589184,2488172,es,Nandkhed
191589261,2488173,es,Khadawadi
191589415,2488175,es,Rajawadi
191589492,2488176,es,Khamgaon
191589723,2488179,es,Talegaon
191589800,2488180,es,Pimpri
191589877,2488181,es,Pimpalgaon Kolte
191590031,2488183,es,Vajirkhed
191590185,2488185,es,Goshagaon
191590339,2488187,es,Gavhali
191590416,2488188,es,Borgaon Kasari
191590493,2488189,es,Pimpalgaon Peth
191590570,2488190,es,Muthad
191590647,2488191,es,Tandulwadi
191590801,2488193,es,Tanda
191590878,2488194,es,Jainpur
191591032,2488196,es,Khandala
191591186,2488198,es,Latipur
191591340,2488200,es,Khadki
191591417,2488201,es,Khatgaon
191591494,2488202,es,Ekphal
191591879,2488207,es,Mhasla
191591956,2488208,es,Mehuna
191592033,2488209,es,Bhatkhed
191592110,2488210,es,Davargaon
191592187,2488211,es,Kinhol
191592418,2488214,es,Rajala
191592495,2488215,es,Nimgaon
191592572,2488216,es,Nanja
191592649,2488217,es,Kshirsagar
191592880,2488220,es,Kinhi
191593034,2488222,es,Khandala
191593111,2488223,es,Mondhala
191593188,2488224,es,Shindi
191593265,2488225,es,Manmodi
191593419,2488227,es,Gangapuri
191593496,2488228,es,Mundkheda
191593727,2488231,es,Ambilhol
191593804,2488232,es,Mahukheda
191594112,2488236,es,Vaki Budrukh
191594189,2488237,es,Lahasar
191594574,2488242,es,Takli Khurd
191594728,2488244,es,Takankheda
191594805,2488245,es,Kodoli
191594882,2488246,es,Pimparkhede
191595113,2488249,es,Sargaon
191595190,2488250,es,Kalkheda
191595267,2488251,es,Patkheda
191595344,2488252,es,Sonari
191595421,2488253,es,Maldabhadi
191595575,2488255,es,Navidabhadi
191595652,2488256,es,Vaki
191595806,2488258,es,Khadki
191596037,2488261,es,Muktal
191596268,2488264,es,Dhanori
191596345,2488265,es,Pimpalgaon Khurd
191596499,2488267,es,Susri
191596576,2488268,es,Vajharkheda
191596807,2488271,es,Achegaon
191596884,2488272,es,Golegaon Khurd
191597115,2488275,es,Karanji
191597192,2488276,es,Bhankheda
191597269,2488277,es,Salsingi
191597423,2488279,es,Varad Budrukh
191597731,2488283,es,Shelvad
191597808,2488284,es,Revti
191597885,2488285,es,Seviz
191598039,2488287,es,Devlasgaon
191598347,2488291,es,Junona
191598501,2488293,es,Bhagdara
191598578,2488294,es,Vadali
191598655,2488295,es,Kumbhari Khurd
191598886,2488298,es,Anad
191598963,2488299,es,Amsari
191599040,2488300,es,Vaghera
191599194,2488302,es,Dhalsingi
191599348,2488304,es,Bharudkheda
191599502,2488306,es,Dalegaon
191599656,2488308,es,Goradkheda
191599887,2488311,es,Shengola
191600118,2488314,es,Shahapur
191600272,2488316,es,Samrud
191600426,2488318,es,Talegaon
191600503,2488319,es,Amkheda
191600580,2488320,es,Savarla
191600657,2488321,es,Kaslí
191600965,2488325,es,Raher
191601042,2488326,es,Mehegaon
191601119,2488327,es,Loni
191601427,2488331,es,Kinhi
191601581,2488333,es,Pimpla
191601658,2488334,es,Jamti
191601889,2488337,es,Vadali
191601966,2488338,es,Natvi
191602043,2488339,es,Godri
191602351,2488343,es,Nandre Haveli
191603121,2488353,es,Vadhona
191603275,2488355,es,Madha
191603506,2488358,es,Murti
191603583,2488359,es,Dabha
191603660,2488360,es,Nanda
191603737,2488361,es,Ghanegaon
191603814,2488362,es,Tornala
191603968,2488364,es,Kapusvadi
191604045,2488365,es,Ranjani
191604199,2488367,es,Kuwar Singh
191605431,2488383,es,Balala
191605508,2488384,es,Mathiabanj
191606278,2488394,es,Salani Got
191606971,2488403,es,Dhura
191607048,2488404,es,Baiala
191607125,2488405,es,Jhalakuri
191607202,2488406,es,Chaundakot
191608357,2488421,es,Chatkot
191608896,2488428,es,Baghela
191608973,2488429,es,Bajaun
191609358,2488434,es,Kukrauni
191609589,2488437,es,Bageri
191611360,2488460,es,Nigali
191614440,2488500,es,Atali
191614825,2488505,es,Bajnanpur
191614979,2488507,es,Gandharpur
191615056,2488508,es,Lakhraon
191615287,2488511,es,Umaria
191615364,2488512,es,Nagra Bhoj
191615518,2488514,es,Chandari
191615749,2488517,es,Pachpera
191615903,2488519,es,Mahmudpur
191615980,2488520,es,Kiratpur
191616057,2488521,es,Pilkhana
191616134,2488522,es,Mahasir
191616288,2488524,es,Babra
191616596,2488528,es,Kotabari
191616750,2488530,es,Harballabpur
191616827,2488531,es,Sisaura
191616904,2488532,es,Sisaiya
191616981,2488533,es,Patwa
191617135,2488535,es,Pasia Khera
191617212,2488536,es,Jamdoiya
191617289,2488537,es,Piparia Das
191617366,2488538,es,Jalalabad
191617443,2488539,es,Babauri
191617520,2488540,es,Kanja
191617597,2488541,es,Shahzadpur
191617674,2488542,es,Sukuruddinpur
191617828,2488544,es,Machhecha
191617905,2488545,es,Nagar
191617982,2488546,es,Kotha
191618059,2488547,es,Chak Mandari
191618136,2488548,es,Gauhania Sukhai
191618290,2488550,es,Bhuria
191618444,2488552,es,Sohak
191618598,2488554,es,Kutubpu Sirsi
191618675,2488555,es,Rahimpur
191618829,2488557,es,Chachari
191618906,2488558,es,Manpur
191618983,2488559,es,Shahganj
191619137,2488561,es,Dungarpur Arsalani
191619214,2488562,es,Lalpur
191619445,2488565,es,Tajpur
191619522,2488566,es,Rampur
191619676,2488568,es,Manakhera
191619753,2488569,es,Ibrahimpur
191619830,2488570,es,Nizampur
191619907,2488571,es,Muhammadpur Nirhi
191620061,2488573,es,Sisori Shahamat
191620138,2488574,es,Sisoranasir
191620292,2488576,es,Nagra
191620369,2488577,es,Sarhi
191620446,2488578,es,Katia Rajjab
191620677,2488581,es,Bachgawan
191620831,2488583,es,Bhilawan
191620985,2488585,es,Neknampur
191621062,2488586,es,Jahanpur
191621601,2488593,es,Narayanpur
191621832,2488596,es,Katghara
191622063,2488599,es,Bankagaon
191622371,2488603,es,Saraian Abad
191622448,2488604,es,Damdaur
191622525,2488605,es,Simri
191622602,2488606,es,Hetampur
191622756,2488608,es,Rampur Nankari
191623141,2488613,es,Barnaiya
191623526,2488618,es,Dandaulia
191623834,2488622,es,Baldeota
191624373,2488629,es,Varmaula Arjunpur
191624527,2488631,es,Rampur Grant
191624681,2488633,es,Nagra
191624989,2488637,es,Raipur Zamima Tauni
191625220,2488640,es,Turki Khera
191625374,2488642,es,Chhitipur
191625605,2488645,es,Sarsawn
191625759,2488647,es,Dharmpur
191625913,2488649,es,Nagaria
191626067,2488651,es,Bahera
191626221,2488653,es,Lona
191626298,2488654,es,Rari
191626683,2488659,es,Bogipur Sewaram
191626837,2488661,es,Bandarha
191626991,2488663,es,Madaripurwa
191627222,2488666,es,Bhartpur
191627299,2488667,es,Ukar Mohan
191627376,2488668,es,Mastipur
191627684,2488672,es,Harharpur
191627761,2488673,es,Saidapur
191627992,2488676,es,Gobindpur
191628223,2488679,es,Nawada
191628300,2488680,es,Jasmadhi
191628377,2488681,es,Mukkadarpur
191628454,2488682,es,Ramanpur
191628608,2488684,es,Jalalpur
191628685,2488685,es,Kutra
191628916,2488688,es,Kamtara
191629070,2488690,es,Nauagaon Kishori
191629147,2488691,es,Rampur Ramdas
191629532,2488696,es,Mohiuddinpur
191629609,2488697,es,Sainda
191629686,2488698,es,Kutabuddinpur
191629917,2488701,es,Ratanpur
191629994,2488702,es,Antarbari
191630071,2488703,es,Sanauria
191630225,2488705,es,Birampur
191630302,2488706,es,Sanaura
191630456,2488708,es,Chaubiapur
191630533,2488709,es,Mukaddarpur
191630610,2488710,es,Muzaffarpur
191630764,2488712,es,Bhikhampur
191630841,2488713,es,Kuiyankhera
191630918,2488714,es,Mahduda
191631072,2488716,es,Semra
191631149,2488717,es,Gadmanpur
191631226,2488718,es,Koyalchha
191631457,2488721,es,Karaundi
191631534,2488722,es,Kanja
191631611,2488723,es,Pipraha Grant
191631842,2488726,es,Faridpur
191631919,2488727,es,Khadsara
191631996,2488728,es,Mustaffabad
191632073,2488729,es,Husainpur
191632227,2488731,es,Bhura
191632304,2488732,es,Barhaiya
191632381,2488733,es,Chholabari
191632612,2488736,es,Dhira Azizpur
191632689,2488737,es,Barkhera Khurd
191632920,2488740,es,Dhakiyajogi
191632997,2488741,es,Pandebari
191633074,2488742,es,Chhapaura
191633382,2488746,es,Sukhbasa
191633459,2488747,es,Mandwa
191633613,2488749,es,Jamirha
191633998,2488754,es,Gonan
191634075,2488755,es,Harnajat
191634152,2488756,es,Mundia Churaman
191634383,2488759,es,Bijauliakhanpur
191634460,2488760,es,Parchhiyabela
191634537,2488761,es,Amra
191634614,2488762,es,Bhuda Khan
191634691,2488763,es,Khandera
191634768,2488764,es,Baraura
191634845,2488765,es,Fatiapur
191634922,2488766,es,Kathghara
191635076,2488768,es,Baraicha
191635307,2488771,es,Bhagnapur
191635615,2488775,es,Tindwa Kanja
191635692,2488776,es,Baudhikalan
191635846,2488778,es,Kumharwa
191636000,2488780,es,Amuapur
191636154,2488782,es,Kanharapur
191636231,2488783,es,Bodhi Khurd
191636539,2488787,es,Raksa
191636616,2488788,es,Mundiaahban
191636693,2488789,es,Kunwarpur
191636770,2488790,es,Pipri
191636924,2488792,es,Lakhnapur
191637001,2488793,es,Gokan
191637232,2488796,es,Muhammadpur Kalan
191637309,2488797,es,Bhuinhara
191637540,2488800,es,Dharampur
191637694,2488802,es,Narhara
191637771,2488803,es,Shankarpur
191638156,2488808,es,Kaureli
191638310,2488810,es,Chak Kami
191638464,2488812,es,Magrena
191638541,2488813,es,Hatela
191638695,2488815,es,Kunian Madarpur
191638772,2488816,es,Kamalpur
191638849,2488817,es,Barkhera Kalan
191639157,2488821,es,Baida
191639388,2488824,es,Ramuapur
191639696,2488828,es,Patai
191639850,2488830,es,Nahua
191640235,2488835,es,Deoha
191640312,2488836,es,Patna
191640620,2488840,es,Tursia
191641005,2488845,es,Kehwa
191641082,2488846,es,Snahpur Raja
191641159,2488847,es,Nawagaon
191641313,2488849,es,Bichpari
191641775,2488855,es,Dilawarpur
191642006,2488858,es,Intarora
191642314,2488862,es,Gurela
191642391,2488863,es,Hariharpur
191642468,2488864,es,Bahadurnagar
191642545,2488865,es,Santpur
191642622,2488866,es,Alinagar
191642699,2488867,es,Pal
191642776,2488868,es,Kaimahra
191642853,2488869,es,Palabhai Kachnar
191642930,2488870,es,Jharakhempur
191643084,2488872,es,Gulauli
191643238,2488874,es,Bodhania
191643315,2488875,es,Basbirwa
191643392,2488876,es,Raipur Kalan
191643546,2488878,es,Saraiyan
191643777,2488881,es,Khakhin
191643854,2488882,es,Bijaulisahaspur
191643931,2488883,es,Murtaza Alinagar
191644085,2488885,es,Khiria Misr
191644239,2488887,es,Barwari Mang
191644316,2488888,es,Khemsarai
191644624,2488892,es,Dhakiapasi
191644855,2488895,es,Bhanpur
191645163,2488899,es,Mubarakpur
191645240,2488900,es,Daryabad Bhanpur
191645394,2488902,es,Mullapur
191645548,2488904,es,Bhogipur Phatak
191645856,2488908,es,Gaghpur
191645933,2488909,es,Chandela
191646010,2488910,es,Behta
191646087,2488911,es,Basara
191646241,2488913,es,Jirabojhi
191646318,2488914,es,Siktara
191646395,2488915,es,Girdhar Purwa
191646549,2488917,es,Bhogipurmani
191646703,2488919,es,Jamka
191647011,2488923,es,Barhela
191647165,2488925,es,Chak Jhao
191647396,2488928,es,Mukarrampur
191647627,2488931,es,Katia Mundi
191647781,2488933,es,Haibatpur
191647858,2488934,es,Surtiapur
191647935,2488935,es,Padra Sikandarpur
191648243,2488939,es,Muradpur
191648397,2488941,es,Neola
191648474,2488942,es,Nawagaonjat
191648551,2488943,es,Sahjana
191648705,2488945,es,Bhawanipur
191648782,2488946,es,Nagra
191648859,2488947,es,Belhara
191649167,2488951,es,Palchakku
191649398,2488954,es,Sadiapur
191649475,2488955,es,Asauwa
191649706,2488958,es,Ganeshpur
191649783,2488959,es,Pipraula Kunwar
191649937,2488961,es,Kalwar
191650091,2488963,es,Rasulpur
191650245,2488965,es,Harkhapur
191650322,2488966,es,Udaipur
191650553,2488969,es,Bhogiapur
191650707,2488971,es,Phakka Purwa
191651015,2488975,es,Firozpur
191651169,2488977,es,Sahjapur
191651246,2488978,es,Sarai Ranak
191651323,2488979,es,Barela
191651400,2488980,es,raigawán
191651477,2488981,es,Jamalpur
191651939,2488987,es,Salempur
191652016,2488988,es,Palia Kot
191652170,2488990,es,Simrawan
191652247,2488991,es,Lokpur
191652478,2488994,es,Basbaria
191652555,2488995,es,Gurthania
191652632,2488996,es,Banjaria
191652863,2488999,es,Bilahia
191653248,2489004,es,Basbherwa Rawat
191653325,2489005,es,Jamura
191653402,2489006,es,Kuanbojh
191653556,2489008,es,Sarai Paigu
191653633,2489009,es,Tendwa Chaturpur
191653710,2489010,es,Fatehpur Ghazi
191653787,2489011,es,Ulnapur
191654018,2489014,es,Bhup Purwa
191654172,2489016,es,Shiunagri
191654403,2489019,es,Birpur
191654480,2489020,es,Madhopur
191654711,2489023,es,Manjhla
191654865,2489025,es,Pistia stratiotes
191654942,2489026,es,Sanaura
191655173,2489029,es,Kamipur
191655250,2489030,es,Timurki
191655327,2489031,es,Baharma Hashimpur
191655404,2489032,es,Milkia
191655558,2489034,es,Andawa
191655635,2489035,es,Maria
191655712,2489036,es,Kharagpur
191655789,2489037,es,Salempur
191655866,2489038,es,Isai Purwa
191656251,2489043,es,Parsai
191656482,2489046,es,Mahmudpur
191656559,2489047,es,Loni
191656636,2489048,es,Anji
191656867,2489051,es,Dharampur
191657021,2489053,es,Balalpur
191657252,2489056,es,Jharsa Alampur
191657329,2489057,es,Pandetara
191657406,2489058,es,Dhanwar
191657945,2489065,es,Sangoha
191658022,2489066,es,Reori
191658176,2489068,es,Husainapur Diwani
191658253,2489069,es,Jalalpur
191658330,2489070,es,Barkhera
191658715,2489075,es,Bhagaunapur
191658792,2489076,es,Dhakia
191658869,2489077,es,Urli
191659100,2489080,es,Dighia
191659177,2489081,es,Chak Dhakia
191659254,2489082,es,Taragaon
191659639,2489087,es,Husainapur Dhaukal
191659716,2489088,es,Asgarpur
191659947,2489091,es,Bakshipur
191660178,2489094,es,Muhiuddinpur
191660255,2489095,es,Kamalpur
191660332,2489096,es,Labhi
191660409,2489097,es,Deomalpur
191660486,2489098,es,Masphana
191660794,2489102,es,Nawada Satanás
191661025,2489105,es,Karundi
191661333,2489109,es,Todarpur
191661410,2489110,es,Vasinpur
191661487,2489111,es,Nizampur
191661795,2489115,es,Modipur
191661949,2489117,es,Bijgawan
191662257,2489121,es,Jhapka Purwa
191662334,2489122,es,Pipri
191662488,2489124,es,Nawada
191662719,2489127,es,Swang Pur
191663335,2489135,es,Kakrala
191663566,2489138,es,Marai
191663951,2489143,es,Kakrahia
191664413,2489149,es,Barkhera Grant
191664490,2489150,es,Athraha
191664644,2489152,es,Kamalpur
191664798,2489154,es,Arwa
191664875,2489155,es,Gadaipur
191664952,2489156,es,Kurseli
191665029,2489157,es,Akbarpur
191665106,2489158,es,Jatuli
191665260,2489160,es,Hariawan
191665337,2489161,es,Gonda Khera
191665491,2489163,es,Utra
191665876,2489168,es,Samthari
191666030,2489170,es,Dighia
191666107,2489171,es,Chandeli
191666338,2489174,es,Dhukia
191666415,2489175,es,Nawada
191666646,2489178,es,Kondar
191666723,2489179,es,Fatehpur
191667108,2489184,es,Mansurnagar
191667262,2489186,es,Uchaul
191667339,2489187,es,Para
191667570,2489190,es,Nawada
191667647,2489191,es,Shakurabad
191667724,2489192,es,Bilahri
191667801,2489193,es,Machharia Purwa
191667878,2489194,es,Purela
191668032,2489196,es,Kachhian Purwa
191668109,2489197,es,Harharpur
191668186,2489198,es,Antha Purwa
191668417,2489201,es,Sujauli
191668494,2489202,es,Chauki
191668571,2489203,es,Padra
191668725,2489205,es,Minda Purwa
191669033,2489209,es,Jagtapur
191669110,2489210,es,Gadnapur
191669187,2489211,es,Simaur
191669418,2489214,es,Ayari
191669495,2489215,es,Kuian
191669803,2489219,es,Ujager Purwa
191670111,2489223,es,Tawakkalpur
191670188,2489224,es,Thakuripurwa
191670573,2489229,es,Itara
191670650,2489230,es,Chanda Purwa
191671112,2489236,es,Jahda
191671189,2489237,es,Rasulapur
191671266,2489238,es,Bijgawan
191671420,2489240,es,Ahemi
191671574,2489242,es,Khalifapur Matti
191671651,2489243,es,Gauria
191671728,2489244,es,Sahjana
191671805,2489245,es,Sakaha
191672113,2489249,es,Kana Purwa
191672344,2489252,es,Kallu Purwa
191672652,2489256,es,Buda Purwa
191672729,2489257,es,Gulamau
191672883,2489259,es,Mokaddarpur
191672960,2489260,es,Patras
191673114,2489262,es,Nizampur
191673191,2489263,es,Ismailpur
191673268,2489264,es,Ujagar Pur
191673345,2489265,es,Kherwa
191673422,2489266,es,Gauria
191673653,2489269,es,Shankaripur
191673884,2489272,es,Jalalpur
191673961,2489273,es,Kapurapur
191674038,2489274,es,Deoras
191674115,2489275,es,Para
191674346,2489278,es,Dalla Purwa
191674731,2489283,es,Aganpur
191674885,2489285,es,Karawan
191675655,2489295,es,Bhogipur Grant
191675886,2489298,es,Nawada
191676040,2489300,es,Alamnagar
191676117,2489301,es,Santarha
191676810,2489310,es,Sahjana
191677041,2489313,es,Kunchi Khera
191677195,2489315,es,Rawatpur
191677349,2489317,es,Kurgawan
191677580,2489320,es,Bari
191677888,2489324,es,Muradiapur
191677965,2489325,es,Chandpur
191678042,2489326,es,Jamurpur
191678350,2489330,es,Raigain
191678504,2489332,es,Jataha
191678735,2489335,es,Sarawar
191678812,2489336,es,Jarauna
191679120,2489340,es,Pipri
191679274,2489342,es,Anjna
191679582,2489346,es,Kunwarpur Basith
191679659,2489347,es,Gauria
191679736,2489348,es,Kaimpur
191679813,2489349,es,Nari Khera
191679890,2489350,es,Abdullahnagar
191679967,2489351,es,Nawada
191680044,2489352,es,Bharauna
191680121,2489353,es,Damgarha
191680352,2489356,es,Gajwa Khera
191680506,2489358,es,Dataunapur
191680583,2489359,es,Babakarpur
191680737,2489361,es,Paharpur
191680814,2489362,es,Mahmudpur Saraiyan
191680968,2489364,es,Saida Purwa
191681430,2489370,es,Rabha
191681661,2489373,es,Magrapur
191681738,2489374,es,Dahelia
191681815,2489375,es,Muhalia Khera
191682200,2489380,es,Faka Purwa
191682277,2489381,es,Bazidnagar
191682508,2489384,es,Zaki Purwa
191682739,2489387,es,Kursanda
191682816,2489388,es,Lahtara
191682893,2489389,es,Pandarwa
191683124,2489392,es,nipaniano
191683201,2489393,es,Nardhara
191683355,2489395,es,Pipri
191683432,2489396,es,Ghuraila
191683509,2489397,es,Aliapur
191683663,2489399,es,Kulhi
191684433,2489409,es,Barhaiya Khera
191684664,2489412,es,Santarha
191685049,2489417,es,Karimnagar
191685203,2489419,es,Jalalpur
191685280,2489420,es,Kuian
191685896,2489428,es,Umarsenda
191685973,2489429,es,Fatehpur
191686050,2489430,es,Chhataiya
191686435,2489435,es,Sawarda
191686512,2489436,es,Bela Kapurpur
191686589,2489437,es,Bakharia
191686897,2489441,es,Madrawan
191687128,2489444,es,Deoria Parsidhnagar
191687205,2489445,es,Ramnagar
191687359,2489447,es,Gopalpur
191687513,2489449,es,Manipur
191687590,2489450,es,Paidhai
191687667,2489451,es,Shankarpur
191687744,2489452,es,Zafarpur
191687821,2489453,es,Bahera
191687898,2489454,es,Kapurpur Chaudhi
191688052,2489456,es,Chiria Jhala
191688283,2489459,es,Shahpur Banaura
191688360,2489460,es,Kurgawan
191688514,2489462,es,Hillapur
191688591,2489463,es,Jalalpur
191688745,2489465,es,Majhgawan Amarnath
191688899,2489467,es,Achhwapur
191689053,2489469,es,Ahmadi
191689130,2489470,es,Bilahia
191689207,2489471,es,Amrauli
191689669,2489477,es,Han Pasgawan
191690131,2489483,es,Daulatpun
191690208,2489484,es,Kaimi
191690362,2489486,es,Daulatpur
191690670,2489490,es,Jamuhi
191690824,2489492,es,Ikhri Purwa
191690978,2489494,es,Rampur
191691132,2489496,es,Baldso Purwa
191691517,2489501,es,Kondri
191691594,2489502,es,Rela Khera
191691671,2489503,es,Bhadeora
191691748,2489504,es,Teni
191691902,2489506,es,Kashikhera
191692056,2489508,es,Bhiria
191692287,2489511,es,Hajipur
191692364,2489512,es,Kaundha
191692749,2489517,es,Khanpur
191692826,2489518,es,Palia
191692903,2489519,es,Koelaha
191692980,2489520,es,Balehra
191693134,2489522,es,Musepur
191693365,2489525,es,Hasnapur
191693519,2489527,es,Rohilia
191693673,2489529,es,Karaundi
191693750,2489530,es,Bajhera
191693904,2489532,es,Alipur
191693981,2489533,es,Pusaura
191694520,2489540,es,Barkhera
191694674,2489542,es,Khumaripur
191694751,2489543,es,Amirta
191694905,2489545,es,Sibba Purwa
191694982,2489546,es,Jhabra Purwa
191695059,2489547,es,Banai
191695136,2489548,es,Sathra
191695290,2489550,es,Behta Sadhi
191695367,2489551,es,Kundauli
191695444,2489552,es,Kisan Purwa
191695598,2489554,es,Chintapur
191695829,2489557,es,Majrehta
191696291,2489563,es,Nanda Purwa
191696445,2489565,es,Bhagatpur
191696522,2489566,es,Rasulpur
191696830,2489570,es,Barela
191696984,2489572,es,Sakatpur
191697061,2489573,es,Bithari
191697138,2489574,es,Samda
191697215,2489575,es,Salauwa
191697600,2489580,es,Jogipur
191697677,2489581,es,Hasnapur
191697754,2489582,es,Kakrahia
191698986,2489598,es,Shahbuddinpur
191699063,2489599,es,Sarjupur
191699140,2489600,es,Madhopur
191699217,2489601,es,Kakeri
191699448,2489604,es,Kutehna
191699602,2489606,es,Simra
191699756,2489608,es,Nizampur
191699833,2489609,es,Bularpur
191699910,2489610,es,Darweshpur
191700141,2489613,es,Rasulpur
191700449,2489617,es,Kauthaliya
191700680,2489620,es,Sarra
191700834,2489622,es,Sathra
191700911,2489623,es,Patna
191701142,2489626,es,Ganga Purwa
191701219,2489627,es,Jijwasi
191701296,2489628,es,Amlokha
191701373,2489629,es,Baghrai
191701450,2489630,es,Chachrapur
191701604,2489632,es,Peng
191701681,2489633,es,Gorahi Purwa
191702143,2489639,es,Jura
191702297,2489641,es,Dhulia
191702528,2489644,es,Ratanpur
191702836,2489648,es,Nakti Purwa
191702913,2489649,es,Parauchi
191702990,2489650,es,Murauli Gwal
191703221,2489653,es,Bhadaicha
191703914,2489662,es,Nawabganj
191704145,2489665,es,Madara
191704453,2489669,es,Tiria
191704761,2489673,es,Bausra
191704838,2489674,es,Malhiamau
191704915,2489675,es,Birahimpur
191704992,2489676,es,Patta Purwa
191705146,2489678,es,Renda Purwa
191705377,2489681,es,Mohkampur
191705454,2489682,es,Balli Purwa
191705608,2489684,es,Fatehanpur
191705762,2489686,es,Ramanpur
191705839,2489687,es,Gadarian Purwa
191705916,2489688,es,Sugwan
191706994,2489702,es,Hatha Jabar
191707148,2489704,es,Turtipur
191707456,2489708,es,Rampur
191707764,2489712,es,Amrapur
191708149,2489717,es,Bahadurpur
191708380,2489720,es,Tajpur
191708457,2489721,es,Sardarganj
191708534,2489722,es,Durgapur
191708688,2489724,es,Chholi Beria
191709073,2489729,es,Dhankapur
191709689,2489737,es,Bhitaura
191709766,2489738,es,Maheshpur
191709920,2489740,es,Rojhai
191710151,2489743,es,Khuddipur
191710305,2489745,es,Chandan Khera
191710844,2489752,es,Chamrahia
191710921,2489753,es,Ladhaura
191711691,2489763,es,Deoria
191711999,2489767,es,Bajauni Purwa
191712076,2489768,es,Gaurhi
191712230,2489770,es,Bhagwanpur
191712307,2489771,es,Khajurahra
191712461,2489773,es,Jit Purwa
191712615,2489775,es,Jabra Purwa
191712846,2489778,es,Shankarpur
191712923,2489779,es,Maheshpur
191713000,2489780,es,Bhateora
191713077,2489781,es,Kharauli
191713693,2489789,es,Madara
191713847,2489791,es,Ghosar
191713924,2489792,es,Makka Purwa
191714617,2489801,es,Pasamau
191714848,2489804,es,Faridapur
191714925,2489805,es,Mahona Maheshpur
191715310,2489810,es,Saraiyan
191715464,2489812,es,Kasrawan
191716003,2489819,es,Tas Khera
191717235,2489835,es,Munna Purwa
191717697,2489841,es,Mumarpur
191717851,2489843,es,Asa
191718005,2489845,es,Bahar
191718467,2489851,es,Behti
191718775,2489855,es,Banetha
191719468,2489864,es,Kakrali
191719545,2489865,es,Nayagaon Habibpur
191719699,2489867,es,Rampur
191719776,2489868,es,shiupuri
191720161,2489873,es,Baldeopur
191720469,2489877,es,Mohan Purwa
191720546,2489878,es,Akhtiarpur
191720854,2489882,es,Narsinghpur
191720931,2489883,es,Naya Purwa
191721239,2489887,es,Pokhri
191721547,2489891,es,Katka Purwa
191721624,2489892,es,Bharigawan
191721778,2489894,es,Dhammapurwa
191722163,2489899,es,Rara
191722779,2489907,es,Gulri Pokhri
191723010,2489910,es,Balokhar Purwa
191723087,2489911,es,Danialganj
191723318,2489914,es,Mendwa
191723395,2489915,es,Gana Purwa
191723472,2489916,es,Baria Purwa
191723549,2489917,es,Pat Kunwan
191723626,2489918,es,Banjara Purwa
191723934,2489922,es,Ahrapur
191724011,2489923,es,Bargawan
191724319,2489927,es,Rikha Purwa
191724396,2489928,es,Dagraha
191724473,2489929,es,Pura Bahadur
191724704,2489932,es,Bhagauri Purwa
191724781,2489933,es,Kumhar Purwa
191724935,2489935,es,Pal Purwa
191725012,2489936,es,Ram Singh Purwa
191725166,2489938,es,Birwa Purwa
191725320,2489940,es,Koelaha
191725397,2489941,es,Bojawa
191725628,2489944,es,Alawalpur
191725705,2489945,es,Qaimpur
191725936,2489948,es,Gaddi Purwa
191726013,2489949,es,Mohan Purwa
191726321,2489953,es,Bargadia
191726706,2489958,es,Sirsapurva
191727168,2489964,es,Japra
191727245,2489965,es,Garhi
191727322,2489966,es,Nawa Khera
191727399,2489967,es,Lilwal
191727784,2489972,es,Tari
191728169,2489977,es,Gulri Purwa
191728631,2489983,es,Pandit Purwa
191728708,2489984,es,Gurdial Purwa
191728785,2489985,es,Sikandarpur
191728862,2489986,es,Lala Purwa
191728939,2489987,es,Ghasi Purwa
191729401,2489993,es,Mirai Purwa
191729632,2489996,es,Nawada
191729786,2489998,es,Unauti
191729940,2490000,es,Gaura Danda
191730248,2490004,es,Itauli
191730402,2490006,es,Dharmu Purwa
191730633,2490009,es,Pala
191730787,2490011,es,Narayanpur
191730941,2490013,es,Sandla
191731480,2490020,es,Parseni
191731865,2490025,es,Matera
191732250,2490030,es,Janakpur
191732712,2490036,es,Sitalganj
191732789,2490037,es,Bhuria
191732866,2490038,es,Sunkuwa Purwa
191732943,2490039,es,Gaurapur
191733097,2490041,es,Dulla Purwa
191733251,2490043,es,Kuchaura
191733328,2490044,es,Chauki Purwa
191733559,2490047,es,Gulkhauria
191733790,2490050,es,Sahulpur
191734021,2490053,es,Daulatpur
191734329,2490057,es,Abdulpur
191734868,2490064,es,Pachkaura
191735946,2490078,es,Ashrafabad
191736254,2490082,es,Panuva Bar
191736331,2490083,es,Surapur
191736562,2490086,es,Antwa
191736793,2490089,es,Bagha Purwa
191737255,2490095,es,Bhawan Purwa
191737332,2490096,es,Babnapur
191737486,2490098,es,Ghamoiya
191737563,2490099,es,Gandhi
191737871,2490103,es,Chanda Purwa
191738025,2490105,es,Chandan Tara
191738718,2490114,es,María
191738872,2490116,es,Korahi
191739488,2490124,es,Kherwa
191739642,2490126,es,Nanhe
191739719,2490127,es,Ban Purwa
191740181,2490133,es,Mangolapur
191740335,2490135,es,Antwa
191740412,2490136,es,Ahmadpur
191740566,2490138,es,Behta Murtaza Bakhsh
191740643,2490139,es,Bharaiya
191740720,2490140,es,Sehmapur
191740797,2490141,es,Dularpur
191741259,2490147,es,Dabha
191741490,2490150,es,Ram Purwa
191741721,2490153,es,Mardannagar
191741798,2490154,es,Sarauna
191741875,2490155,es,Lalpur Kanhari
191741952,2490156,es,Ahmadpur
191742106,2490158,es,Ghamoiya
191742337,2490161,es,Birahimpur
191742414,2490162,es,Tndwal
191742645,2490165,es,Dildar Purwa
191742722,2490166,es,Randean Habibnagar
191742799,2490167,es,Abidnagar
191742876,2490168,es,Tarauli
191743030,2490170,es,Sama Khera
191743261,2490173,es,Pasner
191743338,2490174,es,Basahar
191743569,2490177,es,Balenda
191743646,2490178,es,Takia
191743800,2490180,es,Anjan Purwa
191743954,2490182,es,Jalua Khera
191744031,2490183,es,Akbarpur Pasnamau
191744185,2490185,es,Nawada
191744801,2490193,es,Mausampur
191744878,2490194,es,Chak Purwa
191745340,2490200,es,Itauli
191745648,2490204,es,Aligarh
191745802,2490206,es,Kakra Khera
191746033,2490209,es,Sadriapur
191746110,2490210,es,Naumalikpur
191746341,2490213,es,Behti Khurd
191746803,2490219,es,Gujrai
191746957,2490221,es,Berwa Nizampur
191747034,2490222,es,Katarpur
191747419,2490227,es,Diwali
191747650,2490230,es,Jujwamau
191747727,2490231,es,Hirapur
191747804,2490232,es,Sadrpur
191747958,2490234,es,Gadwapur
191748035,2490235,es,Larpur
191748420,2490240,es,Sanp Khera
191748651,2490243,es,Massonamau
191749036,2490248,es,Lakhanpur
191749190,2490250,es,Iksai
191749344,2490252,es,Fatehpur
191749498,2490254,es,Rahura
191749575,2490255,es,Aliapur
191750037,2490261,es,Bihar
191750422,2490266,es,Neoli
191750576,2490268,es,Sarai Ud
191750730,2490270,es,Hasanpur Jeoli
191750961,2490273,es,Nakwapur
191751038,2490274,es,Indlapur
191751192,2490276,es,Fatehpur Chaugawan
191751269,2490277,es,Kalhamau
191751577,2490281,es,Rameshar Purwa
191751808,2490284,es,Patakola
191752039,2490287,es,Tirwa Kuli
191752116,2490288,es,Devi Purwa
191752270,2490290,es,Babatmau
191752655,2490295,es,Mawaiya
191752732,2490296,es,Bahraichmau
191752809,2490297,es,Suapur
191752886,2490298,es,Nibhamau
191752963,2490299,es,Fazal Purwa
191753425,2490305,es,Dhaniganj
191753579,2490307,es,Lachhman Purwa
191753656,2490308,es,Natha Purwa
191753810,2490310,es,Rampurwa
191753964,2490312,es,Mahnepur
191754041,2490313,es,Mirnagar
191754349,2490317,es,Harpura
191754811,2490323,es,Matiamau
191755889,2490337,es,Bakharia
191756197,2490341,es,Raghopu
191756274,2490342,es,Gausapur
191756582,2490346,es,Muhabbatput
191756659,2490347,es,Tatia Zahidpur
191756736,2490348,es,Fatehpur
191756890,2490350,es,Sumerpur
191757044,2490352,es,Bhul Bhawanipur
191757429,2490357,es,Karwa
191757506,2490358,es,Sonasi
191757583,2490359,es,Kalyanpur
191757660,2490360,es,Tejipur
191757814,2490362,es,Rajepur
191757968,2490364,es,Akbarpur
191758045,2490365,es,Bharwal Salempur
191758199,2490367,es,Salempur
191758276,2490368,es,Darapur
191758661,2490373,es,Mustafa Bad
191758815,2490375,es,Nawada Mahmud
191758969,2490377,es,Bhajan Khera
191759046,2490378,es,Ibrahimpur
191759277,2490381,es,Mangu Khera
191759354,2490382,es,Bakhaura
191759431,2490383,es,Nasirpur
191759585,2490385,es,Bhawanipur
191759662,2490386,es,Barauna
191759970,2490390,es,Bhagtupur
191760047,2490391,es,Raghurampur
191760124,2490392,es,Bishesharpur
191760355,2490395,es,Guswa
191760432,2490396,es,Jagat Khera
191760509,2490397,es,Harwal
191760663,2490399,es,Kusia
191760740,2490400,es,Chankandpur
191760817,2490401,es,Unchgaon
191760971,2490403,es,Kherwa
191761279,2490407,es,Kanthari
191761433,2490409,es,Thakuri Khera
191761587,2490411,es,Bansa
191761664,2490412,es,Manjhgaon
191761895,2490415,es,Sumerganj
191762203,2490419,es,Mansakhera
191762280,2490420,es,Kajri
191762434,2490422,es,Takia
191762896,2490428,es,Baljit Purwa
191763050,2490430,es,Nawada Gabhi
191763435,2490435,es,Sahjana
191764128,2490444,es,Chandipur
191764205,2490445,es,Sonhar
191764513,2490449,es,Banapur
191764590,2490450,es,Achramau
191764744,2490452,es,Ghurmai
191764821,2490453,es,Bharat Purwa
191765206,2490458,es,Pakaria
191765283,2490459,es,Takia
191765360,2490460,es,Lala Purwa
191765591,2490463,es,Hariharpur
191765745,2490465,es,Suklapur Bhagat
191766053,2490469,es,Asman
191766130,2490470,es,Narwa Purwa
191767131,2490483,es,Terhia
191767208,2490484,es,Pilkhana
191767362,2490486,es,Rudi Khera
191767439,2490487,es,Shahabda
191767516,2490488,es,Kamalganj
191767593,2490489,es,Jura
191767670,2490490,es,Barhiya Kherha
191767747,2490491,es,Mawa Purwa
191768055,2490495,es,Dewanipur
191768209,2490497,es,Gangapur
191768440,2490500,es,Harha
191768902,2490506,es,Guswa
191769441,2490513,es,Bhikapur
191769826,2490518,es,María
191769903,2490519,es,marsá
191770134,2490522,es,Mahura Kalan
191770211,2490523,es,Janera
191770288,2490524,es,Dahti Salukpur
191770673,2490529,es,Udra Pachlai
191771058,2490534,es,Ainchamau
191771212,2490536,es,Kanai Purwa
191771289,2490537,es,Bhikari Purwa
191771520,2490540,es,Faridapur
191771751,2490543,es,Jalamau
191771905,2490545,es,Bhat Purwa
191772213,2490549,es,Dahgawan
191772290,2490550,es,Takia
191772444,2490552,es,Durjan Purwa
191772521,2490553,es,Rudali
191773060,2490560,es,Gangapur
191773137,2490561,es,Tikri
191773291,2490563,es,Gurauli
191773445,2490565,es,Bhulbhuliapur
191773907,2490571,es,Kakralo Purwa
191773984,2490572,es,Mangrauli Kalan
191774369,2490577,es,Maila Purwa
191774446,2490578,es,Rasulpur
191774523,2490579,es,Parchal
191774600,2490580,es,Pabiani
191774908,2490584,es,Rampur
191774985,2490585,es,Chandauli
191775062,2490586,es,Purauli
191775370,2490590,es,Chheda Purwa
191775601,2490593,es,Pandra
191776063,2490599,es,Bhainsi Khera
191776217,2490601,es,Ruknapur
191776525,2490605,es,Piprawan
191776833,2490609,es,Khempur
191777141,2490613,es,Isharpur Sai
191777449,2490617,es,Tirwa
191777526,2490618,es,Barhauwan
191777603,2490619,es,Barian Purwa
191777757,2490621,es,Takia
191777834,2490622,es,Dhamai
191778219,2490627,es,Takia
191778450,2490630,es,Salempur
191778527,2490631,es,Narayanmau
191778681,2490633,es,Naurangpur
191778758,2490634,es,Baghiari
191778835,2490635,es,Mau
191779066,2490638,es,Bhikaripur
191779451,2490643,es,Datan Khera
191779528,2490644,es,Khadipur
191780606,2490658,es,Shahabuddinpur
191780683,2490659,es,Padaria
191781068,2490664,es,Dianatpur
191781145,2490665,es,Parasan
191781299,2490667,es,Dhaka
191781376,2490668,es,Mujha
191781607,2490671,es,Gardaha
191781761,2490673,es,Dhurha
191781992,2490676,es,Shibnagra
191782069,2490677,es,Harharpur
191782146,2490678,es,Pakaria
191782223,2490679,es,Fatuhabad
191782608,2490684,es,Firozpur
191782839,2490687,es,Mohammadpurdina
191782993,2490689,es,Jaiti
191783070,2490690,es,Hazratpur
191783301,2490693,es,Saidapur
191783378,2490694,es,Rasulpur
191783455,2490695,es,Kari
191783532,2490696,es,Rampur Misr
191783686,2490698,es,Balmiar Barkhar
191783840,2490700,es,Kanharapur
191783994,2490702,es,Shahpur Jagir
191784071,2490703,es,Dulhapur
191784302,2490706,es,Sheikhpur
191784379,2490707,es,Kakrahia
191784456,2490708,es,Gulrai
191784533,2490709,es,Sahupur
191784687,2490711,es,Janipur
191784841,2490713,es,Dilawarnagar
191784995,2490715,es,Barwar
191785072,2490716,es,Sihora
191785149,2490717,es,Bahadurnagar
191785303,2490719,es,Paikipur
191785534,2490722,es,Gadmanpur
191785688,2490724,es,Zindpur
191785765,2490725,es,Devi Bojhi
191785842,2490726,es,Jahannagar
191785996,2490728,es,Pharia Piparia
191786227,2490731,es,Maksudpur
191786458,2490734,es,Umm al Khashab
191786535,2490735,es,Nizampur
191786689,2490737,es,Kutri
191786843,2490739,es,Daulatpur
191786920,2490740,es,Dandaura
191786997,2490741,es,Aliapur
191787228,2490744,es,Sabbashahr
191787305,2490745,es,Bai Kunwan
191787382,2490746,es,Sadarpur
191787690,2490750,es,Bardha
191787844,2490752,es,Pipri Azizpur
191787998,2490754,es,Sahupur
191788537,2490761,es,Khunti Khurd
191788614,2490762,es,Khunti Buzurg
191788691,2490763,es,Rahiparas
191788845,2490765,es,Chatarpur
191788999,2490767,es,Chak Bichpari
191789076,2490768,es,Munda Basahi
191789230,2490770,es,Amraulia
191789307,2490771,es,Usri
191789384,2490772,es,Parsehra
191789461,2490773,es,Kurram Nagar
191789538,2490774,es,Piparia Khagai
191789615,2490775,es,Alinagar
191789769,2490777,es,Udarha
191789923,2490779,es,Kaimta Banwari
191790000,2490780,es,Kukargoti
191790077,2490781,es,Dhakia Rup
191790154,2490782,es,Dhakhia Devi
191790308,2490784,es,Kulhaura
191790462,2490786,es,Kunwarpur
191790616,2490788,es,Bhera Lal
191790693,2490789,es,Darman
191790924,2490792,es,Muradpur
191791155,2490795,es,Pakaria
191791309,2490797,es,Bargadia
191791463,2490799,es,Nakara
191791540,2490800,es,Ahiri
191791617,2490801,es,Kalwa Moti
191791848,2490804,es,Simra Grant
191791925,2490805,es,shiupuri
191792002,2490806,es,Kaimtagulli
191792156,2490808,es,Rampur Ramdas
191792310,2490810,es,Saraiyan
191792464,2490812,es,Munda Hardas
191792541,2490813,es,Patsar
191792618,2490814,es,Ulrapur
191792772,2490816,es,Rawan
191792926,2490818,es,Jankinagar Grant
191793234,2490822,es,Bangla
191793465,2490825,es,Kamlapur
191793619,2490827,es,Basara Khera
191793773,2490829,es,Mehda
191794004,2490832,es,Chhotilalpur
191794081,2490833,es,Kakraha
191794158,2490834,es,Basaigapur
191794235,2490835,es,Chandnapur
191794312,2490836,es,Rajwapur
191794389,2490837,es,Banjaria
191794466,2490838,es,Bhogiapur
191794543,2490839,es,Magdapur
191794620,2490840,es,Maini
191794697,2490841,es,María
191794774,2490842,es,Sisokan
191795082,2490846,es,Thorant Smith Grant
191795236,2490848,es,Muqaddarnagar
191795313,2490849,es,Ghaffarnagar
191795467,2490851,es,Bastauli
191795544,2490852,es,Jigna
191795621,2490853,es,Narayanpur
191795698,2490854,es,Munda Mafi
191795775,2490855,es,Tilakpur
191795929,2490857,es,Raghunathpur
191796083,2490859,es,Kamalpur
191796237,2490861,es,Munda Khalsa
191796468,2490864,es,Amirnagar
191796699,2490867,es,Harinagar Grant
191797161,2490873,es,Gangapur Grant
191797392,2490876,es,Paraspur
191797546,2490878,es,Umaria
191797623,2490879,es,Deoria
191797700,2490880,es,Mathna
191797777,2490881,es,Dannapur
191797854,2490882,es,Jamnaha
191798008,2490884,es,Nandlapur
191798162,2490886,es,Mirzapur Grant
191798239,2490887,es,Sujanpur
191798547,2490891,es,Nawa Khera
191798932,2490896,es,Raghunathpur
191799009,2490897,es,Nangapur
191799317,2490901,es,Shabuddin Pur
191799471,2490903,es,Jaraura
191799702,2490906,es,Bilahri
191799856,2490908,es,Kajarkori
191799933,2490909,es,Bashi Khurd
191800010,2490910,es,Chhichhauna
191800087,2490911,es,Kana Khera
191800241,2490913,es,Parsehra
191800395,2490915,es,Ram Khera
191800549,2490917,es,Chamrapur
191800780,2490920,es,Kachiani
191800857,2490921,es,Raina Kera
191800934,2490922,es,Kaimahra
191801165,2490925,es,Hayatpur
191801319,2490927,es,Munda Dikchhit
191801396,2490928,es,Alipur
191801781,2490933,es,Amilahar
191802012,2490936,es,Muhammadabad
191802089,2490937,es,Chandamau
191802166,2490938,es,Dhakia
191802320,2490940,es,Deomaniya-kalan
191802397,2490941,es,Deomaniya Khurd
191802474,2490942,es,Singhahar
191802551,2490943,es,Birahimpur
191802628,2490944,es,Nazimabad
191802705,2490945,es,Baraula
191802859,2490947,es,Nagra
191802936,2490948,es,Kathghra
191803167,2490951,es,Kutlupur
191803398,2490954,es,Bahera
191803629,2490957,es,Jamhaura
191804938,2490974,es,Neolapur
191805246,2490978,es,Sainpur
191805708,2490984,es,Piara
191805785,2490985,es,Sareli
191805862,2490986,es,Dahar
191805939,2490987,es,Khamaria
191806170,2490990,es,Bhirawan Grant
191806478,2490994,es,Kastaul
191806632,2490996,es,Dhakia
191806863,2490999,es,Rautapur
191806940,2491000,es,Jalalpur
191807017,2491001,es,Kachiani
191807094,2491002,es,Dhanipur
191807248,2491004,es,Gularha Grant
191807402,2491006,es,Jhala
191807556,2491008,es,Badaha
191807787,2491011,es,Khanpur Grant
191807941,2491013,es,Madanpur
191808326,2491018,es,Mainhan
191808403,2491019,es,Rani Bihar
191808557,2491021,es,Simrawan
191808634,2491022,es,Akbarpur
191808788,2491024,es,Kaimibhur
191808865,2491025,es,Batau
191809250,2491030,es,Lalhauwa
191809327,2491031,es,Alipur
191809404,2491032,es,Husainpur
191809558,2491034,es,Majhgawan
191809635,2491035,es,Simraiya
191810097,2491041,es,Kusmi
191810636,2491048,es,Kunwarpur Gaddi
191810713,2491049,es,Narwa
191810790,2491050,es,Masandapur
191810867,2491051,es,Palakisa
191810944,2491052,es,Palia
191811329,2491057,es,Bhadurganj
191811868,2491064,es,Vativellupalli
191812176,2491068,es,Sangrigundal
191812869,2491077,es,Cansaulim
191813100,2491080,es,Omkareshwar
191813254,2491082,es,Qila Kumbhalgarh
191813408,2491084,es,Garhmukteshwar
191813485,2491085,es,Elappara
191813716,2491088,es,Yelagiri
191813793,2491089,es,Roopangarh
191813870,2491090,es,Moreh
191813947,2491091,es,Salav
191814101,2491093,es,Maidan Garhi
191814178,2491094,es,Kakkanad
191814255,2491095,es,Fatehpur
191814563,2491099,es,Virochannagar
191814640,2491100,es,Abrama
191814871,2491103,es,Phusro
191815256,2491108,es,Hawai
191815487,2491111,es,Ahiran
191815718,2491114,es,Akkurthi
191816026,2491118,es,Alangad
191816257,2491121,es,Amalsad
191816411,2491123,es,Ambathurai
191816488,2491124,es,Ambikanagar
191816565,2491125,es,Ammavarikuppam
191816642,2491126,es,Amodra
191816719,2491127,es,Amrutulu
191816796,2491128,es,Anaparthy
191816873,2491129,es,Andipalayam
191816950,2491130,es,Anklav
191817181,2491133,es,Aradgaon
191817258,2491134,es,Argaon
191817489,2491137,es,Ayandur
191817566,2491138,es,Alarsa
191817643,2491139,es,Kosindra
191817720,2491140,es,Davol
191817797,2491141,es,Virsad
191817874,2491142,es,Sisva
191817951,2491143,es,Valvod
191818028,2491144,es,Vatadra
191818182,2491146,es,Kasor
191818259,2491147,es,Sunav
191818336,2491148,es,Palaj
191818413,2491149,es,Sath
191818490,2491150,es,Changada
191818567,2491151,es,Mil Rampura
191818644,2491152,es,Kauka
191818721,2491153,es,Ambareli
191818798,2491154,es,Gangad
191818875,2491155,es,Rethal
191818952,2491156,es,Longleng
191819106,2491158,es,Tuli
191819337,2491161,es,Bagbera
191819568,2491164,es,Balran
191819645,2491165,es,Banali
191819722,2491166,es,Banapuram
191819799,2491167,es,Bandhaguda
191819876,2491168,es,Barauni
191819953,2491169,es,Barbodhan
191820184,2491172,es,Bhadole
191820338,2491174,es,Bharananganam
191820415,2491175,es,Bhognadih
191820492,2491176,es,Bhoj Pandaul
191820569,2491177,es,Bikihakola
191820646,2491178,es,Bochasan
191820800,2491180,es,Boratwada
191820877,2491181,es,Boriavi
191820954,2491182,es,Kanjari
191821108,2491184,es,Vadugam
191821185,2491185,es,Vadinar
191821339,2491187,es,Vadavukode
191821493,2491189,es,Vadakkanandal
191821570,2491190,es,Vadakadu
191821647,2491191,es,Uranipuram
191821724,2491192,es,Unava
191822032,2491196,es,Ukhra
191822109,2491197,es,Ujina
191822186,2491198,es,Udiana
191822802,2491206,es,Tirumalpur
191822879,2491207,es,Tindharia
191823264,2491212,es,Tihu
191823341,2491213,es,Thumpamon
191823495,2491215,es,Thottippal
191823572,2491216,es,Thevalakkara
191823726,2491218,es,Thazhakara
191824034,2491222,es,Thalayolaparambu
191824342,2491226,es,Tarimul
191824496,2491228,es,Tangla
191824573,2491229,es,Talod
191824881,2491233,es,Sundankottai
191824958,2491234,es,Sukkampalayam
191825420,2491240,es,Sodam
191825574,2491242,es,Sithurajapuram
191825651,2491243,es,Sirjapali
191825728,2491244,es,Singanapalem
191825882,2491246,es,Simlak
191826036,2491248,es,Sigam
191826190,2491250,es,Shrirampur
191826267,2491251,es,Shirshi
191826344,2491252,es,Shipur
191826421,2491253,es,Sherdi
191826575,2491255,es,Savarkundla
191826652,2491256,es,Savandapur
191826729,2491257,es,Satpakhali
191826806,2491258,es,Sarthebari
191826883,2491259,es,Saripalli
191827037,2491261,es,Saputara
191827114,2491262,es,Sanaswadi
191827191,2491263,es,Sanapallilanka
191827422,2491266,es,Saldi
191827653,2491269,es,Saijpur
191827730,2491270,es,Sagarpara
191827807,2491271,es,Rojid
191827884,2491272,es,Resubelpara
191827961,2491273,es,Regonda
191828038,2491274,es,Rayamangalam
191828115,2491275,es,Ratnal
191828269,2491277,es,Ranjangaon Sandas
191828423,2491279,es,Rangat
191828500,2491280,es,Rampura Phul
191828577,2491281,es,Ramol
191828731,2491283,es,Ramanaickenpettai
191828808,2491284,es,Ralegan Siddhi
191828962,2491286,es,Rajesultanpur
191829039,2491287,es,Rajcharadi
191829116,2491288,es,Rajadanga
191829270,2491290,es,Puthencruz
191829424,2491292,es,Puthalapattu
191829501,2491293,es,Purisai
191829578,2491294,es,Puranattukara
191829732,2491296,es,Puliyoor
191829809,2491297,es,Puthukkad
191830040,2491300,es,Posana
191830117,2491301,es,Poruvazhy
191830348,2491304,es,Ponparappi
191830810,2491310,es,Pidimgoyya
191831041,2491313,es,Peruvallur
191831195,2491315,es,Periyalur
191831272,2491316,es,Peravali
191831349,2491317,es,Peramangalam
191831426,2491318,es,Penumantra
191831503,2491319,es,Payyanadam
191831657,2491321,es,Pattabiramapuram
191831734,2491322,es,Patole
191831811,2491323,es,Patlur
191831888,2491324,es,Pathsala
191831965,2491325,es,Patdi
191832042,2491326,es,Pasarni
191832196,2491328,es,Paravai
191832273,2491329,es,Parappukkara
191832350,2491330,es,Paranda
191832427,2491331,es,Panoli
191832735,2491335,es,Pandurangapuram
191832889,2491337,es,Pamulur
191832966,2491338,es,Pamulapadu
191833043,2491339,es,Palthana
191833274,2491342,es,Paladugu
191833351,2491343,es,Palacherla
191833428,2491344,es,Padanilam
191833736,2491348,es,Odagaon
191833890,2491350,es,Obri
191834044,2491352,es,Nindra
191834121,2491353,es,Nimmanapalle
191834429,2491357,es,Neelamperoor
191834583,2491359,es,Nedumpana
191834737,2491361,es,Ka`walah
191834968,2491364,es,Narichana
191835045,2491365,es,Narendrapuram
191835122,2491366,es,Nanjai Puliampatti
191835353,2491369,es,Namsai
191835430,2491370,es,Nallila
191835507,2491371,es,Naikal
191835584,2491372,es,Naduvakurichi
191835661,2491373,es,Nadapa
191835738,2491374,es,Nachiapuram
191835815,2491375,es,Mynagappally
191835892,2491376,es,Mylakkadu
191835969,2491377,es,Muzadpur
191836046,2491378,es,Mutholapuram
191836123,2491379,es,Murarbad
191836277,2491381,es,Chalavara
191836431,2491383,es,Chamrail
191836508,2491384,es,Chandeni
191836585,2491385,es,Chandrapura
191836662,2491386,es,Chapirevula
191836739,2491387,es,Chegunta
191836893,2491389,es,Chennithala
191836970,2491390,es,Cherlopalle
191837047,2491391,es,Chevitikallu
191837124,2491392,es,Chinnalapatti
191837201,2491393,es,Chintakani
191837355,2491395,es,Chirakkara
191837509,2491397,es,Chirkunda
191837586,2491398,es,Chittapuram
191837740,2491400,es,Choreya
191837817,2491401,es,Chowtapalli
191837894,2491402,es,Chulanur
191837971,2491403,es,Chungathara
191838279,2491407,es,Mundru
191838510,2491410,es,Mulavukad
191838587,2491411,es,Mulakuzha
191838664,2491412,es,Mulakalacheruvu
191838818,2491414,es,Mudigonda
191838972,2491416,es,Clappana
191839049,2491417,es,Dadegaon
191839357,2491421,es,Devsar
191839511,2491423,es,Dhanyakuria
191839588,2491424,es,Dhavaleshwar
191839665,2491425,es,Dhavali
191839819,2491427,es,Didihat
191839973,2491429,es,Domakonda
191840050,2491430,es,Donkamokam
191840204,2491432,es,Dumarkunda
191840281,2491433,es,Durgachak
191840358,2491434,es,Durgada
191840512,2491436,es,Edakkalathur
191840666,2491438,es,Edavilangu
191840897,2491441,es,Elamkunnapuzha
191840974,2491442,es,Elanad
191841051,2491443,es,Elangadu
191841205,2491445,es,Enathu
191841282,2491446,es,Dimaruguri
191841359,2491447,es,Fadanpura
191841436,2491448,es,Furus
191841513,2491449,es,Gajanvav
191841590,2491450,es,Gajsinghpur
191841667,2491451,es,Gamdi
191841744,2491452,es,Gandikota
191841821,2491453,es,Gandipalem
191841898,2491454,es,Ganeswarpur
191841975,2491455,es,Gangadharanellore
191842052,2491456,es,Garla
191842129,2491457,es,Gauchar
191842360,2491460,es,Godhavi
191842514,2491462,es,Gudakkarai
191842591,2491463,es,Gudamalani
191842745,2491465,es,Gundwad
191842822,2491466,es,Hampar
191843053,2491469,es,Hatamuniguda
191843130,2491470,es,Hathigadh
191843361,2491473,es,Hatsingimari
191843438,2491474,es,Herobhanga
191843592,2491476,es,Hingangaon
191843746,2491478,es,Inamgaon
191843823,2491479,es,Injimedu
191843900,2491480,es,I.Polavaram
191843977,2491481,es,Ittamozhi
191844054,2491482,es,Jaithari
191844131,2491483,es,Jajuar
191844208,2491484,es,Jakhal
191844285,2491485,es,Jalda
191844362,2491486,es,Jamjodhpur
191844439,2491487,es,Jeenmata
191844516,2491488,es,Jook
191844593,2491489,es,Kadaplamattom
191844747,2491491,es,Kaigram
191844824,2491492,es,Kainoor
191844901,2491493,es,Kaipuzha
191844978,2491494,es,Kabirabad
191845055,2491495,es,Kakkayur
191845132,2491496,es,Kakkivadanpatti
191845440,2491500,es,Kalluvathukkal
191845517,2491501,es,Kalpeni
191845594,2491502,es,Kamalakur
191845671,2491503,es,Kandanvilai
191845825,2491505,es,Kannamangalam
191845979,2491507,es,Kansbahal
191846056,2491508,es,Kappadu
191846133,2491509,es,Kappur
191846210,2491510,es,Malkapur
191846287,2491511,es,Devikhindi
191846364,2491512,es,Kotij
191846441,2491513,es,Karalam
191846749,2491517,es,Karthikappally
191846826,2491518,es,Karunapuram
191846903,2491519,es,Katgun
191846980,2491520,es,Katrathal
191847057,2491521,es,Katrenikona
191847134,2491522,es,Kavalkinaru
191847288,2491524,es,Keeramangalam
191847442,2491526,es,Khanpar
191847750,2491530,es,Kodumon
191847827,2491531,es,Kokarnag
191847904,2491532,es,Kolaghat
191847981,2491533,es,Kolenchery
191848135,2491535,es,Kondalampatti
191848212,2491536,es,Kondukuduru
191848289,2491537,es,Kongarpalayam
191848366,2491538,es,Koolimuttam
191848520,2491540,es,Koothappar
191848597,2491541,es,Kootanad
191848674,2491542,es,Koottickal
191848751,2491543,es,Koovappady
191849059,2491547,es,Kulanada
191849136,2491548,es,Kulasekharamangalam
191849367,2491551,es,Kumardubi
191849444,2491552,es,Kumarghat
191849521,2491553,es,Kumbhar Falia
191849598,2491554,es,Kumirdaha
191849675,2491555,es,Kunali
191849752,2491556,es,Kunnamthanam
191849983,2491559,es,Thenkurissi
191850214,2491562,es,Kuvagam
191850522,2491566,es,Limbuda
191850676,2491568,es,Madhapar
191850753,2491569,es,Madhurapudi
191850830,2491570,es,Madurawada
191850984,2491572,es,Mahendrawada
191851061,2491573,es,Maktampur
191851138,2491574,es,Maktupur
191851215,2491575,es,Malikipuram
191851369,2491577,es,Mamuara
191851446,2491578,es,Manakala
191851523,2491579,es,Manapakkam
191851600,2491580,es,Manendragarh
191851677,2491581,es,Mangavilai
191851754,2491582,es,Manjalumoodu
191851831,2491583,es,Maradu
191851908,2491584,es,Maramadakki
191852062,2491586,es,Marthandam
191852139,2491587,es,Masagram
191852216,2491588,es,Meghahatuburu
191852293,2491589,es,Melnariyappanur
191852447,2491591,es,Mezhathur
191852524,2491592,es,Mudalur
191852601,2491593,es,Minalur
191852678,2491594,es,Maliku
191853602,2491606,es,Motona
191853756,2491608,es,Moothakunnam
191853910,2491610,es,Vadeli
191853987,2491611,es,Vadayar
191854064,2491612,es,Vadavalli
191854372,2491616,es,Manund
191854449,2491617,es,Mannamangalam
191854526,2491618,es,Pintharpura
191854834,2491622,es,Yadamari
191854911,2491623,es,Wategaon
191854988,2491624,es,Warwat Bakal
191855065,2491625,es,Wankhed
191855219,2491627,es,Vorasamni
191855296,2491628,es,V.Kalathur
191855450,2491630,es,Villukuri
191855527,2491631,es,Vilankurichi
191855604,2491632,es,Vilangad
191855681,2491633,es,Vikramam
191855758,2491634,es,Vettiyar
191855835,2491635,es,Vettilappara
191855912,2491636,es,Veppathur
191855989,2491637,es,Venmony
191856143,2491639,es,Vemulapally
191856297,2491641,es,Vellora
191856374,2491642,es,Vellarada
191856451,2491643,es,Veliyanad
191856528,2491644,es,Veligandla
191856913,2491649,es,Vangani
191856990,2491650,es,Vandithavalam
191857144,2491652,es,Vanavasi
191857221,2491653,es,Valathungal
191857298,2491654,es,Vakkalagadda
191857375,2491655,es,Vakathanam
191857452,2491656,es,Vajreshwari
191857529,2491657,es,Vaipur
191857914,2491662,es,Anjugrammam
191857991,2491663,es,Arabal
191858145,2491665,es,Avatti
191858299,2491667,es,Ayyalur
191858376,2491668,es,Barloni
191858453,2491669,es,Bayyaram
191858530,2491670,es,Beerakuppam
191858838,2491674,es,Chalthan
191859069,2491677,es,Changlang
191859454,2491682,es,Chirumarri
191859531,2491683,es,Dainhat
191859608,2491684,es,Dalavaipatti
191859762,2491686,es,Diguvamasapalle
191859839,2491687,es,Doravarisatram
191859993,2491689,es,Erumamunda
191860224,2491692,es,Gurholi
191860301,2491693,es,Handigund
191860532,2491696,es,Ikhar
191860686,2491698,es,Iroopara
191860763,2491699,es,Joka
191860994,2491702,es,Kamargoria
191861148,2491704,es,Kambagi
191861225,2491705,es,Kambhamvaripalle
191861456,2491708,es,Kavalur
191861610,2491710,es,Kegaon
191861687,2491711,es,Kesabpur
191861995,2491715,es,Karakulam
191862072,2491716,es,Kodanad
191862303,2491719,es,Krishna Kittur
191862380,2491720,es,Kumaramangalam
191862534,2491722,es,Kulichapattu
191862611,2491723,es,Madathara
191862842,2491726,es,Maheshkhunt
191862996,2491728,es,Mallavolu
191863073,2491729,es,Nagarukhra
191863150,2491730,es,Nahira
191863304,2491732,es,Nangamangalam
191863381,2491733,es,Nangathur
191863458,2491734,es,Narasimhanaickenpalayam
191863535,2491735,es,Narrawada
191863689,2491737,es,Nasalapur
191863766,2491738,es,Barajamda
191863843,2491739,es,Barvala-Baval
191864074,2491742,es,Beerakuppam
191864305,2491745,es,Mothadaka
191864382,2491746,es,Vedurukuppam
191864536,2491748,es,Valathoor
191864613,2491749,es,Thayamangalam
191864844,2491752,es,Srirangarajapuram
191865075,2491755,es,Pimpalner
191865152,2491756,es,Paluvai
191865537,2491761,es,Warla
191865614,2491762,es,Ghota
191865691,2491763,es,Sonda
191865845,2491765,es,Panala
191866153,2491769,es,Wadgaon
191866307,2491771,es,Wanwarla
191866461,2491773,es,Rambha
191866538,2491774,es,Januna
191866615,2491775,es,Yeheldari
191866692,2491776,es,Nandura
191866923,2491779,es,Sawali
191867077,2491781,es,Jalpur
191867231,2491783,es,Satarmal
191867308,2491784,es,Mansal
191867385,2491785,es,Adgaon
191867616,2491788,es,Dargsawangi
191867693,2491789,es,Kumbhari
191867847,2491791,es,Patwanda
191867924,2491792,es,Bhatsawangi
191868001,2491793,es,Dhanapur
191868155,2491795,es,Sagad
191868309,2491797,es,Dhotra
191868848,2491804,es,Khairkhed
191869079,2491807,es,Sawargaon
191869310,2491810,es,Pergaon
191869387,2491811,es,Lambi
191869541,2491813,es,Karwad
191869618,2491814,es,Rajura
191869849,2491817,es,Borja
191870080,2491820,es,Deothana
191870157,2491821,es,Gaula Manjri
191870234,2491822,es,Morwad
191870311,2491823,es,Warari
191870388,2491824,es,Amti
191870542,2491826,es,Buti
191870773,2491829,es,Paragodu
191870850,2491830,es,Adinarayanahalli
191870927,2491831,es,Devireddypalli
191871081,2491833,es,Adalli
191871620,2491840,es,Vastapur
191871774,2491842,es,Lingetla
191871851,2491843,es,Gauliguda
191871928,2491844,es,Sarangpur
191872159,2491847,es,Borgaon
191872236,2491848,es,Dhani
191872313,2491849,es,Gopalpet
191872390,2491850,es,Ranapur
191872467,2491851,es,Dangapur
191872544,2491852,es,Tandra
191872698,2491854,es,Burugpalli
191872852,2491856,es,Medpalli
191872929,2491857,es,Yalareddipet
191873314,2491862,es,Kalva
191873391,2491863,es,Allur
191873622,2491866,es,Nilaipet
191873853,2491869,es,Arepalli
191873930,2491870,es,Parimandal
191874700,2491880,es,Langdapur
191874777,2491881,es,Chityal
191874854,2491882,es,Sirgapur
191874931,2491883,es,Māyāpur
191875008,2491884,es,Tamsa
191875239,2491887,es,Kautla
191875393,2491889,es,Venkatapur
191875470,2491890,es,Akapur
191875624,2491892,es,Wadyal
191875701,2491893,es,Narsapuram
191875778,2491894,es,Kankapuram
191876009,2491897,es,Borgaon
191876086,2491898,es,Sangampet
191876240,2491900,es,Zafrapur
191876394,2491902,es,Mallapur
191876702,2491906,es,Madapur
191876779,2491907,es,Gamjal
191876856,2491908,es,Songarh
191877010,2491910,es,Dharmaram
191877087,2491911,es,Pichira
191877164,2491912,es,Laxmanchanda
191877241,2491913,es,Tirupalli
191877549,2491917,es,Korenahalli
191877703,2491919,es,Sriniyasapura
191877934,2491922,es,Nirgantipalli
191878088,2491924,es,Sankavarampalli
191878165,2491925,es,Tenkaimakalapalli
191878319,2491927,es,Buragamadaga
191878396,2491928,es,Gondipalli
191878550,2491930,es,Gujjepalli
191878704,2491932,es,Nallasanampalli
191878858,2491934,es,Gudipalli
191878935,2491935,es,Marimakalapalli
191879012,2491936,es,Singappagaripalli
191879089,2491937,es,Yagavanetiguntapalli
191879397,2491941,es,Chokampalli
191879474,2491942,es,Malligurke
191879628,2491944,es,Papinaikanapalli
191879782,2491946,es,Muttinapalli
191879859,2491947,es,Palligutta
191879936,2491948,es,Gollapalli
191880013,2491949,es,Reddyvaripalli
191880244,2491952,es,Kanugamakulapalli
191880475,2491955,es,Tirumani
191880629,2491957,es,Arigepalli
191880706,2491958,es,Varadayagaripalli
191880783,2491959,es,Bhogenahalli
191881322,2491966,es,Nallamallepalli
191881553,2491969,es,Nadimpalli
191881707,2491971,es,Kumbalahalli
191881784,2491972,es,Patravandlapalli
191881861,2491973,es,Chaprampalli
191881938,2491974,es,Yellampalli
191882169,2491977,es,Tettahalli
191882246,2491978,es,Chanduru
191883093,2491989,es,Bichiganahalli
191883170,2491990,es,Talavanadinne
191883247,2491991,es,Pinnehalli
191883401,2491993,es,Katenahalli
191883478,2491994,es,Pottavaripalli
191883709,2491997,es,Surapalli
191884171,2492003,es,Venkatapur
191884248,2492004,es,Vadigere
191884325,2492005,es,Bandolpalli
191884556,2492008,es,Bandakindapalli
191884633,2492009,es,Gummalpalli
191884787,2492011,es,Dugginaikanapalli
191884941,2492013,es,Pulkuntlapalli
191885018,2492014,es,Kuntlapalli
191885095,2492015,es,Polinayakanapalli
191885172,2492016,es,Motakapalli
191885326,2492018,es,Ajaganapalli
191886173,2492029,es,Kanampalli
191886327,2492031,es,Bedikadarepalli
191886404,2492032,es,Julpalya
191886943,2492039,es,Kamanahalli
191887174,2492042,es,Kotagallu
191887251,2492043,es,Sonaganahalli
191887405,2492045,es,Uppukuntahalli
191887482,2492046,es,Nallappanahalli
191887713,2492049,es,Someswara
191887944,2492052,es,Ganganahalli
191888175,2492055,es,Mudireddihalli
191888252,2492056,es,Lakshmisagara
191888329,2492057,es,Varlakonde
191888406,2492058,es,Gontiganahudya
191888637,2492061,es,Herenagavali
191888714,2492062,es,Muddalahalli
191888791,2492063,es,Jangalahalli
191888868,2492064,es,Medimakalahalli
191888945,2492065,es,Bommanahalli
191889176,2492068,es,Koppukatenahalli
191889253,2492069,es,Bandarlahalli
191889715,2492075,es,Somenahalli
191889792,2492076,es,Gummareddihalli
191889946,2492078,es,Kadirisettihalli
191890100,2492080,es,Doddanancherlu
191890254,2492082,es,Ramaganahalli
191890331,2492083,es,Pavujenahalli
191890485,2492085,es,Varasandra
191890562,2492086,es,Settikere
191890793,2492089,es,Halehalli
191890947,2492091,es,Timmasandra
191891255,2492095,es,Neralemaradahalli
191891332,2492096,es,Gollahalli
191891409,2492097,es,Pusaganadoddi
191891486,2492098,es,Iragappanahalli
191891717,2492101,es,Vardaganahalli
191891794,2492102,es,Yerranagehahalli
191892102,2492106,es,Thimmenahalli
191892179,2492107,es,Boyinahalli
191892256,2492108,es,Kasuvuguttapalli
191892333,2492109,es,Ganganahalli
191892872,2492116,es,Basettihalli
191893257,2492121,es,Chikkanagavalli
191893411,2492123,es,Kamaganapalli
191893719,2492127,es,Arur
191893873,2492129,es,Chikkavarur
191893950,2492130,es,Bachchireddipalli
191894566,2492138,es,Biraganahalli
191894643,2492139,es,Marvenahalli
191894720,2492140,es,Bommahalli
191894797,2492141,es,Akamat Hassan al `Ulya
191894874,2492142,es,Jarugahalli
191894951,2492143,es,Kondappagaripalli
191895105,2492145,es,Yalagalhalli
191895182,2492146,es,Hiriyetachenahalli
191895259,2492147,es,Chinna Dibburahalli
191895336,2492148,es,Bachanahalli
191895413,2492149,es,Dibburahalli
191895490,2492150,es,Vaddahalli
191895567,2492151,es,Talakayilabetta
191895644,2492152,es,Maralappanahalli
191895798,2492154,es,Dasarahalli
191896106,2492158,es,Devaganahalli
191896183,2492159,es,Korlaparti
191896260,2492160,es,Gajulavarapalli
191896337,2492161,es,Gollahalli
191896414,2492162,es,Neranaguttahalli
191896645,2492165,es,Maniyarmuddenahalli
191896722,2492166,es,Kurukachenahalli
191896799,2492167,es,Kommasandra
191896876,2492168,es,Kariyappanahalli
191897030,2492170,es,Balegaudanahalli
191897107,2492171,es,Vemagallu
191897184,2492172,es,Kyasigere
191897261,2492173,es,Chikkabandaragatta
191897338,2492174,es,Chengavarihalli
191897415,2492175,es,Doddabandaragatta
191897492,2492176,es,Pulakuntahalli
191897800,2492180,es,Gonimaradahalli
191897877,2492181,es,Nakkalahalli
191898031,2492183,es,Alagurki
191898108,2492184,es,Thimmanayakanahalli
191898185,2492185,es,Gorla Gummanahalli
191898339,2492187,es,Kudupakunte
191898493,2492189,es,Yerrahalli
191898647,2492191,es,Nasganahalli
191898724,2492192,es,Anemadagu
191898878,2492194,es,Madenahalli
191899109,2492197,es,Chokkanahalli
191899340,2492200,es,Kachinayakanahalli
191899417,2492201,es,Dhanamattenaballi
191899494,2492202,es,Basettihalli
191899571,2492203,es,Gaudanahalli
191899725,2492205,es,Kempanahalli
191899802,2492206,es,Doddagummanahalli
191899879,2492207,es,Maddenapalli
191899956,2492208,es,Marraganaparti
191900033,2492209,es,Kambalahalli
191900110,2492210,es,Settivarahalli
191900341,2492213,es,Renumakalahalli
191900495,2492215,es,Gundlahalli
191900572,2492216,es,Inuminchenahalli
191900803,2492219,es,Guvalakanahalli
191900880,2492220,es,Ramaganaparti
191901111,2492223,es,Kalkunte
191901188,2492224,es,Chambahally
191901265,2492225,es,Yaligere
191901496,2492228,es,Doddapayalagurki
191901573,2492229,es,Samchenahalli
191901804,2492232,es,Haristhala
191901958,2492234,es,Papinayakanahalli
191902112,2492236,es,Reddihalli
191902651,2492243,es,Rameswara
191902728,2492244,es,Nallarallahalli
191902805,2492245,es,Valasenahalli
191902882,2492246,es,Kumbarahalli
191902959,2492247,es,Ammagarahalli
191903036,2492248,es,Amurtimmanahalli
191903113,2492249,es,Dyvarahalli
191903267,2492251,es,Chandaganahalli
191903421,2492253,es,Rayappanahalli
191903575,2492255,es,Venkatakrishnammanahalli
191903729,2492257,es,Bandahalli
191903806,2492258,es,Nakkalahalli
191903883,2492259,es,Atagollahalli
191903960,2492260,es,Gandlachinte
191904114,2492262,es,Peresandra
191904191,2492263,es,Bandahalli
191904268,2492264,es,Chinampalli
191904653,2492269,es,Hunegal
191904884,2492272,es,Gundlagurki
191904961,2492273,es,Jodi Pulthamanahalli
191905038,2492274,es,Soppahalli
191905192,2492276,es,Kaddibbur
191905269,2492277,es,Dibbur
191905346,2492278,es,Golchinnappanhalli
191905423,2492279,es,Rayappanhalli
191905500,2492280,es,Nellimaradhalli
191905654,2492282,es,Gullu
191905731,2492283,es,Hiriyannahalli
191905808,2492284,es,Katriguppe
191906424,2492292,es,Kannappanhalli
191906501,2492293,es,Sadhalli
191906578,2492294,es,Binmangala
191906809,2492297,es,Palucharlu
191906886,2492298,es,Somanhalli
191906963,2492299,es,Marihalli
191907117,2492301,es,Mumbanhalli
191907194,2492302,es,Kachanaikanhalli
191907271,2492303,es,Rachenhalli
191907425,2492305,es,Gangahalli
191907502,2492306,es,Roparlahalli
191907579,2492307,es,Haleganjigunte
191907656,2492308,es,Devaguttahalli
191907964,2492312,es,Kundalgurki
191908041,2492313,es,Donihalli
191908118,2492314,es,Shiddapur
191908272,2492316,es,Kempanhalli
191908349,2492317,es,Mallahalli
191908734,2492322,es,Khandakanhalli
191908811,2492323,es,Angarekhanhalli
191908888,2492324,es,Chimmanhalli
191909042,2492326,es,Maralkunti
191909119,2492327,es,Honnappanhalli
191909504,2492332,es,Manchanbele
191909812,2492336,es,Varadhalli
191909966,2492338,es,Nayinhalli
191910197,2492341,es,Hosur
191910428,2492344,es,Harlhalli
191910505,2492345,es,Gudihalli
191910582,2492346,es,Muttakadhalli
191910659,2492347,es,Vardanaikanhalli
191910736,2492348,es,Chimmanhalli
191910967,2492351,es,Dogarnaikanhalli
191911198,2492354,es,Basavanparti
191911352,2492356,es,Chikpapanhalli
191911429,2492357,es,Chikdasenhalli
191911506,2492358,es,Doddasenhalli
191911583,2492359,es,Ullappanhalli
191911814,2492362,es,Konganahalli
191911968,2492364,es,Chandrahalli
191912045,2492365,es,Katriguppa
191912430,2492370,es,Amatiganhalli
191912507,2492371,es,Tinnakallu
191912584,2492372,es,Guttahalli
191912661,2492373,es,Channahalli
191912892,2492376,es,Kodarnaikanhalli
191913200,2492380,es,Bachihalli
191913277,2492381,es,Birappanhalli
191913431,2492383,es,Bammanhalli
191913508,2492384,es,Sonenhalli
191913662,2492386,es,Taldummanhalli
191913893,2492389,es,Handiganal
191914124,2492392,es,Lakkehalli
191914201,2492393,es,Hoshudya
191914355,2492395,es,Nellimaradhalli
191914894,2492402,es,Kondenhalli
191914971,2492403,es,Timmanhalli
191915048,2492404,es,Appegowdanahalli
191915356,2492408,es,Bommanhalli
191915587,2492411,es,Chidchikkanhalli
191915664,2492412,es,Bannikuppe
191915818,2492414,es,Ajavara
191915972,2492416,es,Nugathalli
191916357,2492421,es,Kuppenhalli
191916434,2492422,es,Gejjiganhalli
191916511,2492423,es,Buragamakanhalli
191916588,2492424,es,Bammakallu
191916665,2492425,es,Guthalli
191916742,2492426,es,Kempadenhalli
191916819,2492427,es,Dodkandrahalli
191916896,2492428,es,Gubalhalli
191917050,2492430,es,Hulgummanhalli
191917127,2492431,es,Banahalli
191917204,2492432,es,Mastenhalli
191917281,2492433,es,Marpalli
191917358,2492434,es,Kottur
191917435,2492435,es,Malakapura
191917512,2492436,es,Vaddihalli
191917666,2492438,es,Hoshalli
191917743,2492439,es,Subbaryanapet
191917820,2492440,es,Ammanallur
191917974,2492442,es,Vaijakur
191918128,2492444,es,Birajenhalli
191918205,2492445,es,Virupakshipur
191918282,2492446,es,Akkimangala
191918359,2492447,es,Kadarapur
191918436,2492448,es,Chimangala
191918667,2492451,es,Attiganhalli
191918744,2492452,es,Hemarlahalli
191918975,2492455,es,Arkere
191919052,2492456,es,Yannangur
191919129,2492457,es,Nallenhalli
191919206,2492458,es,Chokkandhalli
191919514,2492462,es,Yellavahalli
191919591,2492463,es,Angattatti
191919668,2492464,es,Venkatenhalli
191919745,2492465,es,Shettihalli
191919899,2492467,es,Mittanahalli
191919976,2492468,es,Chindenhalli
191920053,2492469,es,Chikkanhalli
191920130,2492470,es,Dandiganhalli
191920207,2492471,es,Kommasandra
191920669,2492477,es,Muddenhalli
191920823,2492479,es,Narayanpur
191920900,2492480,es,Golhalli
191920977,2492481,es,Nakkanhalli
191921131,2492483,es,Chinnappanaikanhosur
191921362,2492486,es,Harlurnaganhalli
191921516,2492488,es,Kachahalli
191921670,2492490,es,Muttur
191921747,2492491,es,Melur
191921901,2492493,es,Kambadhalli
191922132,2492496,es,Bellotti
191922286,2492498,es,Malamachanhalli
191922440,2492500,es,Chikdasarhalli
191922517,2492501,es,Dabarganhalli
191922594,2492502,es,Japtihoshalli
191922748,2492504,es,Tummanhalli
191922825,2492505,es,Doddasarhalli
191922979,2492507,es,Tippenhalli
191923056,2492508,es,Malshettipura
191923133,2492509,es,Gundlanarasimhanahalli
191923210,2492510,es,Chintudpi
191923518,2492514,es,Kannamangal
191923595,2492515,es,Narayandasarhalli
191923749,2492517,es,Atturu
191923903,2492519,es,Taduru
191924057,2492521,es,Totlaganhalli
191924134,2492522,es,Bhaktarhalli
191924211,2492523,es,Kyalanur
191924288,2492524,es,Tippenhalli
191924365,2492525,es,Kadhalli
191924442,2492526,es,Chansandra
191924596,2492528,es,Belahalli
191924673,2492529,es,Padiganhalli
191924750,2492530,es,Chaldiganahalli
191924904,2492532,es,Kalhalli
191924981,2492533,es,Amaravathi
191925212,2492536,es,Kalnayakanhalli
191925289,2492537,es,Devenhalli
191925366,2492538,es,Gambhiranhalli
191925443,2492539,es,Mallenhalli
191925520,2492540,es,Phakiranhoshalli
191925674,2492542,es,Valapanhalli
191925828,2492544,es,Balavanhalli
191926059,2492547,es,Venkatapur
191926290,2492550,es,Hyadala
191926444,2492552,es,Dharmapur
191926829,2492557,es,Dodtatmangala
191926906,2492558,es,Timmanahalli
191927137,2492561,es,Koramangala
191927214,2492562,es,Avalhalli
191927445,2492565,es,Nagamangala
191927753,2492569,es,Lalapur
191927907,2492571,es,Arkere
191927984,2492572,es,Hanamapur
191928215,2492575,es,Kadmattikere
191928292,2492576,es,Yachgatta
191928369,2492577,es,Salantripalya
191928523,2492579,es,Kitnagamangala
191928600,2492580,es,Borsandra
191928677,2492581,es,Dasanpur
191928754,2492582,es,Tarikere
191929062,2492586,es,Hitalhalli
191929139,2492587,es,Hoskere
191929216,2492588,es,Salupalya
191929293,2492589,es,Gantiganhalli
191929447,2492591,es,Kulumepalya
191929524,2492592,es,Rajagere
191929601,2492593,es,Kallupalya
191929678,2492594,es,Muniyanapalya
191929755,2492595,es,Channapur
191929986,2492598,es,Kundur
191930063,2492599,es,Nittur
191930294,2492602,es,Edigarpalya
191930371,2492603,es,Bommanahalli
191930525,2492605,es,Hutri
191930679,2492607,es,Hosur
191930756,2492608,es,Chenniahnapalya
191930910,2492610,es,Chowdanayakanpalya
191931218,2492614,es,Siddemanipalya
191931526,2492618,es,Hutridurga
191931757,2492621,es,Kempanhalli
191931834,2492622,es,Bettahalli
191931911,2492623,es,Sondalagere
191931988,2492624,es,Katrighatta
191932065,2492625,es,Kulumepalya
191932373,2492629,es,Huchahanumegowdanpalya
191932604,2492632,es,Hodeghatta
191932835,2492635,es,Halshettihalli
191932989,2492637,es,Sripatihalli
191933066,2492638,es,Basavanpalya
191933143,2492639,es,Harohalli
191933220,2492640,es,Juttanahalli
191933297,2492641,es,Chundurayanhalli
191933374,2492642,es,Kalia
191933528,2492644,es,Basavapatna
191933836,2492648,es,Mayanayakanhalli
191933913,2492649,es,Hanumapur
191933990,2492650,es,Motegowdanpalya
191934144,2492652,es,Upparati
191934221,2492653,es,Kempasagara
191934298,2492654,es,Hospalya
191934452,2492656,es,Karenhalli
191934529,2492657,es,Tatabalu
191934760,2492660,es,Channammanapalya
191934991,2492663,es,Belagumba
191935453,2492669,es,Kebbepalya
191935530,2492670,es,Ippemaradpalya
191936146,2492678,es,Vyasaramanpalya
191936377,2492681,es,Uduvagere
191936762,2492686,es,Dasegowdanpalya
191936916,2492688,es,Madabal
191936993,2492689,es,Pura
191937147,2492691,es,Mangallu
191937224,2492692,es,Tubinkere
191937301,2492693,es,Bolenhalli
191937378,2492694,es,Mattikere
191937455,2492695,es,Huluvenahalli
191937532,2492696,es,Heligehalli
191937609,2492697,es,Marladevanapura
191937686,2492698,es,Dandigepura
191937763,2492699,es,Agalakote
191937840,2492700,es,Dandinapalya
191937994,2492702,es,Donakuppe
191938071,2492703,es,Kondahalli
191938148,2492704,es,Gollarhatti
191938225,2492705,es,Matadpalya
191938918,2492714,es,Giddadasanpur
191938995,2492715,es,Ad Dar al A`la
191939149,2492717,es,Puranipalya
191939226,2492718,es,Hoshalli
191939303,2492719,es,Segepalya
191939380,2492720,es,Kanivepalya
191939765,2492725,es,Chakrabavi
191939842,2492726,es,Hulikatte
191939919,2492727,es,Halasabele
191940073,2492729,es,Nagenhalli
191940150,2492730,es,Yedahalli
191940304,2492732,es,Andanigowdanpalya
191940458,2492734,es,Muganpura
191940766,2492738,es,Segipalya
191940843,2492739,es,Ippadi
191941151,2492743,es,Madapanhalli
191941305,2492745,es,Shinappanhalli
191941536,2492748,es,Kadramanhalli
191941613,2492749,es,Arepalya
191941690,2492750,es,Kadarapura
191941767,2492751,es,Nanjegowdanpalya
191941844,2492752,es,Tangachahalli
191942306,2492758,es,Modur
191942383,2492759,es,Hosur
191942537,2492761,es,Pavsandra
191942691,2492763,es,Segipalya
191942922,2492766,es,Singonahalli
191942999,2492767,es,Nagatihalli
191943230,2492770,es,Guddetipsandra
191943307,2492771,es,Hoshalli
191943384,2492772,es,Kichavadi
191943615,2492775,es,Akkimaripalya
191943692,2492776,es,Hulikatti
191943846,2492778,es,Chikkonhalli
191943923,2492779,es,Herohalli
191944000,2492780,es,Muddahanumanapalya
191944231,2492783,es,Sastripalya
191944539,2492787,es,Koramangala
191944693,2492789,es,Kempanhalli
191944847,2492791,es,Gattipura
191945078,2492794,es,Chittanhalli
191945155,2492795,es,Neralvadi
191945232,2492796,es,Kotgaranhalli
191945309,2492797,es,Mathandoddi
191945463,2492799,es,Gerhalli
191945540,2492800,es,Jalamangal
191945771,2492803,es,Akkur
191945848,2492804,es,Virupasandra
191945925,2492805,es,Hombegowdandoddi
191946002,2492806,es,Chikkagangawadi
191946233,2492809,es,Gollardoddi
191946310,2492810,es,Kanchidoddi
191946387,2492811,es,Doddagangawadi
191946464,2492812,es,Belagavadi
191946541,2492813,es,Kalladevanhalli
191946618,2492814,es,Hosdoddi
191946772,2492816,es,Handlageri
191947003,2492819,es,Medardoddi
191947080,2492820,es,Tavarekere
191947157,2492821,es,Kachhalli
191947234,2492822,es,Byadarhalli
191947311,2492823,es,Kenchanhalli
191947542,2492826,es,Ujani
191947619,2492827,es,Dyavasandra
191948081,2492833,es,Dodkoppalu
191948158,2492834,es,Honmachanhalli
191948312,2492836,es,Kebhalli
191948543,2492839,es,Kenkere
191948697,2492841,es,Wajarpalya
191948774,2492842,es,Bandigowdanpalya
191948851,2492843,es,Kannegowdandoddi
191948928,2492844,es,Chowdeswarahalli
191949236,2492848,es,Hosur
191949390,2492850,es,Makli
191949467,2492851,es,Naidolli
191949621,2492853,es,Chilimsandra
191949698,2492854,es,Shivanhalli
191949775,2492855,es,Kebhalli
191949852,2492856,es,Hunaganhalli
191949929,2492857,es,Kamidoddi
191950237,2492861,es,Harkanhalli
191950314,2492862,es,Varadegowdandoddi
191950545,2492865,es,Bhandhalli
191950622,2492866,es,Hoshalli
191950699,2492867,es,Navale
191950776,2492868,es,Viragowdandoddi
191950930,2492870,es,Siddegowdandoddi
191951084,2492872,es,Lingasandra
191951161,2492873,es,Hoshalli
191951392,2492876,es,Gummasandra
191951469,2492877,es,Kadboranhalli
191951854,2492882,es,Doddakkanhalli
191952085,2492885,es,Dundanahalli
191952316,2492888,es,Mallanayakanhalli
191952393,2492889,es,Chakankere
191952470,2492890,es,Kadarmangal
191952547,2492891,es,Sidnahalli
191952624,2492892,es,Bettadasandoddi
191952701,2492893,es,Gowdgeri
191953086,2492898,es,Yaraganahalli
191953240,2492900,es,Hosurdoddi
191953548,2492904,es,Harohallidoddi
191954010,2492910,es,Angurhalli
191954087,2492911,es,Kanamangala
191954241,2492913,es,Manigandoddi
191954395,2492915,es,Kyasapur
191954472,2492916,es,Hanumanhalli
191954549,2492917,es,Chamanhalli
191954626,2492918,es,Dashavar
191954703,2492919,es,Yalehoshalli
191954780,2492920,es,Nagavar
191954934,2492922,es,Chikkenhalli
191955011,2492923,es,Abbur
191955088,2492924,es,Abburdoddi
191955165,2492925,es,Mogenhalli
191955242,2492926,es,Torehosur
191955396,2492928,es,Kansandra
191955550,2492930,es,Timasandra
191956012,2492936,es,Arekandoddi
191956320,2492940,es,Mudagere
191956474,2492942,es,Marasinganhalli
191956859,2492947,es,Valgiredoddi
191956936,2492948,es,Alamshettihalli
191957013,2492949,es,Aralapura
191957167,2492951,es,Haralahalli
191957321,2492953,es,Hosakere
191957475,2492955,es,Yaraganhalli
191957552,2492956,es,Hanumanthpura
191957706,2492958,es,Ningandoddi
191957783,2492959,es,Kadalipura
191957860,2492960,es,Hemmanahalli
191957937,2492961,es,Hulaganhalli
191958091,2492963,es,Chapardoddi
191958322,2492966,es,Belaturu
191958707,2492971,es,Maradevanahalli
191958784,2492972,es,Hosahalli
191958861,2492973,es,Koluru
191959015,2492975,es,Voddaradoddi
191959092,2492976,es,Kadalur
191959708,2492984,es,Honnayakanhalli
191959785,2492985,es,Tenkanhallidoddi
191959862,2492986,es,Gudehosur
191959939,2492987,es,Sibanahalli
191960016,2492988,es,Anigere
191960247,2492991,es,Hanumapuradoddi
191960401,2492993,es,Huluvadi
191960478,2492994,es,Byaderhalli
191960632,2492996,es,Dyavarahalli
191960786,2492998,es,Kallihosur
191961017,2493001,es,Kunturdoddi
191961325,2493005,es,Cholamaranhalli
191961479,2493007,es,Paulidoddi
191961710,2493010,es,Rampur
191961787,2493011,es,Pujaridoddi
191962788,2493024,es,Patlu
191962942,2493026,es,Brahmanipur
191963404,2493032,es,Pujaridoddi
191963481,2493033,es,Paredoddi
191963558,2493034,es,Nilasandra
191963789,2493037,es,Hottiganhoshalli
191964251,2493043,es,Belakere
191964328,2493044,es,Sankalagere
191964713,2493049,es,Sanabanahalli
191964790,2493050,es,Maledoddi
191964867,2493051,es,Kudlur
191965021,2493053,es,Minakeredoddi
191965098,2493054,es,Govindanhalli
191965175,2493055,es,Valagarhalli
191965406,2493058,es,Channasandra
191965483,2493059,es,Vaidyanathpura
191965714,2493062,es,Aluru
191965945,2493065,es,Upinkere
191966022,2493066,es,Nagarkere
191966099,2493067,es,Hagalhalli
191966176,2493068,es,Nilakantanhalli
191966792,2493076,es,Marchanahalli
191966946,2493078,es,Kukkur
191967023,2493079,es,Krishnapura
191967100,2493080,es,Ankusanahalli
191967177,2493081,es,Sadahalli
191967254,2493082,es,Haruhalli
191967331,2493083,es,Suleri
191967485,2493085,es,Tubinakere
191967562,2493086,es,Chakkaluru
191967716,2493088,es,Kurnagere
191967793,2493089,es,Chakkeri
191967870,2493090,es,Gangedoddi
191967947,2493091,es,Malurpatna
191968178,2493094,es,Nagapur
191968332,2493096,es,Averahalli
191968409,2493097,es,Akkur
191968486,2493098,es,Sadaralli
191968563,2493099,es,Somanathpur
191968717,2493101,es,Hoshalli
191968948,2493104,es,Hodakehoshalli
191969102,2493106,es,Mangarhalli
191969256,2493108,es,Virpakshapur
191969333,2493109,es,Siddegowdandoddi
191969564,2493112,es,Santemagenhalli
191969641,2493113,es,Kodipura
191969718,2493114,es,Madegowdandoddi
191969795,2493115,es,Shanbhoganhalli
191969872,2493116,es,Jagadapur
191969949,2493117,es,Byadarhalli
191970103,2493119,es,Lingegowdandoddi
191970180,2493120,es,Honniganhalli
191970257,2493121,es,Vaddarhalli
191970334,2493122,es,Hanchipur
191970488,2493124,es,Manchegowdandoddi
191970565,2493125,es,Yaliyur
191970642,2493126,es,Yaletotadhalli
191970719,2493127,es,Halehalli
191970796,2493128,es,Bananthalli
191970873,2493129,es,Kadankanhalli
191970950,2493130,es,Kodamballi
191971027,2493131,es,Huchaindoddi
191971335,2493135,es,Ambadhalli
191971566,2493138,es,Narayantimmandoddi
191971720,2493140,es,Nerlur
191971874,2493142,es,Harokoppa
191971951,2493143,es,Vaddardoddi
191972105,2493145,es,Madapur
191972336,2493148,es,Kalokere
191972413,2493149,es,Sogala
191972490,2493150,es,Garkahalli
191972567,2493151,es,Kempegowdandoddi
191973029,2493157,es,Ankegowdandoddi
191973183,2493159,es,Malladasandoddi
191973491,2493163,es,Kabbare
191973568,2493164,es,Chanchakhalli
191973645,2493165,es,Hulikere
191973722,2493166,es,Halikere
191973953,2493169,es,Kallimeledoddi
191974030,2493170,es,Chikarasinakere
191974184,2493172,es,Achahalli
191974261,2493173,es,Malagaranhalli
191974338,2493174,es,Halagerepura
191974415,2493175,es,Uppardoddi
191974492,2493176,es,Sompura
191974877,2493181,es,Borapura
191974954,2493182,es,Sadalalu
191975031,2493183,es,Desahalli
191975339,2493187,es,Husgur
191975570,2493190,es,Hagalhalli
191975724,2493192,es,Hanahallidoddi
191975955,2493195,es,Hospura
191976263,2493199,es,Maranpur
191976340,2493200,es,Hemmige
191976417,2493201,es,Bettahalli
191976571,2493203,es,Kodaghalli
191976648,2493204,es,Kali Basivanhundi
191976956,2493208,es,Vijyapur
191977110,2493210,es,Yatambadi
191977187,2493211,es,Ankanhalli
191977264,2493212,es,Segasaragur
191977726,2493218,es,Karadhalli
191977803,2493219,es,Kuntur
191977880,2493220,es,Kalapura
191978188,2493224,es,Kanchanhalli
191978265,2493225,es,Naripur
191978342,2493226,es,Lingapatna
191978419,2493227,es,Nelamakalhalli
191978496,2493228,es,Nittur
191978727,2493231,es,Juganhalli
191978804,2493232,es,Handanhalli
191979035,2493235,es,Chilapura
191979189,2493237,es,Hagadur
191979266,2493238,es,Savandipura
191979574,2493242,es,Dadamahalli
191979651,2493243,es,Hulagala
191979728,2493244,es,Banaghalli
191980036,2493248,es,Channupura
191980113,2493249,es,Kodipur
191980267,2493251,es,Hulhalli
191980575,2493255,es,Jogipura
191980652,2493256,es,Hadli
191980806,2493258,es,Sahalli
191980960,2493260,es,Amratesvaranhalli
191981037,2493261,es,Kandagal
191981114,2493262,es,Madhalli
191981730,2493270,es,Bandur
191981807,2493271,es,Talagvadi
191981884,2493272,es,Kagipura
191981961,2493273,es,Kallarepura
191982038,2493274,es,Sasiyalpura
191982115,2493275,es,Magnur
191982192,2493276,es,Ganigapura
191982346,2493278,es,Uppanhalli
191982500,2493280,es,Ragibammanhalli
191982654,2493282,es,Gulagatta
191982731,2493283,es,Devipura
191982885,2493285,es,Nidgatta
191982962,2493286,es,Ankanhalli
191983039,2493287,es,Gajnur
191983193,2493289,es,Aladhalli
191983270,2493290,es,Kamsagara
191983347,2493291,es,Lingnapur
191983578,2493294,es,Dhanagur
191983655,2493295,es,Chandvalli
191983732,2493296,es,Dabhalli
191984040,2493300,es,Halashalli
191984117,2493301,es,Nadkalpura
191984194,2493302,es,Megalpura
191984271,2493303,es,Bunasamudra
191984348,2493304,es,Ganalu
191984579,2493307,es,Bedarhalli
191984810,2493310,es,Basavegaudandoddi
191985195,2493315,es,Hebani
191985272,2493316,es,Manchanhalli
191985349,2493317,es,Manchinpura
191985503,2493319,es,Nelmakanhalli
191985580,2493320,es,Vaddarhalli
191985657,2493321,es,Chottanhalli
191985734,2493322,es,Dasandoddi
191985811,2493323,es,Pandithalli
191985888,2493324,es,Bachanhalli
191985965,2493325,es,Siramanhalli
191986042,2493326,es,Kundur
191986119,2493327,es,Tenkhalli
191986196,2493328,es,Ravani
191986273,2493329,es,Ganaganur
191986350,2493330,es,Kyatanhalli
191986504,2493332,es,Hangrapur
191986658,2493334,es,Belakvadi
191986812,2493336,es,Hoshalli
191986889,2493337,es,Hokarhalli
191987197,2493341,es,Mutanhalli
191987274,2493342,es,Kanchaghalli
191987505,2493345,es,Honnaikanhalli
191987659,2493347,es,Madenhalli
191987736,2493348,es,Torebammanhalli
191987813,2493349,es,Mudenhalli
191988044,2493352,es,Tigadhalli
191988198,2493354,es,Dyavapatna
191988583,2493359,es,Bannahalli
191988737,2493361,es,Kanikhalli
191988814,2493362,es,Kadaballi
191988968,2493364,es,Kaggala
191989122,2493366,es,Surakhalli
191989199,2493367,es,Maliyur
191989430,2493370,es,Karkahalli
191989584,2493372,es,Bidarhalli
191989661,2493373,es,Menasigeri
191989892,2493376,es,Yaladhalli
191990046,2493378,es,Albujanhalli
191990200,2493380,es,Melahalli
191990277,2493381,es,Arechakanhalli
191990585,2493385,es,Somanhalli
191990662,2493386,es,Vadiyandhalli
191990816,2493388,es,Paranampura
191991047,2493391,es,Medini
191991124,2493392,es,Harale
191991201,2493393,es,Kaglipura
191991278,2493394,es,Halladasanhalli
191991509,2493397,es,Kiragasur
191991586,2493398,es,Madavadi
191991663,2493399,es,Danageri
191992048,2493404,es,Cheluvanahalli
191992125,2493405,es,Uganiya
191992356,2493408,es,Mattipuram
191992433,2493409,es,Ikkadahalli
191992587,2493411,es,Kariyanapura
191992664,2493412,es,Chikkinduvadi
191992818,2493414,es,Doddinduvadi
191993049,2493417,es,Kongaralli
191993126,2493418,es,Anapura
191993203,2493419,es,Hondarbalu
191993742,2493426,es,Timmarajapuram
191994512,2493436,es,Uttamballi
191994589,2493437,es,Mavinhalli
191994666,2493438,es,Kukkuru
191994820,2493440,es,Malingi
191994897,2493441,es,Mullur
191994974,2493442,es,Kaliyur
191995128,2493444,es,Hosamalingi
191995282,2493446,es,Teramballi
191995359,2493447,es,Hampapura
191995436,2493448,es,Dasanpuram
191995667,2493451,es,Naripura
191995744,2493452,es,Jinakanalli
191995821,2493453,es,Gundegala
191995898,2493454,es,Mangala
191996052,2493456,es,Cananor
191996283,2493459,es,Chennelinganalli
191996360,2493460,es,Hosur
191996514,2493462,es,Maddur
191996745,2493465,es,Katnavadi
191997284,2493472,es,Chilukavadi
191997900,2493480,es,Dughatti
191997977,2493481,es,Uppinmole
191998054,2493482,es,ganaganuru
191998131,2493483,es,Yariyuru
191998439,2493487,es,Malarpalya
191998670,2493490,es,Alkeriagrahar
191998901,2493493,es,Doddamalapura
191999055,2493495,es,Ranganathapur
191999132,2493496,es,Yeragamballi
191999209,2493497,es,Dasanahundi
191999286,2493498,es,Gangavadi
191999363,2493499,es,Vadageri
191999517,2493501,es,Irasvadi
191999902,2493506,es,Ambali
191999979,2493507,es,Avalkandalli
192000287,2493511,es,Gumbahalli
192000364,2493512,es,Krishnapura
192000518,2493514,es,Surapura
192000595,2493515,es,Hosur
192000672,2493516,es,Kattepur
192000980,2493520,es,Gundapuram
192001288,2493524,es,Golzar-e Bala
192001365,2493525,es,Tagachakuppi
192001442,2493526,es,Bachenhatti
192001519,2493527,es,Adakimaranhalli
192001596,2493528,es,Vardenhalli
192001750,2493530,es,Shanboganhalli
192002058,2493534,es,Mummenhalli
192002135,2493535,es,Avalkuppe
192002289,2493537,es,Kempaguddanhalli
192002366,2493538,es,Kallur
192002443,2493539,es,Kanavanhalli
192002905,2493545,es,Melinhalli
192002982,2493546,es,Karlamangala
192003059,2493547,es,Gudahalli
192003829,2493557,es,Sulikeri
192004445,2493565,es,Margondanhalli
192005061,2493573,es,Gangenhalli
192005138,2493574,es,Jogerhalli
192005369,2493577,es,Puradpalya
192005523,2493579,es,Polohalli
192005677,2493581,es,Tyagadaripalya
192005754,2493582,es,Nagmangala
192006293,2493589,es,Dod-maskallu
192006370,2493590,es,Chik-maskallu
192006447,2493591,es,Virapura
192006524,2493592,es,Dabbaguli
192006755,2493595,es,Madapatna
192006832,2493596,es,Dod-maranhalli
192007294,2493602,es,Punmaranhalli
192007525,2493605,es,Vadhalli
192007756,2493608,es,Kolur
192007833,2493609,es,Malgondanhalli
192007987,2493611,es,Chikkolur
192008141,2493613,es,Bhimankuppe
192009142,2493626,es,Chudipura
192009373,2493629,es,Sompur
192010066,2493638,es,Gangasandra
192010143,2493639,es,Agara
192010220,2493640,es,Bairsandra
192010605,2493645,es,Bannikuppi
192010682,2493646,es,Kurbarkarenhalli
192010759,2493647,es,Dodderi
192011144,2493652,es,Ganakallu
192011221,2493653,es,Borehalli
192011298,2493654,es,Hahalhalli
192011375,2493655,es,Manchanbele
192011606,2493658,es,Chik-sulikeri
192011991,2493663,es,Gudlahalli
192012068,2493664,es,Hannekaranhalli
192012145,2493665,es,Attimagere
192012222,2493666,es,Kolamarankuppe
192012299,2493667,es,Kempavaderhalli
192012376,2493668,es,Matta
192012453,2493669,es,Gungarhalli
192012530,2493670,es,Melahalli
192012607,2493671,es,Yarahalli
192012684,2493672,es,Ibbalakhalli
192012761,2493673,es,Manmanhalli
192012992,2493676,es,Gudipalya
192013069,2493677,es,Kakramanhalli
192013223,2493679,es,Jettipalya
192013377,2493681,es,Gonipur
192013454,2493682,es,Hampapur
192013531,2493683,es,Shigehalli
192013839,2493687,es,Titthalli
192013993,2493689,es,Hallimala
192014070,2493690,es,Madapura
192014224,2493692,es,Bilgumba
192014455,2493695,es,Anchipur
192014532,2493696,es,Golzar-e Bala
192014609,2493697,es,Angarhalli
192014686,2493698,es,Kempanhalli
192014763,2493699,es,Heggadgeri
192014917,2493701,es,Dharapura
192015071,2493703,es,Mudapurkarenhalli
192015302,2493706,es,Avargeri
192015379,2493707,es,Bammochanhalli
192015456,2493708,es,Suganhalli
192015610,2493710,es,Arehalli
192015687,2493711,es,Laksandra
192015764,2493712,es,Harisandra
192016072,2493716,es,Tippur
192016226,2493718,es,Chik-kuntanhalli
192016303,2493719,es,Kodiyal Karenhalli
192016457,2493721,es,Dod-kuntanhalli
192016611,2493723,es,Banandur
192017381,2493733,es,Karadigowdandoddi
192017843,2493739,es,Bomasandra
192018074,2493742,es,Shivanegaudandoddi
192018151,2493743,es,Arekoppa
192018690,2493750,es,Gangarajhalli
192018767,2493751,es,Kotipura
192018844,2493752,es,Basavanpura
192019152,2493756,es,Kaggalhalli
192019845,2493765,es,Vaderahalli
192019922,2493766,es,Hosur
192020307,2493771,es,Chikbairamangala
192020384,2493772,es,Kodihalli
192020615,2493775,es,Kanchigaranhalli
192020846,2493778,es,Badesabidoddi
192021000,2493780,es,Mudenhalli
192021154,2493782,es,Medmaranhalli
192021539,2493787,es,Sontenahalli
192021616,2493788,es,Alalsandra
192021770,2493790,es,Dommardoddi
192021847,2493791,es,Gollahalli
192021924,2493792,es,Huchammandoddi
192022078,2493794,es,Billedoddi
192022309,2493797,es,Ramanhalli
192022540,2493800,es,Uraghalli
192022694,2493802,es,Chikarasanhalli
192022848,2493804,es,Manchegowdanpalya
192022925,2493805,es,Bennihalli
192023002,2493806,es,Annihalli
192023464,2493812,es,Dasardoddi
192023618,2493814,es,Dasarhalli
192023695,2493815,es,Kungallu
192023772,2493816,es,Hunasanhalli
192024080,2493820,es,Anjanapura
192024234,2493822,es,Krishnapurdoddi
192024311,2493823,es,Motadoddi
192024619,2493827,es,Gollardoddi
192025081,2493833,es,Kaveridoddi
192025235,2493835,es,Gendakattedoddi
192026005,2493845,es,Mudahallidoddi
192026082,2493846,es,Nagohalli
192026621,2493853,es,Kavanapura
192026852,2493856,es,Singasandra
192026929,2493857,es,Siddenhalli
192027468,2493864,es,Belaguli
192027545,2493865,es,Kadasikoppa
192027699,2493867,es,Hulagowdanhalli
192028315,2493875,es,Chujlagowdandoddi
192028777,2493881,es,Giranhalli
192029393,2493889,es,Bhimasandra
192029778,2493894,es,Dodsadenhalli
192030163,2493899,es,Yelachikatte
192030240,2493900,es,Vaderhalli
192030702,2493906,es,Paduvangere
192031010,2493910,es,Mallenhalli
192031087,2493911,es,Puradoddi
192031549,2493917,es,Bannikuppe
192031626,2493918,es,Kalegowdandoddi
192031703,2493919,es,Hottegowandoddi
192032935,2493935,es,Angarahalli
192033320,2493940,es,Hallimaranhalli
192033397,2493941,es,Kuntankaldoddi
192033474,2493942,es,Dimbadhalli
192033551,2493943,es,Gonamanhalli
192033705,2493945,es,Bandiganhalli
192033936,2493948,es,Vaddardoddi
192034013,2493949,es,Timmegowdandoddi
192034090,2493950,es,Byalalu
192034167,2493951,es,Bachahalli
192034244,2493952,es,Nelmalle
192034398,2493954,es,Chikkanhalli
192034552,2493956,es,Ammanpurdoddi
192034706,2493958,es,Belikotnur
192034937,2493961,es,Sabkere
192035322,2493966,es,Doddanahalli
192035399,2493967,es,Nanjapura
192035707,2493971,es,Gollardoddi
192036015,2493975,es,Dyavapatna
192036400,2493980,es,Bhairasettihalli
192036477,2493981,es,Singarajapur
192036631,2493983,es,Haniyur
192036862,2493986,es,Ujanhalli
192037632,2493996,es,Iyanurdoddi
192037863,2493999,es,Chudahalli
192038864,2494012,es,Udarhalli
192038941,2494013,es,Kenchikalandoddi
192039557,2494021,es,Tamsandra
192040019,2494027,es,Rayasandra
192040173,2494029,es,Varagerihalli
192040250,2494030,es,Tigalarhalli
192040404,2494032,es,adanakuppa
192040866,2494038,es,Chakanhalli
192040943,2494039,es,Gowdahalli
192041020,2494040,es,Hosahallidoddi
192041174,2494042,es,Mavathur
192041251,2494043,es,Yeranhalli
192041713,2494049,es,Thokasandra
192042098,2494054,es,Jogammanvashalli
192042252,2494056,es,Chowksandra
192042560,2494060,es,Honnahalli
192042637,2494061,es,Attihalli
192042714,2494062,es,Suranhalli
192043330,2494070,es,Palya
192043407,2494071,es,Lakkonjanhalli
192043561,2494073,es,Achalu
192043869,2494077,es,Bokipura
192044331,2494083,es,Ganiyamangal
192045178,2494094,es,Garlapura
192045255,2494095,es,Bettegaudandoddi
192045332,2494096,es,Hulibele
192045486,2494098,es,Nidgallu
192045948,2494104,es,Gollahalli
192046179,2494107,es,Doddabettahalli
192046410,2494110,es,Chikbettahalli
192046564,2494112,es,Gangaiyandoddi
192046795,2494115,es,Channasandra
192047026,2494118,es,Chellipuradoddi
192047103,2494119,es,Nerlahalli
192047180,2494120,es,Hukunda
192047334,2494122,es,Settikeredoddi
192047642,2494126,es,Attappanadoddi
192047873,2494129,es,Maralebekuppe
192048643,2494139,es,Madarhalli
192048797,2494141,es,Hosdoddi
192049182,2494146,es,Hulya
192049490,2494150,es,Gundapura
192049567,2494151,es,Nandipura
192049644,2494152,es,Marigaudandoddi
192049875,2494155,es,Kempaiyandoddi
192050029,2494157,es,Harihara
192050183,2494159,es,Uyamballi
192050414,2494162,es,Alhalli
192050568,2494164,es,Yadmaranhalli
192050645,2494165,es,Mahimanhalli
192050799,2494167,es,Makalanda
192050953,2494169,es,Dodkoppa
192051107,2494171,es,Murlethimmandoddi
192051261,2494173,es,Kemmalu
192051338,2494174,es,Honniganhalli
192051492,2494176,es,Dalvaikodihalli
192051646,2494178,es,Chikalahalli
192052108,2494184,es,Anehipuradoddi
192052185,2494185,es,Marsandra
192052262,2494186,es,Kotekoppa
192052416,2494188,es,Chikkoppa
192053032,2494196,es,Hosakeredoddi
192053340,2494200,es,Horalagallu
192053417,2494201,es,Pujaridoddi
192053571,2494203,es,Achalu
192053725,2494205,es,Sorekaidoddi
192053879,2494207,es,Morle
192054264,2494212,es,Kachavanhalli
192054341,2494213,es,Arekuttedoddi
192054418,2494214,es,Tothalli
192054572,2494216,es,Bammanhalli
192054649,2494217,es,Dalimba
192054726,2494218,es,Sasalapura
192054803,2494219,es,Kalegaudandoddi
192054880,2494220,es,Vaddardoddi
192054957,2494221,es,Halsinmaradhalli
192055034,2494222,es,Arehosahalli
192055265,2494225,es,Ravugollu
192055496,2494228,es,Sundralli
192055573,2494229,es,Banur
192055650,2494230,es,Anganapuram
192055727,2494231,es,Chikkayalur
192055958,2494234,es,Tellanur
192056574,2494242,es,Kallidoddi
192057344,2494252,es,Managalli
192057421,2494253,es,Alagumule
192057729,2494257,es,Chinchalli
192057806,2494258,es,Changavayi
192058037,2494261,es,Naganattam
192058499,2494267,es,Settalli
192058884,2494272,es,Mallaiyanapuram
192058961,2494273,es,Kenchayyandoddi
192059115,2494275,es,Ellemala
192059346,2494278,es,Ajjipura
192059423,2494279,es,Chikkamalapura
192059500,2494280,es,Mahalingankatte
192059577,2494281,es,Belattur
192059654,2494282,es,Uddanur
192059731,2494283,es,Hullepura
192059808,2494284,es,Gangadharakatte
192060116,2494288,es,Kanchalli
192060347,2494291,es,Gundapuram
192060501,2494293,es,Manchapura
192060886,2494298,es,Hosadoddi
192061040,2494300,es,Doddalattur
192061117,2494301,es,Chikkalattur
192061271,2494303,es,Shivanhalli
192061348,2494304,es,Ragihalli
192061579,2494307,es,Kadjakanhalli
192061656,2494308,es,Indlavadi
192061733,2494309,es,Tammanaikanhalli
192061887,2494311,es,Arhalli
192061964,2494312,es,Karkalgatta
192062041,2494313,es,Chikhoshalli
192062195,2494315,es,Indlawadipura
192062426,2494318,es,Chikkanhalli
192062503,2494319,es,Nosenur
192062580,2494320,es,Noshenurgolhalli
192062734,2494322,es,Aduru
192063042,2494326,es,Soppahalli
192063119,2494327,es,Kunmadivala
192063273,2494329,es,Kempavaderhalli
192063350,2494330,es,Honkalasapur
192063504,2494332,es,Sidihosakote
192063658,2494334,es,Bodarhalli
192063735,2494335,es,Sonnavara
192063889,2494337,es,Telgarhalli
192063966,2494338,es,Hompalgatta
192064197,2494341,es,Mutagatti
192064274,2494342,es,Submangala
192064890,2494350,es,Tattanhalli
192065044,2494352,es,Bestamanhalli
192065121,2494353,es,Rachmanhalli
192065275,2494355,es,Komarnapalli
192065352,2494356,es,Guddanhalli
192065583,2494359,es,Karanur
192065660,2494360,es,Kembatti
192065891,2494363,es,Onnatti
192065968,2494364,es,Muttur
192066045,2494365,es,Kallupally
192066353,2494369,es,Agraharam
192066507,2494371,es,Kotpalli
192066584,2494372,es,Binnamangalam
192066815,2494375,es,Gumlapuram
192066892,2494376,es,Uchanpalli
192067046,2494378,es,Domsandra
192067123,2494379,es,Vanakanhalli
192067200,2494380,es,Solur
192067431,2494383,es,Singasandra
192067508,2494384,es,Tammapuram
192067816,2494388,es,Gummala
192067970,2494390,es,Gummala Agraharam
192068047,2494391,es,Unisenattam
192068278,2494394,es,Sattanur
192068586,2494398,es,Belakerai
192068894,2494402,es,Chinnamadagondapalli
192069125,2494405,es,Menasiganhalli
192069587,2494411,es,Arupalli
192069664,2494412,es,Sangipalli
192069818,2494414,es,Doddaubbanur
192069895,2494415,es,Chikka Ubbanur
192069972,2494416,es,Bellur
192070126,2494418,es,Sanabhoganpalli
192070203,2494419,es,Ramaiyan Agraharam
192070511,2494423,es,Kodiyalam
192070588,2494424,es,Saragapalli
192070819,2494427,es,Nagondapalayam
192071435,2494435,es,Kallankuppe
192071512,2494436,es,Jettidoddi
192072051,2494443,es,Yalachavadi
192072205,2494445,es,Lingnapura
192072282,2494446,es,Gollardoddi
192072513,2494449,es,Devarhalli
192072590,2494450,es,Kulmedoddi
192073206,2494458,es,Anehoshalli
192073437,2494461,es,Marasarhalli
192073514,2494462,es,Avaremal
192073668,2494464,es,Vaderhalli
192073745,2494465,es,Banavasi
192073976,2494468,es,Konasandra
192074207,2494471,es,Dyavasandra
192074284,2494472,es,Gadaranhalli
192074592,2494476,es,Kolagundi
192075054,2494482,es,Kamlapur
192075131,2494483,es,Naripura
192075208,2494484,es,Attiguppe
192075593,2494489,es,Kurubarapalli
192075824,2494492,es,Bairagondapalli
192075978,2494494,es,Chinnatogari
192076055,2494495,es,Mallasandram
192076209,2494497,es,Kunchigarapalaiyam
192076363,2494499,es,Talikottanur
192076671,2494503,es,Dinnur
192076825,2494505,es,Nallasandiram
192076979,2494507,es,Kottanaghraharam
192077210,2494510,es,Kunchena Agraharam
192077441,2494513,es,Sadinayakkanapalli
192077903,2494519,es,Lingapuram
192078057,2494521,es,Anniyalam
192078134,2494522,es,Nagireddipalayam
192078365,2494525,es,Saranapalli
192078442,2494526,es,Ballapalli
192078673,2494529,es,Nerlatti
192078904,2494532,es,Sholapuram
192079058,2494534,es,Goliahalli
192079135,2494535,es,Beliam
192079366,2494538,es,Arupalli
192079520,2494540,es,Dasedoddi
192079751,2494543,es,Nellumaru Agraharam
192079905,2494545,es,Malasandiram
192079982,2494546,es,Kurubarapalli
192080059,2494547,es,Ubbarayanapalli
192080136,2494548,es,Kambattipalli
192080213,2494549,es,Settipalli
192080444,2494552,es,Avarehalli Agraharam
192080598,2494554,es,Ramandoddi
192080752,2494556,es,Kempathipalli
192080906,2494558,es,Malgammandoddi
192081676,2494568,es,Chudasandiram
192081830,2494570,es,Achchubalu
192082600,2494580,es,Basvanapalli
192082754,2494582,es,Agalakotta
192083139,2494587,es,Medumutukottai
192083447,2494591,es,Kanavanapalli
192083524,2494592,es,Elasetti
192083601,2494593,es,Gendiganapalli
192083678,2494594,es,Papireddipalaiyam
192083986,2494598,es,Takkasela
192084063,2494599,es,Kanchupadu
192084217,2494601,es,Panchalingala
192084294,2494602,es,Munagalapadu
192084371,2494603,es,Mamidalapadu
192084910,2494610,es,Joharapuram
192085141,2494613,es,Dinnedevarapadu
192085372,2494616,es,Banditandrapadu
192085449,2494617,es,Rudravaram
192085757,2494621,es,Nandanapalli
192086065,2494625,es,Doddipadu
192086373,2494629,es,Kasipur
192086604,2494632,es,Emampur
192086681,2494633,es,Linganavai
192086758,2494634,es,Kyatur
192086835,2494635,es,Bhimavaram
192086989,2494637,es,Bukkapuram
192087066,2494638,es,Rollampadu
192087143,2494639,es,Singavaram
192087220,2494640,es,Sultanpur
192087297,2494641,es,Pudur
192087374,2494642,es,Devamada
192087451,2494643,es,Masapeta
192087605,2494645,es,Diguvapadu
192087682,2494646,es,Brahmanakotkur
192087759,2494647,es,Kollabavapuram
192087836,2494648,es,Vadamanu
192087913,2494649,es,Konetammapalli
192087990,2494650,es,Allur
192088221,2494653,es,Solipuram
192088452,2494656,es,Malyala
192088529,2494657,es,Bollavaram
192088606,2494658,es,Damagatla
192088760,2494660,es,Paipalem
192088837,2494661,es,Kadumur
192088914,2494662,es,Sitarampuram
192089068,2494664,es,Chik Maralvadi
192089915,2494675,es,Halaiyur
192090146,2494678,es,Indiganatha
192090300,2494680,es,Marur
192090377,2494681,es,Girhatti
192090531,2494683,es,Ponnachchi
192090608,2494684,es,ma'shura'
192090685,2494685,es,Chengadi
192091609,2494697,es,Pikkilivanipalli
192091686,2494698,es,Chinnakolumalapalle
192091840,2494700,es,Gutupalle
192091917,2494701,es,Nagamallakunta
192091994,2494702,es,Bukkapuram
192092071,2494703,es,Kottapalle
192092302,2494706,es,Peddatekuru
192092456,2494708,es,Tadakanapalle
192092687,2494711,es,Bodduvanipalle
192092764,2494712,es,Yaparlapadu
192092841,2494713,es,Pullagummi
192092918,2494714,es,Kristnapuram
192092995,2494715,es,Sarafarajapuram
192093072,2494716,es,Narasapuram
192093149,2494717,es,Timmapuram
192093226,2494718,es,Marrikunta
192093380,2494720,es,Venkatagiri
192093457,2494721,es,Balapuram
192093534,2494722,es,Repalle
192093688,2494724,es,Siddanagattu
192093765,2494725,es,Lingalapalli
192093842,2494726,es,Bukkapuram
192093919,2494727,es,Kalugotla
192093996,2494728,es,Loddipalle
192094073,2494729,es,Midivemula
192094150,2494730,es,Puricherla
192094304,2494732,es,Uppalapadu
192094535,2494735,es,Palakolanu
192094612,2494736,es,Chintalapalli
192094766,2494738,es,Rudravaram
192095151,2494743,es,Sitarampuram
192095228,2494744,es,Venkatapuram
192095382,2494746,es,Komarolu
192095536,2494748,es,Somyajulapalle
192095613,2494749,es,Husainpuram
192095690,2494750,es,Guttapadu
192095767,2494751,es,Kannamadakala
192095844,2494752,es,Ketavaram
192095921,2494753,es,Kalavandalapadu
192095998,2494754,es,Gudipadu
192096229,2494757,es,Sekunala
192096306,2494758,es,Tippayapalle
192096383,2494759,es,Brahmanapalle
192096614,2494762,es,Tammarajupalle
192096691,2494763,es,Kottala
192096845,2494765,es,Vajragiri
192096922,2494766,es,Mangampeta
192096999,2494767,es,Peddarajupalem
192097076,2494768,es,Gulamaliabad
192097230,2494770,es,Ambapuram
192097461,2494773,es,Papasanikottala
192097538,2494774,es,Musalayacheruvu
192097615,2494775,es,Kolumulapalle
192097769,2494777,es,Katikavanikunta
192097923,2494779,es,Jwalapuram
192098000,2494780,es,Krishnagiri
192098077,2494781,es,Cherlokotturu
192098154,2494782,es,Ramavaram
192098308,2494784,es,Konapuram
192098385,2494785,es,Lingambadi
192098462,2494786,es,Madasupalle
192098539,2494787,es,Yagantipalle
192098616,2494788,es,Mirapuram
192098693,2494789,es,Patapadu
192098770,2494790,es,Erragudi
192098847,2494791,es,Gollagutta
192099001,2494793,es,Bugganipalle
192099232,2494796,es,Husainpuram
192099386,2494798,es,Battalurupadu
192099463,2494799,es,Bhanumukkala
192099540,2494800,es,Rallakotturu
192099617,2494801,es,Tambadapalle
192099694,2494802,es,Gokuladinne
192099771,2494803,es,Jambuladinne
192099848,2494804,es,Mittapalle
192099925,2494805,es,Venkatapuram
192100002,2494806,es,Kandikayapalli
192100156,2494808,es,Kunukuntla
192100310,2494810,es,Kondamanayanipalli
192100387,2494811,es,Junutula
192100695,2494815,es,Tummalapenta
192100772,2494816,es,Ayyavaripalle
192100926,2494818,es,Bhogasamudram
192101003,2494819,es,Bandariapalle
192101080,2494820,es,Madanantapuram
192101157,2494821,es,Chintalayapalle
192101311,2494823,es,Abdullapuram
192101465,2494825,es,Kanakadripalli
192101542,2494826,es,Petnikota
192101696,2494828,es,Mettupalle
192101850,2494830,es,Cherlopalle
192101927,2494831,es,Ramapuram
192102081,2494833,es,Itikala
192102158,2494834,es,Boyalatatipatri
192102235,2494835,es,Kalvatala
192102389,2494837,es,Mirjapuram
192102543,2494839,es,Chanugondla
192102620,2494840,es,Singanapalle
192102697,2494841,es,Chennampalle
192102851,2494843,es,Nichenametla
192102928,2494844,es,Annavaram
192103005,2494845,es,Ragavarajupuram
192103082,2494846,es,Gullasingavaram
192103159,2494847,es,Nilugondla
192103236,2494848,es,Vemulapadu
192103313,2494849,es,Sivavaram
192103390,2494850,es,Vasantapuram
192103467,2494851,es,Akumalla
192103621,2494853,es,Sunkesula
192103775,2494855,es,Kotapadu
192103929,2494857,es,Peddaventurla
192104006,2494858,es,Kammavaripalli
192104083,2494859,es,Ramabhadrapalle
192104160,2494860,es,Reddipalle
192104237,2494861,es,Alvakonda
192104314,2494862,es,Bondeladinne
192104391,2494863,es,Kamalapuri
192104468,2494864,es,Hotramandinne
192104622,2494866,es,Bestavemula
192104699,2494867,es,Vaddirala
192104776,2494868,es,Golla Uppalapadu
192104853,2494869,es,Jangalapalle
192104930,2494870,es,Konaanantapuram
192105007,2494871,es,Madireddipalli
192105084,2494872,es,Ponnampalle
192105161,2494873,es,Malamidikambaladinne
192105238,2494874,es,Lingapuram
192105315,2494875,es,Nelanutala
192105931,2494883,es,Mailavaram
192106008,2494884,es,Veparala
192106162,2494886,es,Torrivemula
192106239,2494887,es,Gangunarayanapalle
192106470,2494890,es,Chinnakomarla
192106547,2494891,es,Dugganappalle
192106624,2494892,es,Nawabpet
192106701,2494893,es,Madhavapuram
192106778,2494894,es,Kammavaripalle
192106855,2494895,es,Regadapalle
192106932,2494896,es,Ayyavarikambaladinne
192107009,2494897,es,Kallutla
192107086,2494898,es,Bhutamapuram
192107163,2494899,es,Bhimagundam
192107240,2494900,es,Peddakomerla
192107394,2494902,es,Bodupalle
192107548,2494904,es,Salevariuppalapadu
192107702,2494906,es,Dommaranandyala
192107779,2494907,es,Moragudi
192107933,2494909,es,Ponnatota
192108010,2494910,es,Gudemcheruvu
192108087,2494911,es,Purvabommepalle
192108164,2494912,es,Vemaguntapalle
192108241,2494913,es,Ambavaram
192108395,2494915,es,Kottakuntapalle
192108472,2494916,es,Chitimitichintala
192108626,2494918,es,Sunnapurallapalle
192108703,2494919,es,Peddandlur
192108780,2494920,es,Danavulapadu
192108857,2494921,es,Dharmapuram
192109165,2494925,es,Goriganur
192109319,2494927,es,Chinnapasupula
192109473,2494929,es,Boditippanapadu
192109627,2494931,es,Balapanaguduru
192109704,2494932,es,Garisaluru
192109781,2494933,es,Tsidipiralladinne
192110012,2494936,es,Ulavapalle
192110089,2494937,es,Kakarenupalle
192110243,2494939,es,Devagudi
192110320,2494940,es,Rangasaipuram
192110474,2494942,es,Sunkarapuram
192110551,2494943,es,Sirigepalle
192110628,2494944,es,Devanur
192110782,2494946,es,Chintalapalle
192110859,2494947,es,Khajipet
192111013,2494949,es,Pinnapuram
192111552,2494956,es,Manchalakatta
192111629,2494957,es,Jalakanur
192111783,2494959,es,Sunkesula
192111860,2494960,es,Rollapadu
192111937,2494961,es,Alaganur
192112014,2494962,es,Talamudipi
192112091,2494963,es,Bollavaram
192112168,2494964,es,Gorakallu
192112245,2494965,es,Kondajutur
192112476,2494968,es,Balapanur
192112553,2494969,es,Rayamalpuram
192112630,2494970,es,Polur
192112707,2494971,es,Munagala
192112861,2494973,es,Durvesi
192112938,2494974,es,Koratamaddi
192113092,2494976,es,Chindukuru
192113169,2494977,es,Grandivemula
192113246,2494978,es,Bujanur
192113323,2494979,es,Gadivemula
192113400,2494980,es,Bilakalaguduru
192113477,2494981,es,Korrapolur
192113554,2494982,es,Vanala
192113631,2494983,es,Allagadda
192113708,2494984,es,Maddur
192113785,2494985,es,Pesaravayi
192113862,2494986,es,Yerragunta
192113939,2494987,es,Pulimaddi
192114016,2494988,es,Penchikalapalli
192114170,2494990,es,Palkur
192114247,2494991,es,Cherupalle
192114324,2494992,es,Biravolu
192114401,2494993,es,Timmapuram
192114478,2494994,es,Pendalapuram
192114555,2494995,es,Vitlapuram
192114632,2494996,es,Sankalapuram
192114709,2494997,es,Appalapuram
192114940,2495000,es,Gulam Nabipeta
192115017,2495001,es,Amadala
192115094,2495002,es,Bijinivemula
192115171,2495003,es,Joladarasi
192115325,2495005,es,Kalugotla
192115479,2495007,es,Peddakopperla
192115633,2495009,es,Chinnakopperla
192115710,2495010,es,Vallampadu
192115787,2495011,es,Gaggatur
192115864,2495012,es,Kotturu
192115941,2495013,es,Jillella
192116018,2495014,es,Gonavaram
192116095,2495015,es,Alamur
192116172,2495016,es,Bhupanapadu
192116249,2495017,es,Konidedu
192116326,2495018,es,Neravada
192116480,2495020,es,Togarchedu
192116557,2495021,es,Maddur
192116634,2495022,es,Brahmanapalle
192116711,2495023,es,Pusulur
192116788,2495024,es,Anupur
192116865,2495025,es,Mitnala
192116942,2495026,es,Guntanala
192117019,2495027,es,Tellapuri
192117173,2495029,es,Vantivelagala
192117250,2495030,es,Gundupapala
192117327,2495031,es,Idioma lingala
192117404,2495032,es,Krishnapuram
192117481,2495033,es,Govindinne
192117635,2495035,es,Jinepalle
192117712,2495036,es,Yalluru
192117789,2495037,es,Kotapadu
192117866,2495038,es,Jillela
192117943,2495039,es,Pasurupadu
192118020,2495040,es,Julepalle
192118097,2495041,es,Nagulavaram
192118174,2495042,es,Chintakunta
192118251,2495043,es,Kanala
192118328,2495044,es,Revanur
192118405,2495045,es,Udumalpuram
192118482,2495046,es,Chabolu
192118636,2495048,es,Sambavaram
192118713,2495049,es,Kanalapalle
192118790,2495050,es,Kaminenipalle
192118867,2495051,es,Vanikemdinne
192118944,2495052,es,Gumperumanudinne
192119021,2495053,es,Rayapadu
192119098,2495054,es,Gospadu
192119252,2495056,es,Natlakotturu
192119329,2495057,es,Velagatur
192119483,2495059,es,Mudigodu
192119714,2495062,es,Muchchelapuri
192119791,2495063,es,Kanala
192119868,2495064,es,Mangapalle
192119945,2495065,es,Lingamdinne
192120022,2495066,es,Giddalur
192120099,2495067,es,Mikkinenipalle
192120176,2495068,es,Lakshmipalli
192120253,2495069,es,Chinnavenuturla
192120330,2495070,es,Diguvakalvatala
192120407,2495071,es,Papayapalle
192120484,2495072,es,Kondasunkesula
192120561,2495073,es,Tudumaladinne
192120715,2495075,es,Gulladurti
192120792,2495076,es,Pottipadu
192120869,2495077,es,Gunzalapadu
192121023,2495079,es,Bhimunipadu
192121100,2495080,es,Kampamalla
192121177,2495081,es,Krishtipadu
192121254,2495082,es,Harivaram
192121331,2495083,es,Narsepalle
192121408,2495084,es,Padigapadu
192121485,2495085,es,Suddamalla
192121562,2495086,es,Rupanagudi
192121639,2495087,es,Govindapalle
192121870,2495090,es,Palur
192121947,2495091,es,Nagarajupalle
192122101,2495093,es,Kakarawada
192122255,2495095,es,Bodemmanur
192122332,2495096,es,Injedu
192122409,2495097,es,Papampalle
192122486,2495098,es,Chakarajuvemula
192122563,2495099,es,Burrareddipalle
192122640,2495100,es,Dornipadu
192122794,2495102,es,Arjunapuram
192122871,2495103,es,Kondapuram
192123025,2495105,es,Gopalapuram
192123256,2495108,es,Lingamdinne
192123333,2495109,es,Kondupalle
192123410,2495110,es,Sarvayapalle
192123487,2495111,es,Patakandukuru
192123564,2495112,es,Suddapalle
192123641,2495113,es,Reddivarijambuladinne
192123718,2495114,es,Allur
192123872,2495116,es,Avulapalli
192123949,2495117,es,Brahmanapalle
192124026,2495118,es,Uppalur
192124103,2495119,es,Gotlur
192124180,2495120,es,Kalugotlapalle
192124257,2495121,es,Gopayapalle
192124334,2495122,es,Vellala
192124411,2495123,es,Mallavemula
192124488,2495124,es,Kummarapalli
192124565,2495125,es,Paidela
192124642,2495126,es,Daddanala
192124719,2495127,es,Parlapadu
192124796,2495128,es,Ramachandrapuram
192124873,2495129,es,Arakatavemula
192124950,2495130,es,Chinnasettipalle
192125027,2495131,es,Pottipadu
192125104,2495132,es,Peddasettipalle
192125258,2495134,es,Ramapuram
192125489,2495137,es,Nagayapalle
192125566,2495138,es,Chennamarajupalle
192125643,2495139,es,Chenchupalli
192125720,2495140,es,Gopavaram
192125797,2495141,es,Nakkaladinne
192125874,2495142,es,Rajupalem
192125951,2495143,es,Ayyavaripalle
192126028,2495144,es,Somapuram
192126105,2495145,es,Vengalayapalli
192126182,2495146,es,Gadegudur
192126336,2495148,es,Kottala
192126413,2495149,es,Settividu
192126567,2495151,es,Madduru
192126644,2495152,es,Mudurlapalle
192126721,2495153,es,Chintalacheruvu
192126798,2495154,es,Kolamalapeta
192126875,2495155,es,Peddavengali
192127029,2495157,es,Narayanapalli
192127106,2495158,es,Madirepalle
192127183,2495159,es,Balayapalle
192127260,2495160,es,Peddasinganapalli
192127414,2495162,es,Manerampalle
192127491,2495163,es,Nilapuram
192127645,2495165,es,Dasaripalle
192127722,2495166,es,Gollapalle
192127799,2495167,es,Lingaladinne
192127953,2495169,es,Bayanapalli
192128030,2495170,es,Morrayapalle
192128107,2495171,es,Timmavapalle
192128184,2495172,es,Konayapalli
192128261,2495173,es,Krishnapuram
192128338,2495174,es,Siddareddipalle
192128492,2495176,es,Gollapalle
192128569,2495177,es,Chinnasinganapalle
192128646,2495178,es,Katikepalle
192128723,2495179,es,Ganjikunta
192128800,2495180,es,Uchalavaram
192128954,2495182,es,Ramapuram
192129031,2495183,es,Gaddamayapalle
192129185,2495185,es,Venkupalli
192129262,2495186,es,Velavali
192129493,2495189,es,Eruvapalem
192129570,2495190,es,Nelaturu
192129801,2495193,es,Kamanur
192129878,2495194,es,Gopalapuram
192129955,2495195,es,Chinnavengali
192130032,2495196,es,Krishnampalli
192130109,2495197,es,Bayanapalli
192130186,2495198,es,Idamadaka
192130263,2495199,es,Uppalapadu
192130340,2495200,es,Kanagudur
192130648,2495204,es,Tangatur
192130725,2495205,es,Jillela
192130879,2495207,es,Bukkayapalli
192131110,2495210,es,Nagayapalli
192131187,2495211,es,Bhimanapadu
192131264,2495212,es,Gudipadu
192131495,2495215,es,Annavaram
192131649,2495217,es,Madur
192131726,2495218,es,Vengannagaripalle
192131803,2495219,es,Machanapalle
192131880,2495220,es,Bankachinnayapalle
192132111,2495223,es,Repalle
192132188,2495224,es,Basireddipalle
192132496,2495228,es,Velagalapalle
192132573,2495229,es,Pandillapalle
192132650,2495230,es,Gonampalli
192132727,2495231,es,Peddakambaluru
192133112,2495236,es,Srirangapuram
192133343,2495239,es,Timmapuram
192133420,2495240,es,Basavapuram
192133497,2495241,es,Bukkapuram
192133574,2495242,es,Gazulapalle
192133651,2495243,es,Mahadevapuram
192133805,2495245,es,Kottur
192133882,2495246,es,Kotakonda
192133959,2495247,es,Ellavattula
192134036,2495248,es,Kottala
192134113,2495249,es,Gangavaram
192134190,2495250,es,Gopavaram
192134267,2495251,es,Kottalapalli
192134344,2495252,es,Biravolu
192134498,2495254,es,Chennur
192134652,2495256,es,Erragudidinne
192134883,2495259,es,Kondamayapalle
192134960,2495260,es,Chinnakambaluru
192135037,2495261,es,Perur
192135114,2495262,es,Erraguntla
192135191,2495263,es,Dibaguntla
192135268,2495264,es,Nandipalle
192135422,2495266,es,Masidupuram
192135499,2495267,es,Motakalapalle
192135730,2495270,es,Kottala
192135807,2495271,es,Tammadapalle
192135884,2495272,es,Bollavaram
192135961,2495273,es,Billalapuram
192136115,2495275,es,Zangalapalle
192136192,2495276,es,Nelampadu
192136269,2495277,es,Peddabodanam
192136500,2495280,es,Todendlapalle
192136577,2495281,es,Chakravatulapalle
192136654,2495282,es,Dantlavanipenta
192136808,2495284,es,Rampalle
192136885,2495285,es,Chintakommadinne
192136962,2495286,es,Godigenuru
192137193,2495289,es,Mittapalle
192137270,2495290,es,Kondampalli
192137424,2495292,es,Marripalli
192137501,2495293,es,Krishnapuram
192137578,2495294,es,Bachepalle
192137655,2495295,es,Tallalingamdinne
192137809,2495297,es,Tuvvapalli
192137963,2495299,es,Obulampalle
192138117,2495301,es,Narasapuram
192138194,2495302,es,Timmanapalle
192138271,2495303,es,Alamur
192138425,2495305,es,Mukundapuram
192138579,2495307,es,Padakandla
192138733,2495309,es,Bachapuram
192138810,2495310,es,Jambuladinne
192138887,2495311,es,Kotakandukuru
192138964,2495312,es,Palasagaram
192139041,2495313,es,Yadavada
192139349,2495317,es,Chandluru
192139657,2495321,es,Nakkaladinne
192139734,2495322,es,Reddipalle
192139811,2495323,es,Gubagundam
192140119,2495327,es,Nallagatla
192140196,2495328,es,Bollupalle
192140350,2495330,es,Rangapuram
192140427,2495331,es,Papinenipalli
192140581,2495333,es,Narayanapalli
192140735,2495335,es,Donakonda
192141197,2495341,es,Chinnaganipalle
192141274,2495342,es,Chollavidu
192141428,2495344,es,Akkapalle
192141505,2495345,es,Turimella
192141582,2495346,es,Nilapuram
192141736,2495348,es,Rahnama Mahalleh
192141890,2495350,es,Lingapuram
192141967,2495351,es,Singampalle
192142275,2495355,es,Tummalapalle
192142352,2495356,es,Gopavarampalle
192142583,2495359,es,Bedusupalle
192142891,2495363,es,Reddicherla
192142968,2495364,es,Mallareddipalle
192143122,2495366,es,Diguvatamballapalle
192143353,2495369,es,Reddipalle
192143507,2495371,es,Brahmanapalle
192143584,2495372,es,Singarayapalle
192143661,2495373,es,Rajupalem
192143892,2495376,es,Dulamvaripalle
192144123,2495379,es,Pataramapuram
192144200,2495380,es,Siddhamurtipalle
192144431,2495383,es,Pendlimarri
192144508,2495384,es,Mahanandipalle
192144585,2495385,es,Pullareddypalle
192144662,2495386,es,Musalreddipalle
192144739,2495387,es,Akkivaripalli
192144816,2495388,es,Mamillapalle
192144970,2495390,es,Nalagondapalle
192145047,2495391,es,Lingareddipalle
192145124,2495392,es,Mudireddipalli
192145201,2495393,es,Varikunta
192145278,2495394,es,Nayunipalle
192145355,2495395,es,Akulanarayanapalli
192145432,2495396,es,Balayapalle
192145509,2495397,es,Gontuvaripalie
192145586,2495398,es,Ganganapalle
192145663,2495399,es,Uppalur
192145817,2495401,es,Narasannapalle
192145894,2495402,es,Mulapalle
192145971,2495403,es,Balarajupalli
192146048,2495404,es,Narasapuram
192146202,2495406,es,Obulapuram
192146279,2495407,es,Rampadu
192146356,2495408,es,Pidugupalli
192146433,2495409,es,Pittigunta
192146510,2495410,es,Akkisiddapalle
192146587,2495411,es,Balijepalle
192146664,2495412,es,Mudumvaripalle
192146741,2495413,es,Markapuram
192146818,2495414,es,Jotivaripalle
192146895,2495415,es,Sankavaram
192147126,2495418,es,Kondrajupalle
192147203,2495419,es,Basanapalle
192147357,2495421,es,Chennavaram
192147665,2495425,es,Chintalapalle
192147742,2495426,es,Brahmanapalle
192147819,2495427,es,Gosuvaripalli
192147896,2495428,es,Kaverisamudram
192147973,2495429,es,Sazzaladinne
192148127,2495431,es,Vankatareddipalle
192148281,2495433,es,Guddalagattapalle
192148435,2495435,es,Talaricheruvu
192148512,2495436,es,Urachintala
192148589,2495437,es,Korumanipalle
192148666,2495438,es,Tallamadugu
192148743,2495439,es,Ummayapalle
192148974,2495442,es,Erragudi
192149051,2495443,es,Dhannavada
192149205,2495445,es,Nakkavanipalle
192149282,2495446,es,Mukkabalapalle
192149513,2495449,es,Gannevaripalle
192149590,2495450,es,Chillavaripalle
192149667,2495451,es,Akkannapale
192149744,2495452,es,Aluru
192149898,2495454,es,Velamakur
192149975,2495455,es,Bodepalle
192150129,2495457,es,Muragampalle
192150283,2495459,es,Dabbudapalle
192150437,2495461,es,Ramachandrayapalle
192150514,2495462,es,Boggulakatta
192150591,2495463,es,Dhodiyam
192150668,2495464,es,Tippareddipalle
192150745,2495465,es,Gandlapadu
192150822,2495466,es,Potureddipalle
192150976,2495468,es,Tummalapuram
192151053,2495469,es,Kondepalli
192151130,2495470,es,Vanganur
192151207,2495471,es,Vurapuram
192151284,2495472,es,Bondeladinne
192151361,2495473,es,Sugumanchipalle
192151438,2495474,es,Sankepalli
192151592,2495476,es,Erragudi
192151669,2495477,es,Chamaluru
192151746,2495478,es,Thallaproddatur
192151823,2495479,es,Faqirpeta
192151900,2495480,es,Dattapuram
192151977,2495481,es,Bukkapatnam
192152131,2495483,es,Ragikunta
192152285,2495485,es,Takkallapalle
192152362,2495486,es,Goparazupalle
192152439,2495487,es,Vengannapalle
192152516,2495488,es,Konavaripalli
192152747,2495491,es,Chavvanagayapalli
192153055,2495495,es,Buruzupalle
192153132,2495496,es,Beduduru
192153209,2495497,es,Ramireddipalle
192153286,2495498,es,Venkatapuram
192153363,2495499,es,Eturu
192153440,2495500,es,Nedarpet
192153594,2495502,es,Gangapuram
192153671,2495503,es,Repalle
192153825,2495505,es,Obannapeta
192154133,2495509,es,Jogapuram
192154210,2495510,es,Vemulapatte
192154287,2495511,es,Enumalachintala
192154364,2495512,es,Pottipadu
192154518,2495514,es,Anantapuram
192154672,2495516,es,Korrapadu
192154749,2495517,es,Cintalapalle
192154826,2495518,es,Achutapuram
192154903,2495519,es,Chilamakuru
192154980,2495520,es,Tirumalapuram
192155134,2495522,es,Nitturu
192155365,2495525,es,Venkatadripalli
192155442,2495526,es,Paluru
192155519,2495527,es,Kacherlakunta
192155596,2495528,es,Chennamanenipalle
192155673,2495529,es,Lingamanenipalle
192155750,2495530,es,Donkupalli
192155904,2495532,es,Timmapuram
192155981,2495533,es,Chevvaripalle
192156135,2495535,es,Raghavapuram
192156212,2495536,es,Obulapuram
192156289,2495537,es,Peddanapalle
192156443,2495539,es,Devatapuram
192156520,2495540,es,Gangadevipalle
192156597,2495541,es,Aravedu
192156674,2495542,es,Mallagundla
192156751,2495543,es,Lingareddipalle
192156828,2495544,es,Kodumurti
192156982,2495546,es,Gaddamvaripalli
192157059,2495547,es,Duggupalli
192157136,2495548,es,Vennapusapalle
192157213,2495549,es,Krishnapuram
192157290,2495550,es,Jangamupalle
192157367,2495551,es,Patapalle
192157521,2495553,es,Nandyalapalle
192157598,2495554,es,Musalreddipalle
192157675,2495555,es,Sunkesula
192157752,2495556,es,Teliki
192157829,2495557,es,Jangamreddipalle
192157906,2495558,es,Ahobilapuram
192158060,2495560,es,Goddumarri
192158214,2495562,es,Singavaram
192158291,2495563,es,Chintakayamanda
192158368,2495564,es,Kalluru
192158445,2495565,es,Venkatampalli
192158522,2495566,es,Gurjala
192158599,2495567,es,Bidinamcherla
192158753,2495569,es,Himakunta
192158830,2495570,es,Nidivelagala
192158907,2495571,es,Agraharam
192158984,2495572,es,Kasanur
192159061,2495573,es,Duddekunta
192159138,2495574,es,Kadapanagayyapalle
192159215,2495575,es,Lomada
192159369,2495577,es,Ravulakolanu
192159523,2495579,es,Bhadrampalle
192159600,2495580,es,Tatireddipalle
192159677,2495581,es,Velidandla
192159831,2495583,es,Karnapapayapalle
192159908,2495584,es,Cherlopalle
192159985,2495585,es,Ankevamipalle
192160062,2495586,es,Bonala
192160139,2495587,es,Ramapuram
192160293,2495589,es,Kamasamudram
192160370,2495590,es,Ankalammagudur
192160909,2495597,es,Kottapalle
192160986,2495598,es,Nakkatapalle
192161063,2495599,es,Madur
192161217,2495601,es,Yindukuru
192161371,2495603,es,Diguvapalle
192161448,2495604,es,Murarichintala
192161525,2495605,es,Lopatanutula
192161602,2495606,es,Gunakanepalle
192161756,2495608,es,Bapanakunta
192161910,2495610,es,Al Lamad
192161987,2495611,es,Badavandlapalle
192162064,2495612,es,Polamvandlapalle
192162141,2495613,es,Nagareddipalle
192162218,2495614,es,Erravankapalle
192162449,2495617,es,Charupalle
192162526,2495618,es,Reddigaripalle
192162603,2495619,es,Chippalamadugu
192162757,2495621,es,Kalasamudram
192162834,2495622,es,Machireddipalle
192162911,2495623,es,Chinnakudala
192162988,2495624,es,Peddakudala
192163142,2495626,es,Thernampalle
192163373,2495629,es,Ippatla
192163450,2495630,es,Chinnarangapuram
192163604,2495632,es,Dondlavagu
192163835,2495635,es,Peddarangapuram
192163912,2495636,es,Ratsamarripalle
192164143,2495639,es,Krishnamagaripalle
192164374,2495642,es,Nakkalapalli
192164451,2495643,es,Dorigallu
192164528,2495644,es,Timmanayanipalem
192164605,2495645,es,Ambakapalle
192164682,2495646,es,Nallakondavaripalle
192164836,2495648,es,Erraballa
192165067,2495651,es,Brahmanapalle
192165144,2495652,es,Venkatapuram
192165375,2495655,es,Basireddipalle
192165452,2495656,es,Erikereddipalle
192165529,2495657,es,Guttakindapalli
192165606,2495658,es,Akutotapalle
192165837,2495661,es,Peddannagaripalli
192165914,2495662,es,Tappetavaripalle
192165991,2495663,es,Ramareddipalle
192166068,2495664,es,Vengayyagaripalle
192166145,2495665,es,Diguvapalle
192166607,2495671,es,Kondapuram
192166838,2495674,es,Chintalaiyyagaripalle
192166915,2495675,es,Sanevaripalle
192167146,2495678,es,Devaragudipalle
192167223,2495679,es,Katireddipalle
192167454,2495682,es,Malakavemula
192167762,2495686,es,Chinnapalle
192167839,2495687,es,Udumulakurti
192167993,2495689,es,Virappagaripalle
192168070,2495690,es,Mamillavaripalli
192168147,2495691,es,Burujupalle
192168224,2495692,es,Siddugaripalle
192168301,2495693,es,Kottapalle
192168378,2495694,es,Lakkasamudram
192168609,2495697,es,Madanagaripalle
192168686,2495698,es,Gondipalle
192168763,2495699,es,Subbannaguntapalle
192168840,2495700,es,Gollapalle
192168994,2495702,es,Chenchugaripalli
192169071,2495703,es,Kondaguttapalle
192169302,2495706,es,Kurli
192169533,2495709,es,Odulapalle
192169764,2495712,es,Dampalle
192169841,2495713,es,Batrepalle
192169995,2495715,es,Alampur
192170226,2495718,es,Pulagurapalle
192170457,2495721,es,Goprpalle
192170765,2495725,es,Tippayyagaripalle
192170919,2495727,es,Kottapalle
192170996,2495728,es,Kottapalle
192171150,2495730,es,Erradoddi
192171766,2495738,es,Kadirikuntlapalli
192171843,2495739,es,Pandulakunta
192171920,2495740,es,Chalamkuntlapalle
192172459,2495747,es,Godduvelagala
192172767,2495751,es,Mustipalli
192172921,2495753,es,Palavandlapalle
192172998,2495754,es,Narasappagaripalle
192173075,2495755,es,Vankalopalli
192173614,2495762,es,Tummalabayalu
192173922,2495766,es,Donnikota
192174076,2495768,es,Boggulapalli
192174153,2495769,es,Subbarayanipalle
192174230,2495770,es,Gudamakulapalle
192174307,2495771,es,Erracheruvupalli
192174461,2495773,es,Pulagampalle
192174615,2495775,es,Mutyalacheruvu
192174769,2495777,es,Kondamanayanipalem
192174923,2495779,es,Battulapalle
192175770,2495790,es,Motukupalle
192175847,2495791,es,Gangannagaripalle
192175924,2495792,es,Kamatampalle
192176001,2495793,es,Maddivaripalle
192176078,2495794,es,Maddivarigondi
192176155,2495795,es,Jurukuvaripalle
192176463,2495799,es,Dasarivandlapalli
192177002,2495806,es,Kattarupalle
192177079,2495807,es,Diguvapalle
192177156,2495808,es,Mukkandlavarikottapalle
192177310,2495810,es,Obuladevarcheruvu
192177387,2495811,es,Narappagaripalle
192177541,2495813,es,Settivaripalle
192177772,2495816,es,Mallapalli
192177926,2495818,es,Kavalivandlapalle
192178003,2495819,es,Mittapalli
192178080,2495820,es,Ingaluru
192178388,2495824,es,Diguvapalle
192178465,2495825,es,Malliagaripalle
192178542,2495826,es,Kottapalle
192178696,2495828,es,Kadiri Brahmanapalle
192178850,2495830,es,Badavandlapalli
192179004,2495832,es,Cherlopalli
192179158,2495834,es,Tavalamarri
192179312,2495836,es,Diguvapalle
192179466,2495838,es,Tellaguttapalle
192179697,2495841,es,Pantulacheruvu
192179774,2495842,es,Allugundu
192179851,2495843,es,Mulakalapalle
192180236,2495848,es,Jogannapeta
192180313,2495849,es,Bommireddipalle
192180467,2495851,es,Polavandlapalle
192180544,2495852,es,Eguvapalle
192180698,2495854,es,Chamachenibayalu
192180929,2495857,es,Pulikuntapalle
192181160,2495860,es,Marevandlapalle
192181237,2495861,es,Nallaguntlapalli
192181391,2495863,es,Tummalakuntlapalle
192181622,2495866,es,Maddimadugu
192181930,2495870,es,Payelavaripalle
192182084,2495872,es,Enumulavandlapalle
192182315,2495875,es,Misalavandlapalle
192182700,2495880,es,Savisettipalle
192182777,2495881,es,Itugullapadu
192182931,2495883,es,Kesavanayunikottala
192183008,2495884,es,Vankamarri
192183085,2495885,es,Siddayapalli
192183162,2495886,es,Vaddamanu
192183239,2495887,es,Chinnayapalli
192183316,2495888,es,Kodigudlapadu
192183470,2495890,es,Rangasamudram
192183624,2495892,es,Pullivedu
192183855,2495895,es,Tuvvapalle
192183932,2495896,es,Reddivaripalle
192184009,2495897,es,Perammagaripalle
192184163,2495899,es,Kammavaripalli
192184240,2495900,es,Lingaladinnepalli
192184317,2495901,es,Ambavaram
192184394,2495902,es,Akkampet
192184471,2495903,es,Kottalapalle
192184625,2495905,es,Chinnayyapalle
192184702,2495906,es,Eddulayapalle
192184779,2495907,es,Mallepalle
192185010,2495910,es,Mudumala
192185164,2495912,es,Venkatapuram
192185241,2495913,es,Kesavapuram
192185318,2495914,es,Munnelli
192185549,2495917,es,Kodur
192185626,2495918,es,Akkapalem
192185780,2495920,es,Guntapalle
192185857,2495921,es,Ammavaripeta
192185934,2495922,es,Ayyavaripalli
192186011,2495923,es,Rajupalem
192186088,2495924,es,Govindayyapalle
192186165,2495925,es,Musalinayanipalle
192186242,2495926,es,Kottapalle
192186396,2495928,es,Tippireddipalle
192186473,2495929,es,Mudireddipalle
192186627,2495931,es,Narasannapalle
192186704,2495932,es,Tollapalle
192186935,2495935,es,Maddireddigaripalle
192187089,2495937,es,Gollapalle
192187166,2495938,es,Somireddipalle
192187243,2495939,es,Kondavaripalle
192187320,2495940,es,Papireddipalle
192187397,2495941,es,Kottapalle
192187474,2495942,es,Bhakarapet
192187551,2495943,es,Errampalle
192187705,2495945,es,Boggulavaripalle
192187782,2495946,es,Chennakesavapuram
192187859,2495947,es,Papanapalle
192187936,2495948,es,Maratipalle
192188013,2495949,es,Ramasamudram
192188090,2495950,es,Nallavagupalli
192188167,2495951,es,Ankanagodugunuru
192188244,2495952,es,Godlavidu
192188398,2495954,es,Pandividu
192188475,2495955,es,Adireddipalle
192188783,2495959,es,Jangampalli
192188937,2495961,es,Visanadhapuram
192189091,2495963,es,Potureddipalle
192189168,2495964,es,Obulapuram
192189245,2495965,es,Pappanapalle
192189322,2495966,es,Cherlopalli
192189399,2495967,es,Mittamanipalle
192189476,2495968,es,Kesapuram
192189553,2495969,es,Kandimallayapalli
192189630,2495970,es,Narasimhapuram
192189707,2495971,es,Gundapuram
192189861,2495973,es,Mulavaripalle
192189938,2495974,es,Siddugaripalle
192190015,2495975,es,Kummaravaripalle
192190092,2495976,es,Gangireddivaripalle
192190169,2495977,es,Mallegudipadu
192190323,2495979,es,Diguvanelaturu
192190477,2495981,es,Settivaripalle
192190554,2495982,es,Machugaripalle
192190631,2495983,es,Gopireddipalli
192190785,2495985,es,Eguvanelatur
192190939,2495987,es,Budavada
192191016,2495988,es,Tummalapalle
192191170,2495990,es,Tadigotla
192191324,2495992,es,Erramachupalle
192191401,2495993,es,Rayalapantulapalle
192191555,2495995,es,Alamkhanpalle
192191940,2496000,es,Pabbapuram
192192171,2496003,es,Balupalle
192192248,2496004,es,Busureddipalle
192192402,2496006,es,Narasannapalle
192192479,2496007,es,Bumayapalle
192192556,2496008,es,Chinnayagaripalle
192192633,2496009,es,Nanapalapalle
192192710,2496010,es,Ellampalle
192192787,2496011,es,Gopireddipalli
192193018,2496014,es,Sivapuram
192193172,2496016,es,Kottapalle
192193865,2496025,es,Somayajulapalle
192193942,2496026,es,Nagireddipalle
192194327,2496031,es,Nagasanipalle
192194558,2496034,es,Gaddamvaripalli
192194635,2496035,es,Peddasettipalli
192194712,2496036,es,Varadayapalle
192194789,2496037,es,Kottapalle
192194866,2496038,es,Nandyalampeta
192195097,2496041,es,Gangayapalli
192195174,2496042,es,Sunkulagaripalli
192195251,2496043,es,Uppuguntapalle
192195328,2496044,es,Kattakindapalle
192195405,2496045,es,Tuvvapalli
192195482,2496046,es,Jandravaram
192195559,2496047,es,Basavapuram
192195636,2496048,es,Chikativaripalle
192195713,2496049,es,Bogadapalle
192195790,2496050,es,Gollapalle
192195867,2496051,es,Mundlapalle
192196021,2496053,es,Ramanapalle
192196098,2496054,es,Dugganapalle
192196329,2496057,es,Tollaganganapalle
192196483,2496059,es,Dorlampalle
192196560,2496060,es,Rachinnayapalle
192196637,2496061,es,Khaderkhankottalu
192196714,2496062,es,Sivalapalle
192196868,2496064,es,Munapaka
192197176,2496068,es,Balasingannapalle
192197330,2496070,es,Upparapalle
192197407,2496071,es,Kanuparti
192197484,2496072,es,Kokkarayapalle
192197638,2496074,es,Bayanapalle
192198408,2496084,es,Lingampalle
192198485,2496085,es,Chelamareddipalli
192198639,2496087,es,Peddarajupalle
192198716,2496088,es,Rajupeta
192198793,2496089,es,Rekalakunta
192199255,2496095,es,Chemullapalle
192199332,2496096,es,Pushpagiri
192199486,2496098,es,Kanavaripalle
192199871,2496103,es,Ravulapalle
192199948,2496104,es,Chinnamukkapalle
192200025,2496105,es,Kottapalli
192200179,2496107,es,Ponnavolu
192200333,2496109,es,Apparajupalle
192200410,2496110,es,Kottapalle
192200564,2496112,es,Akkireddipalle
192200718,2496114,es,Chintakommadinne
192200872,2496116,es,Bogguletipalle
192201796,2496128,es,Cherlopalli
192202335,2496135,es,Patacudapah
192202566,2496138,es,Machupalle
192202720,2496140,es,Ukkayapalli
192202797,2496141,es,Takkolu
192202874,2496142,es,Gollapalle
192203413,2496149,es,Kanamalopalle
192203875,2496155,es,Nekanapuram
192203952,2496156,es,Gollapalle
192204029,2496157,es,Darjipalle
192204183,2496159,es,Ontitatipalle
192204414,2496162,es,Jangalapalle
192204722,2496166,es,Peddapalle
192204799,2496167,es,Jowkulapalle
192205261,2496173,es,Chinnakampalle
192205492,2496176,es,Ippapenta
192205800,2496180,es,Jamalupalle
192206031,2496183,es,Buggalapalle
192206185,2496185,es,Lingareddipalle
192206416,2496188,es,Khader Bungalow
192207109,2496197,es,Saraswatipalle
192207186,2496198,es,Utukuruvandlapalle
192207263,2496199,es,Peddareddivaripalle
192207417,2496201,es,Nallaguttapalle
192207494,2496202,es,Balireddigaripalli
192207725,2496205,es,Gadikota
192208110,2496210,es,Rallapalle
192208187,2496211,es,Polimerapalli
192208572,2496216,es,Rachapalle
192208726,2496218,es,Kondavandlapalli
192208803,2496219,es,Papireddivaripalle
192208880,2496220,es,Gollapalle
192208957,2496221,es,Reddivaripalle
192209034,2496222,es,Kolimivandlapalli
192209111,2496223,es,Mangalapalli
192209188,2496224,es,Pattivandlapalle
192209419,2496227,es,Vongimalla
192209727,2496231,es,Bongavandlapalli
192209804,2496232,es,Palannagaripalli
192210112,2496236,es,Chikativandlapalle
192210189,2496237,es,Chitlur
192210266,2496238,es,Hasanapuram
192210343,2496239,es,Errangivandlapalle
192210497,2496241,es,Peddaballvandlapalle
192210651,2496243,es,Kottapalle
192211036,2496248,es,Balreddigaripalle
192211113,2496249,es,Iyapativandlapalle
192211190,2496250,es,Vadlamudivandlapalli
192211267,2496251,es,Somavaram
192211575,2496255,es,Poluvandlapalle
192211806,2496258,es,Kola Mahalleh
192211960,2496260,es,Atiavaripalle
192212730,2496270,es,Peddagollapalle
192213038,2496274,es,Dasugaripalli
192213346,2496278,es,Kummarapalli
192213654,2496282,es,Gurrappagaripalli
192214193,2496289,es,Nilavandlapalle
192214347,2496291,es,Tukirpalle
192214424,2496292,es,Ramapuram
192214655,2496295,es,Patarajugarupalle
192214732,2496296,es,Ellampalle
192215040,2496300,es,Bangamvandlapalle
192215194,2496302,es,Reddivaripalle
192215271,2496303,es,Venkatareddigaripalle
192215502,2496306,es,Vasantavandlapalle
192215579,2496307,es,Manneruvandlapalle
192216195,2496315,es,Nakkavandlapalli
192216349,2496317,es,Abbavaram
192216426,2496318,es,Eguvapalli
192216580,2496320,es,Odivedu
192216888,2496324,es,Reddivaripalle
192216965,2496325,es,Sibyala
192217119,2496327,es,Dullavaripalle
192217273,2496329,es,Pemmadapalle
192217427,2496331,es,Pakirpalle
192217966,2496338,es,Gunnikuntla
192218582,2496346,es,Kavalipalle
192218813,2496349,es,Paparajupalle
192219044,2496352,es,Bolluvallapalle
192219660,2496360,es,Peddapalle
192219891,2496363,es,Tatigantlapalle
192220045,2496365,es,Kumarapalle
192220122,2496366,es,Bestapalle
192220276,2496368,es,Pedireddigaripalle
192220584,2496372,es,Kammaguttapalle
192220892,2496376,es,Gorlavandlapalli
192221354,2496382,es,Mallappagaripalle
192222124,2496392,es,Bidavandlapalle
192222278,2496394,es,Akutotapalle
192222817,2496401,es,Kassamudram
192222894,2496402,es,Cherlapale
192222971,2496403,es,Gunchanagaripalle
192223048,2496404,es,Solikuntlapalle
192223125,2496405,es,Sathalavandlapalle
192223202,2496406,es,Kottavaripalle
192223279,2496407,es,Babacheruvupalle
192223587,2496411,es,Boganipalli
192223741,2496413,es,Potinenivaripalle
192223818,2496414,es,Basappagaripalli
192223895,2496415,es,Cherlapale
192224126,2496418,es,Viravobanapalle
192224203,2496419,es,Pattavandlapalle
192224280,2496420,es,Donnikotavaripalle
192224434,2496422,es,Malikavaripalle
192224511,2496423,es,Tummala
192224588,2496424,es,Kottapeta
192224665,2496425,es,Venkatarayanipalle
192224742,2496426,es,Mamidimakulapalle
192224819,2496427,es,Chintacheruvupalle
192224896,2496428,es,Sanevaripalle
192225127,2496431,es,Chinnaramannagaripalle
192225512,2496436,es,Bandralapalle
192225743,2496439,es,Kottapalle
192225820,2496440,es,Kallapalle
192226051,2496443,es,Gollapalle
192226128,2496444,es,Upperlapalle
192226436,2496448,es,Devireddipalle
192226513,2496449,es,Damavandlapalle
192226821,2496453,es,Subbarayanipalle
192226898,2496454,es,Nallazoduvaripalle
192226975,2496455,es,Ubicherla
192227052,2496456,es,Kadiripulikunta
192227360,2496460,es,Nallacheruvu
192227437,2496461,es,Kammavaripalle
192228438,2496474,es,Gollavaripalle
192228592,2496476,es,Chinnavadapavandlapalle
192228669,2496477,es,Vankapalle
192228823,2496479,es,Duginepalli
192229131,2496483,es,Sanavandlapalle
192229208,2496484,es,Pullivandlapalle
192229516,2496488,es,Manthalavandlapalle
192229747,2496491,es,Nallakuttapalle
192230440,2496500,es,Balasamudram
192230594,2496502,es,Tsadumu
192231056,2496508,es,Mabbuvaripalle
192231133,2496509,es,Nallavandlapalle
192231595,2496515,es,Bandivanipalle
192231826,2496518,es,Venkatrayunipalle
192231903,2496519,es,Mundlavaripalle
192232211,2496523,es,Errapallevandlapalle
192232442,2496526,es,Danduvaripalle
192232596,2496528,es,Kotapalle
192232673,2496529,es,Mobbuvaripalle
192232904,2496532,es,Billuvandlapalle
192233135,2496535,es,Pulikuntapalle
192233289,2496537,es,Kottampalli
192233366,2496538,es,Dasarivandlapalli
192233597,2496541,es,Maddireddypalli
192233674,2496542,es,Reddigaripalli
192233828,2496544,es,Lokojipalle
192234136,2496548,es,Kanisaravandlapalle
192234367,2496551,es,Sanivaripalle
192234444,2496552,es,Balappagaripalli
192234598,2496554,es,Karimreddipalle
192234675,2496555,es,Narayanampalli
192234752,2496556,es,Rajacheruvu
192234906,2496558,es,Musaliganipalli
192235137,2496561,es,Kondurupalli
192235368,2496564,es,Kolimirallapalli
192235522,2496566,es,Gunduvaripalli
192235599,2496567,es,Malukavaripalle
192235753,2496569,es,Sithireddipalle
192235830,2496570,es,Amadagur
192235907,2496571,es,Puttavandlapalle
192235984,2496572,es,Boyipalli
192236061,2496573,es,Gandamvaripalli
192236215,2496575,es,Reddivaripalle
192236369,2496577,es,Chikirevulapalle
192236446,2496578,es,Gangireddipalli
192236523,2496579,es,Mallepalli
192236600,2496580,es,Billur
192236677,2496581,es,Erraganapalli
192236754,2496582,es,Ugranampalli
192236985,2496585,es,Arigevarigutta
192237139,2496587,es,Nallaguttapalli
192237216,2496588,es,Vantirivandlapalli
192237293,2496589,es,Devaramatalapalli
192237370,2496590,es,Doranalapalli
192237524,2496592,es,Kallaravallapalli
192237601,2496593,es,Turkesapalli
192237678,2496594,es,Kottapalli
192237832,2496596,es,Adireddypalli
192237986,2496598,es,Venkatesapalli
192238063,2496599,es,Maravapalli
192238294,2496602,es,Gadivandlapalli
192238371,2496603,es,Doddivaripalli
192238448,2496604,es,Bestalapalli
192238525,2496605,es,Kurubarapalli
192238602,2496606,es,Ramanpadi
192238756,2496608,es,Gollapalli
192238833,2496609,es,Ragimakulapalli
192238910,2496610,es,Mekalapalli
192239064,2496612,es,Chinaganapalli
192239449,2496617,es,Somanathapura
192239526,2496618,es,Kurapalli
192239757,2496621,es,Rajuvandlapalli
192239834,2496622,es,Kottakotavandlapalli
192240065,2496625,es,Bellalampalli
192240219,2496627,es,Sajjaravaripalli
192240527,2496631,es,Srinivasapura
192240681,2496633,es,Diguvakukklapalle
192240758,2496634,es,Eguvakukkalupalle
192240835,2496635,es,Bagepalle
192241066,2496638,es,Patakandukuru
192241451,2496643,es,Nadimikuntapalle
192241528,2496644,es,Subbarayanipalle
192241605,2496645,es,Malreddipalle
192241836,2496648,es,Nayanicheruvupalli
192241913,2496649,es,Buddayyakota
192241990,2496650,es,Komatampalle
192242067,2496651,es,Gurrambayalu
192242144,2496652,es,Adwanampalli
192242221,2496653,es,Erraguntlapalle
192242298,2496654,es,Kakimaripalle
192242452,2496656,es,Katnagallu
192242606,2496658,es,Buchipalle
192242914,2496662,es,Pulikallu
192243376,2496668,es,Pallamvandlapalle
192243530,2496670,es,Bontalapalle
192244223,2496679,es,Guddampalle
192244300,2496680,es,Chikatimanipalle
192244377,2496681,es,Padamativaripalle
192244454,2496682,es,Papireddypalli
192244993,2496689,es,Jelipigarapalli
192245147,2496691,es,Doddipalli
192245301,2496693,es,Battalavaripalli
192245609,2496697,es,Peddur
192245686,2496698,es,Gunturpalli
192245763,2496699,es,Venkatapura
192245994,2496702,es,Gollapalle
192246148,2496704,es,Sherkhankote
192246379,2496707,es,Maruganipalle
192246456,2496708,es,Murusupalle
192246533,2496709,es,Chetlavandlapalle
192246687,2496711,es,Agraharam
192246764,2496712,es,Goduguvaripalle
192246841,2496713,es,Gollapalle
192246995,2496715,es,Konduvaripalle
192247072,2496716,es,Burujupalle
192247380,2496720,es,Maddayyagaripalle
192247457,2496721,es,Kottapalle
192247611,2496723,es,Papatimmanahalli
192247688,2496724,es,Bandenahalli
192247765,2496725,es,Nandanavana
192247919,2496727,es,Appasanihalli
192247996,2496728,es,Konepalli
192248073,2496729,es,Basavapura
192248150,2496730,es,Ammatahalli
192248227,2496731,es,Dodial
192248381,2496733,es,Errammareddihalli
192248458,2496734,es,Nandanahosahalli
192248535,2496735,es,Kattigenahalli
192248612,2496736,es,Kutappanahalli
192248689,2496737,es,Rangenahalli
192248766,2496738,es,Agraharahalli
192248843,2496739,es,Kencharlahalli
192248920,2496740,es,Gurrampalli
192248997,2496741,es,Gaudanahalli
192249074,2496742,es,Sujanahalli
192249459,2496747,es,Settinayanahalli
192249536,2496748,es,Mittahalli
192249613,2496749,es,Kommepalli
192249690,2496750,es,Gonehalli
192249767,2496751,es,Annapalli
192249844,2496752,es,Marabahalli
192249998,2496754,es,Konapura
192250075,2496755,es,Mavukere
192250152,2496756,es,Somakalahalli
192250229,2496757,es,Battalahalli
192250537,2496761,es,Chimalagutta
192250768,2496764,es,Buchipalle
192250922,2496766,es,Bodimpalli
192251076,2496768,es,Munganahalli
192251153,2496769,es,Chintapalli
192251230,2496770,es,Sadlavarahalli
192251384,2496772,es,Kurubarahalli
192251692,2496776,es,Polanayakanahalli
192251769,2496777,es,Nadimpalli
192251846,2496778,es,Tuvakalapalli
192251923,2496779,es,Konapalli
192252000,2496780,es,Chokkanahalli
192252154,2496782,es,Chintamakalahalli
192252231,2496783,es,Ulibele
192252385,2496785,es,Morasanapalli
192252616,2496788,es,Bairaganapalli
192252770,2496790,es,Adirajupalli
192252847,2496791,es,Kapalli
192253232,2496796,es,Papisettipalli
192253309,2496797,es,Nagarajupalli
192253386,2496798,es,Lakkepalli
192253463,2496799,es,Puliguntapalli
192253540,2496800,es,Agrahara
192253617,2496801,es,Gandrajupalli
192253771,2496803,es,Pathagavunipalli
192254156,2496808,es,Vempalli
192254387,2496811,es,Karipalli
192254464,2496812,es,Thummalapalli
192254541,2496813,es,Myakapothapalli
192254695,2496815,es,Naravamakalapalli
192254772,2496816,es,Junjanahalli
192254849,2496817,es,Kurupalli
192254926,2496818,es,Iragampalli
192255157,2496821,es,Gollapalli
192255311,2496823,es,Guttur
192255388,2496824,es,Yendapalli
192255465,2496825,es,Bandakote
192255619,2496827,es,Nallarallapalli
192255850,2496830,es,Nagarajahosahalli
192255927,2496831,es,Esagalapalli
192256004,2496832,es,Raguttahalli
192256158,2496834,es,Kondliganapalli
192256235,2496835,es,Devapalli
192256312,2496836,es,Kanchinayakanahalli
192256389,2496837,es,Mudalagollahalli
192256466,2496838,es,Nallaguttapalli
192256620,2496840,es,Itumakalapalli
192256851,2496843,es,Madamangala
192256928,2496844,es,Gundigiri
192257005,2496845,es,Brahmanahalli
192257159,2496847,es,Tummaragunta
192257313,2496849,es,Kottapalle
192257544,2496852,es,Samallapalle
192257621,2496853,es,Bommireddipalle
192257698,2496854,es,Ramapuram
192257775,2496855,es,Navabukota
192257852,2496856,es,Rekalaguntipalle
192258006,2496858,es,Varikesavunipalle
192258083,2496859,es,Timmareddipalle
192258237,2496861,es,Bommakkapalli
192258314,2496862,es,Eguvapalle
192258622,2496866,es,Goduguvandlapalle
192258853,2496869,es,Buradavandlapalle
192259007,2496871,es,Chandramakulapalle
192259084,2496872,es,Anapuvaripalle
192259392,2496876,es,Ankireddivaripalle
192259469,2496877,es,Avulareddypalle
192259700,2496880,es,Chilakalanerpu
192259777,2496881,es,Moravapalle
192259854,2496882,es,Kambalapalle
192259931,2496883,es,Sampatikota
192260008,2496884,es,Desamvaripalli
192260085,2496885,es,Guntipalle
192260162,2496886,es,Dwarapalli
192260239,2496887,es,Anantapuram
192260393,2496889,es,Gadigivarahalli
192260624,2496892,es,Gudipalle
192260778,2496894,es,Ragimakulapalli
192260932,2496896,es,Kambalapalli
192261009,2496897,es,Kanagamakulapalle
192261086,2496898,es,Settipalle
192261471,2496903,es,Bommepalli
192261548,2496904,es,Devapalli
192261625,2496905,es,Vangamalu
192261702,2496906,es,Kadadanamarri
192261856,2496908,es,Hosahudya
192261933,2496909,es,Dharmavarahalli
192262010,2496910,es,Bidalahalli
192262164,2496912,es,Tuluvanuru
192262318,2496914,es,Kanchappalli
192262472,2496916,es,Peddapongupalle
192262549,2496917,es,Errapalle
192262626,2496918,es,Bandamedapalle
192262703,2496919,es,Erragudivandlapalle
192262934,2496922,es,Chinnepalli
192263011,2496923,es,Minchillahalli
192263165,2496925,es,Salamakalapalli
192263704,2496932,es,Peddarajupalli
192263858,2496934,es,Palyakere
192263935,2496935,es,Machanapalli
192264089,2496937,es,Kondayyagaripalle
192264166,2496938,es,Nimmakayilapalli
192264320,2496940,es,Nayanivaripalle
192264474,2496942,es,Ankireddipalle
192264628,2496944,es,Madumuru
192265090,2496950,es,Sunnappagutta
192265167,2496951,es,Bodigundlapalli
192265244,2496952,es,Muntapogavandlapalle
192265398,2496954,es,Mallela
192265475,2496955,es,Puttagandlapalli
192265552,2496956,es,Billandahalli
192265629,2496957,es,Ankalemadugu
192265783,2496959,es,Upparavandlapalle
192265860,2496960,es,Muddalapalli
192265937,2496961,es,Ramojupalli
192266091,2496963,es,Madempalli
192266245,2496965,es,Gollahalli
192266553,2496969,es,Kotturupalli
192266630,2496970,es,Amallabandakota
192266938,2496974,es,Hosahalli
192267015,2496975,es,Kodicheruvu
192267092,2496976,es,Padathimmanahalli
192267169,2496977,es,Kondasandra
192267246,2496978,es,Palya
192267323,2496979,es,Chaldiganahalli
192267477,2496981,es,Yeluvahalli
192267631,2496983,es,Misaganapalli
192267708,2496984,es,Hebbata
192267785,2496985,es,Panasamakanapalli
192267862,2496986,es,Ketheganahalli
192267939,2496987,es,Nambihalli
192268016,2496988,es,Aremakalahalli
192268093,2496989,es,Varatanahalli
192268170,2496990,es,Chiruvanahalli
192268247,2496991,es,Settihalli
192268478,2496994,es,Doddabommanahalli
192268555,2496995,es,Agrahara
192268632,2496996,es,Yaluvakunte
192268786,2496998,es,Mogilapalli
192269402,2497006,es,Gummareddypura
192269633,2497009,es,Jaderi
192269710,2497010,es,Chikkabommanahalli
192269787,2497011,es,Gadadasanahalli
192269941,2497013,es,Valagerehalli
192270249,2497017,es,Chatlupalligadde
192270326,2497018,es,Kallahalli
192270480,2497020,es,Rayapalli
192270557,2497021,es,Konapalli
192270634,2497022,es,Chorapalli
192270711,2497023,es,Upparapete
192270788,2497024,es,Chinnakondrapalli
192270865,2497025,es,Katamachanahalli
192270942,2497026,es,Doddahalli
192271019,2497027,es,Nallaguttapalli
192271096,2497028,es,Narayanahalli
192271173,2497029,es,Munaganahalli
192271250,2497030,es,Kachihalli
192271404,2497032,es,Nagadenahalli
192271635,2497035,es,Venkatapura
192271789,2497037,es,Naindrahalli
192271866,2497038,es,Mailapura
192271943,2497039,es,Konganahalli
192272097,2497041,es,Madabahalli
192272174,2497042,es,Chikkattigenahalli
192272251,2497043,es,Nernakallu
192272482,2497046,es,Madarkallu
192272636,2497048,es,Nachahalli
192272790,2497050,es,Cholaghatta
192272867,2497051,es,Marjenahalli
192272944,2497052,es,Madderi
192273175,2497055,es,Iragasandra
192273252,2497056,es,Rachapura
192273483,2497059,es,Bandarlahalli
192273560,2497060,es,Konganahalli
192273714,2497062,es,Kutharasanahalli
192273791,2497063,es,Nidugurki
192273868,2497064,es,Gajalahalli
192274022,2497066,es,Yedahalli
192274176,2497068,es,Madanahalli
192274253,2497069,es,Jambapura
192274561,2497073,es,Pacharlahalli
192274638,2497074,es,Pindipapanahalli
192274869,2497077,es,Settikunte
192274946,2497078,es,Kembattinahalli
192275023,2497079,es,Bagalahalli
192275100,2497080,es,Mastenahalli
192275177,2497081,es,Bisanahalli
192275485,2497085,es,Balagere
192275562,2497086,es,Ternahalli
192275639,2497087,es,Mailandahalli
192275870,2497090,es,Gandlapalli
192276178,2497094,es,Kuppahalli
192276409,2497097,es,Chinnapura
192276486,2497098,es,Doddapura
192276717,2497101,es,Singanahalli
192276794,2497102,es,Battalapalli
192276871,2497103,es,Alamagiri
192276948,2497104,es,Pathapalli
192277025,2497105,es,Kodihalli
192277333,2497109,es,Gollahalli
192277410,2497110,es,Agrahara
192277487,2497111,es,Kapalli
192277564,2497112,es,Gudarlahalli
192277718,2497114,es,Battalahalli
192277795,2497115,es,Siddepalli
192277872,2497116,es,Bhumisettihalli
192278103,2497119,es,Alavapalli
192278180,2497120,es,Somayajulapalli
192278334,2497122,es,Bhairasandra
192278796,2497128,es,Gandraganahalli
192278950,2497130,es,Virapalli
192279027,2497131,es,Gopalapura
192279258,2497134,es,Vasanthahalli
192279335,2497135,es,Raguttapalli
192279412,2497136,es,Dhanamettenahalli
192279643,2497139,es,Bukkanahalli
192279797,2497141,es,Kottur
192279874,2497142,es,Adepalli
192279951,2497143,es,Thippanahalli
192280028,2497144,es,Upparahalli
192280105,2497145,es,Kotagal
192280336,2497148,es,Pulgundlapalli
192280413,2497149,es,Kondavenakapalli
192280490,2497150,es,Chokkahalli
192280567,2497151,es,Nainahalli
192280644,2497152,es,Singasandra
192280798,2497154,es,Thummalapalli
192280875,2497155,es,Kanagamakalapalli
192280952,2497156,es,Kottapalli
192281183,2497159,es,Kurupalli
192281260,2497160,es,Ramapuram
192281414,2497162,es,Gunturugadde
192281491,2497163,es,Nandiganahalli
192281645,2497165,es,Maniganapalli
192281722,2497166,es,Digavakote
192282107,2497171,es,Jogyanahalli
192282261,2497173,es,Kurumakalapalli
192282338,2497174,es,Muddalapalli
192282415,2497175,es,Gownicheruvupalli
192282492,2497176,es,Bodagundlapalli
192282569,2497177,es,Korakonapalli
192282646,2497178,es,Nimmakailapalli
192282877,2497181,es,Doddabandarlapalli
192283031,2497183,es,Kotapalli
192283185,2497185,es,Shettihalli
192283262,2497186,es,Chilepalli
192283339,2497187,es,Avuganapalli
192283416,2497188,es,Kodipalli
192283493,2497189,es,Digavamorampalli
192283570,2497190,es,Gopalli
192283647,2497191,es,Tadigollu
192284032,2497196,es,Maripalli
192284109,2497197,es,Kasettipalli
192284263,2497199,es,Yachanapalli
192284340,2497200,es,Kanagamakalapalli
192284417,2497201,es,Pillikunte
192284571,2497203,es,Arikunte
192284648,2497204,es,Chakerlappalli
192284725,2497205,es,Bandapalli
192284802,2497206,es,Doddapalli
192284879,2497207,es,Ronur
192284956,2497208,es,Doddamaladoddi
192285033,2497209,es,Muniganapalli
192285110,2497210,es,Timmasandra
192285187,2497211,es,Kummakunte
192285264,2497212,es,Nagadepalli
192285418,2497214,es,Avalakuppa
192285572,2497216,es,Satandahalli
192285726,2497218,es,Dorasandra
192285803,2497219,es,Kallur
192286034,2497222,es,Baiyapalli
192286111,2497223,es,Kaniganapalli
192286188,2497224,es,Nilatur
192286342,2497226,es,Dandupalya
192286419,2497227,es,Hebbri
192286573,2497229,es,Kambalapalli
192286650,2497230,es,Kottur
192286727,2497231,es,Badaguvarahalli
192286804,2497232,es,Kappalli
192286958,2497234,es,Kondamari
192287266,2497238,es,Venkatapura
192287420,2497240,es,Chokkireddihalli
192287497,2497241,es,Alavatta
192287574,2497242,es,Chimanahalli
192287651,2497243,es,Siddimata
192287728,2497244,es,Kiravara
192287959,2497247,es,Nalamachanahalli
192288113,2497249,es,Mosalahalli
192288267,2497251,es,Narasapura
192288344,2497252,es,Srinivasapura
192288498,2497254,es,Mohamadpura
192288575,2497255,es,Hiranyapalli
192288806,2497258,es,Madikere
192288883,2497259,es,Doddaganjur
192288960,2497260,es,Darapalli
192289114,2497262,es,Settihalli
192289191,2497263,es,Palapalli
192289345,2497265,es,Doddanetha
192289422,2497266,es,Chikkakarakamakalahalli
192289499,2497267,es,Diguvapalli
192289576,2497268,es,Munthakadareppalli
192289653,2497269,es,Gondarpalli
192289730,2497270,es,Venkatapura
192289807,2497271,es,Madderi Mallandahalli
192289961,2497273,es,Matnahalli
192290038,2497274,es,Kondasettihalli
192290192,2497276,es,Kolakunjanahalli
192290423,2497279,es,Busanahalli
192290577,2497281,es,Talagundapurhalli
192290654,2497282,es,Haleri
192290808,2497284,es,Totli
192291039,2497287,es,Kakinetta
192291116,2497288,es,Madavagurjenahalli
192291193,2497289,es,Channappanahalli
192291347,2497291,es,Medihala
192291424,2497292,es,Naganala
192291501,2497293,es,Bommasandra
192291732,2497296,es,Hanumantapura
192291809,2497297,es,Chokkahalli
192291963,2497299,es,Huhalli
192292040,2497300,es,Uppukunte
192292117,2497301,es,Jangamagurjenahalli
192292271,2497303,es,Yadahalli
192292348,2497304,es,Jannaghatta
192292425,2497305,es,Kurandahalli
192292656,2497308,es,Thoredevandahalli
192292733,2497309,es,Biramanahalli
192292887,2497311,es,Kittanduru
192292964,2497312,es,Vanarasi
192293041,2497313,es,Mallasandra
192293272,2497316,es,Gangatta
192293426,2497318,es,Bellambera
192293503,2497319,es,Nukkanahalli
192293580,2497320,es,Aralimaradahosanalli
192293657,2497321,es,Kondenahalli
192293811,2497323,es,Somasandra
192293965,2497325,es,Holur
192294042,2497326,es,Benangur
192294119,2497327,es,Chillapalli
192294196,2497328,es,Nayakarahalli
192294273,2497329,es,Muduvadihosahalli
192294350,2497330,es,Totliganahalli
192294427,2497331,es,An Najd al `Ali
192294581,2497333,es,Yalavara
192294658,2497334,es,Marenahalli
192294735,2497335,es,Karahalli
192294812,2497336,es,Vadigepalli
192295043,2497339,es,Sisandra
192295197,2497341,es,Kembodi
192295428,2497344,es,Girnahalli
192295505,2497345,es,Hollamballi
192295582,2497346,es,Doddanahalli
192295736,2497348,es,Abbani
192295813,2497349,es,Haralukunte
192295890,2497350,es,Tippasandra
192295967,2497351,es,Yarangatta
192296044,2497352,es,Hale Somarasanahalli
192296121,2497353,es,Kumbarahalli
192296198,2497354,es,Nernahalli
192296275,2497355,es,Belaganahalli
192296352,2497356,es,Venkatapura
192296429,2497357,es,Syanubhoganahalli
192296506,2497358,es,Vadagur
192296814,2497362,es,Timmasandra
192296968,2497364,es,Tondala
192297122,2497366,es,Manigatta
192297199,2497367,es,Iragasandra
192297276,2497368,es,Annehalli
192297353,2497369,es,Byalahalli
192297430,2497370,es,Mattikunte
192297507,2497371,es,Garudapalya
192297584,2497372,es,Sillangere
192297661,2497373,es,Kamadenahalli
192297738,2497374,es,Yalachipura
192297815,2497375,es,Chinnapura
192297969,2497377,es,Vadalavadi
192298123,2497379,es,Begli Hosahalli
192298277,2497381,es,Beggalibelachenahalli
192298354,2497382,es,Singondahalli
192298585,2497385,es,Dinnuru
192298662,2497386,es,Arehalli
192298816,2497388,es,Hogari
192298970,2497390,es,Ammerahalli
192299047,2497391,es,Kallandur
192299124,2497392,es,Mangasandra
192299201,2497393,es,Chaudadenahalli
192299432,2497396,es,Handrahalli
192299586,2497398,es,Sulur
192299663,2497399,es,Garudanahalli
192299740,2497400,es,Chikkahasala
192299817,2497401,es,Doddahasala
192299894,2497402,es,Dimba
192299971,2497403,es,Paparajanahalli
192300125,2497405,es,Hogarigollahalli
192300279,2497407,es,Guttahalli
192300510,2497410,es,Guddanapura
192300587,2497411,es,Venkatapura
192300664,2497412,es,Chikkahayuru
192300741,2497413,es,Arabikottanuru
192300818,2497414,es,Kendatti
192300895,2497415,es,Chaudadenhalli
192301049,2497417,es,Tyavanahalli
192301203,2497419,es,Doddahayuru
192301434,2497422,es,Hosahalli
192301511,2497423,es,Tirumalakoppa
192301588,2497424,es,Nambiganahalli
192301742,2497426,es,Puramakanahalli
192301819,2497427,es,Kadusannahalli
192301896,2497428,es,Chikkakuntur
192302050,2497430,es,Doddakuntur
192302127,2497431,es,Agara
192302281,2497433,es,Chambe
192302589,2497437,es,Nakkanahalli
192302743,2497439,es,Janganahalli
192302820,2497440,es,Togatiganahalli
192303051,2497443,es,Gangapura
192303205,2497445,es,Hijavanahalli
192303282,2497446,es,Garudapalya
192303359,2497447,es,Alahalli
192303667,2497451,es,Settikottanur
192303744,2497452,es,Settiganahalli
192303821,2497453,es,Nernahalli
192303898,2497454,es,Dandiganahalli
192303975,2497455,es,Ulerahalli
192304129,2497457,es,Kadirenahalli
192304360,2497460,es,Halipalya
192304437,2497461,es,Virakaputra
192304514,2497462,es,Basavapura
192304591,2497463,es,Kempasandra
192304668,2497464,es,Ramanayakanhalli
192304899,2497467,es,Vadagere
192304976,2497468,es,Mailandahalli
192305053,2497469,es,Agrahara
192305130,2497470,es,Jangalahalli
192305207,2497471,es,Mudavatti
192305284,2497472,es,Cholagatta
192305361,2497473,es,Konepura
192305438,2497474,es,Koragondahalli
192305515,2497475,es,Pakarahalli
192305669,2497477,es,Madamangala
192305977,2497481,es,Honnenahalli
192306054,2497482,es,Guttahalli
192306131,2497483,es,Magere
192306208,2497484,es,Karamangala
192306362,2497486,es,Madivala
192306670,2497490,es,Siddanahalli
192306747,2497491,es,Kuppanahalli
192306901,2497493,es,Hudukula
192306978,2497494,es,Benakanahalli
192307055,2497495,es,Anepur
192307209,2497497,es,Karadagurki
192307286,2497498,es,Parswaganahalli
192307440,2497500,es,Yalaburagi
192307517,2497501,es,Nernahalli
192307594,2497502,es,Timmapura
192307748,2497504,es,Margal
192307825,2497505,es,Birandahalli
192307979,2497507,es,Bhavarahalli
192308056,2497508,es,Nayakarahalli
192308133,2497509,es,Holerahalli
192308287,2497511,es,Vattrakunte
192308595,2497515,es,Vadandahalli
192308672,2497516,es,Kamandahalli
192308749,2497517,es,Harati
192308826,2497518,es,Chalaganahalli
192308980,2497520,es,Yamsonnuru
192309057,2497521,es,Tammenahalli
192309134,2497522,es,Kotiganahalli
192309211,2497523,es,Kallukere
192309365,2497525,es,Karavanahalli
192309596,2497528,es,Nagalapura
192309750,2497530,es,Gaddekannur
192309827,2497531,es,Parehosahalli
192309981,2497533,es,Arinaganahalli
192310058,2497534,es,Urutu Agrahar
192310135,2497535,es,Gottahalli
192310366,2497538,es,Kallipura
192310520,2497540,es,Challahalli
192310597,2497541,es,Chikkanahalli
192310674,2497542,es,Byranayakanahalli
192310751,2497543,es,Kenchapura
192310982,2497546,es,Ananthapur
192311059,2497547,es,Doddarahalli
192311136,2497548,es,Maderahalli
192311213,2497549,es,Chunchedenahalli
192311290,2497550,es,Nuggalapura
192311367,2497551,es,Chaluvanahalli
192311598,2497554,es,Hunakunde
192311752,2497556,es,Bhatrahalli
192311906,2497558,es,Honnenahalli
192311983,2497559,es,Gangapura
192312137,2497561,es,Singihalli
192312291,2497563,es,Tokalagatta
192312368,2497564,es,Settihalli
192312445,2497565,es,Kalva
192312599,2497567,es,Purahalli
192312830,2497570,es,Marachenahalli
192312907,2497571,es,Chamarahalli
192313061,2497573,es,Hullinakallu
192313215,2497575,es,Mittamalapalli
192313292,2497576,es,Virapura
192313600,2497580,es,Matapura
192313754,2497582,es,Nelliampathi
192313831,2497583,es,Khata Khedi
192313908,2497584,es,Garha Brahman
192313985,2497585,es,Chandpura
192314062,2497586,es,Bijapura
192314139,2497587,es,Patalpani
192314216,2497588,es,Patalpur
192314601,2497593,es,Chinnapalli
192314909,2497597,es,Siddavandlapalle
192315063,2497599,es,Edurudona
192315140,2497600,es,Kottapalle
192315217,2497601,es,Dasarivandlapalle
192315525,2497605,es,Edalavandlapalle
192315602,2497606,es,Pallinayanivaripalle
192315756,2497608,es,Chekkavaripalle
192315833,2497609,es,Gollapalle
192316295,2497615,es,Mangadinnepalle
192316372,2497616,es,Todendlagaddapalle
192316526,2497618,es,Kortikota
192316757,2497621,es,Bathunigaripalle
192317373,2497629,es,Bollavaripalle
192317912,2497636,es,Bandarvandlapalle
192318220,2497640,es,Eddulavarikota
192318451,2497643,es,Gudlavaripalle
192318528,2497644,es,Balijipalle
192318759,2497647,es,Erraguttapalle
192318990,2497650,es,Kammaravandlapalle
192319067,2497651,es,Diguvapalle
192319221,2497653,es,Moddulavaripalle
192319452,2497656,es,Bandrevu
192319529,2497657,es,Kottapalle
192319683,2497659,es,Ketireddivaripalle
192319837,2497661,es,Kuramareddigaripalle
192320453,2497669,es,Musalikunta
192320607,2497671,es,Maduguvandlapalli
192320761,2497673,es,Bandavandlapalle
192320915,2497675,es,Danamreddigaripalli
192320992,2497676,es,Burujupalli
192321300,2497680,es,Battunigaripalle
192321377,2497681,es,Nagurivandlapalle
192322301,2497693,es,Boyapalle
192322378,2497694,es,Kotala
192322609,2497697,es,Yapelapalle
192322686,2497698,es,Kutikebanda Thanda
192322763,2497699,es,Jillavandlapalle
192322840,2497700,es,Ragimanudinnepalle
192322917,2497701,es,Gopidinne
192322994,2497702,es,Kottapalle
192323071,2497703,es,Uppulurivandlapalle
192323148,2497704,es,Kavalipalle
192323610,2497710,es,Reddivaripalle
192323841,2497713,es,Peddapalle
192323918,2497714,es,Markapuramvandlapalle
192324149,2497717,es,Gangireddipalle
192324303,2497719,es,Tsaudasamudram
192324534,2497722,es,Kotapalle
192324996,2497728,es,Annagaripalle
192325073,2497729,es,Nayanicheruvupalle
192325535,2497735,es,Kalavapalle
192325766,2497738,es,Erracheruvupalle
192326151,2497743,es,Zunzurupenta
192326305,2497745,es,Agraharampalle
192326536,2497748,es,Beripalle
192326613,2497749,es,Upparapalle
192327152,2497756,es,Daulivaripalle
192327229,2497757,es,Edumadkalapalle
192327306,2497758,es,Galivandlapalle
192327383,2497759,es,Ramakulapalle
192327537,2497761,es,Kotapalle
192327614,2497762,es,Tanakantivaripalle
192327691,2497763,es,Gudupalle
192327845,2497765,es,Esuvaripalle
192327999,2497767,es,Konetivandlapalle
192328076,2497768,es,Sompalle
192328230,2497770,es,Billurivaripalle
192328461,2497773,es,Reddivaripalle
192328538,2497774,es,Royappavaripalle
192328692,2497776,es,Tamballavandlapalle
192329000,2497780,es,Angadivandlapalle
192329231,2497783,es,Venkataramireddipalle
192329385,2497785,es,Guttakindipalle
192329847,2497791,es,Danduvandlapalle
192330078,2497794,es,Gundlavaripalle
192330155,2497795,es,Nayanicheruvupalle
192330232,2497796,es,Bogumvanipalle
192330309,2497797,es,Kadirinathunikota
192330463,2497799,es,Kotireddigaripalle
192330540,2497800,es,Nayanivaripalle
192330617,2497801,es,Kasipalle
192330694,2497802,es,Goddavulakota
192330771,2497803,es,Galetivaripalle
192331079,2497807,es,Devulacheruvu
192331156,2497808,es,Gollapalle
192331849,2497817,es,Peddapalem
192331926,2497818,es,Eddulavandlapalle
192332080,2497820,es,Errakalvapalle
192332234,2497822,es,Ramanayunikota
192332311,2497823,es,Chinnayagaripalle
192332388,2497824,es,Gollapalle
192332465,2497825,es,Kamsalavandlapalle
192332619,2497827,es,Dukusanipalle
192332696,2497828,es,Kanchanavandlapalle
192333081,2497833,es,Botikindapalle
192333389,2497837,es,Balireddivaripalle
192333697,2497841,es,Payalavandlapalle
192333774,2497842,es,Kottapalle
192333928,2497844,es,Rajuvaripalle
192334005,2497845,es,Chintalarawpalle
192334159,2497847,es,Gundlapalle
192334236,2497848,es,Siddavandlapalle
192334313,2497849,es,Vemaredigaripalle
192334698,2497854,es,Chinnappagaripalle
192334852,2497856,es,Dobbalaguttapalle
192334929,2497857,es,Pulasaramvaripalle
192335006,2497858,es,Mekalavandlapalle
192335545,2497865,es,Kuravapalle
192335622,2497866,es,Pendarivaripalle
192335699,2497867,es,Ramuganivandlapalle
192335776,2497868,es,Burujupalle
192336007,2497871,es,Bodukindipalle
192336084,2497872,es,Muttavaripalle
192336469,2497877,es,Malavandlapalle
192336777,2497881,es,Papannacheruvupalle
192337085,2497885,es,Chinnapareddigaripalle
192337239,2497887,es,Gollapallevandlapalle
192337316,2497888,es,Nallamachireddigaripalle
192337393,2497889,es,Eguvagopiguttapalle
192337547,2497891,es,Kannemadugu
192337624,2497892,es,Appammagaripalle
192337701,2497893,es,Ramiganivandlapalle
192337778,2497894,es,Reddivaripalle
192338009,2497897,es,Idulacheruvupalle
192338240,2497900,es,Errasanipalle
192338317,2497901,es,Erramaddivaripalle
192338394,2497902,es,Vakkavandlapalle
192338625,2497905,es,Kummarapalle
192338856,2497908,es,Diguvagopiguttapalle
192339087,2497911,es,Eddulavaripalle
192339241,2497913,es,Gandasanipalle
192339395,2497915,es,Danduvaripalle
192339472,2497916,es,Maramreddigaripalle
192339780,2497920,es,Totavaripalle
192339857,2497921,es,Pasalavandlapalle
192339934,2497922,es,Chintamagalapalli
192340165,2497925,es,Syagatur
192340242,2497926,es,Settyhalli
192340319,2497927,es,Uppukunte
192340396,2497928,es,Vommasandra
192340473,2497929,es,Gujjanahalli
192340550,2497930,es,Nichanakunte
192340627,2497931,es,Kottapalli
192340781,2497933,es,Duggasandra
192340858,2497934,es,Tavarekere
192340935,2497935,es,Vommasandra
192341089,2497937,es,Kunibande
192341320,2497940,es,Kurravanipalle
192341551,2497943,es,Rangasamudram
192341705,2497945,es,Nagannakota
192341859,2497947,es,Aletipalle
192341936,2497948,es,Balasanipalli
192342321,2497953,es,Achammakota
192342398,2497954,es,Babugaripalle
192342552,2497956,es,Vemaletikota
192342783,2497959,es,Sithivaripalle
192342937,2497961,es,Tottivaripalle
192343091,2497963,es,Bandamedipalle
192343322,2497966,es,Erramreddigaripalle
192343399,2497967,es,Kavalivandlapalle
192343707,2497971,es,Pakirureddigaripalle
192343784,2497972,es,Dasireddigaripalle
192343861,2497973,es,Maligavandlapalle
192344015,2497975,es,Maddinayanipalle
192344169,2497977,es,Enumulavandlapalle
192344246,2497978,es,Daramvandlapalle
192344323,2497979,es,Vengamgari Palle
192344400,2497980,es,Peddapalle
192344477,2497981,es,Peddayyagaripalle
192344708,2497984,es,Maligavandlapalle
192344785,2497985,es,Natavarayanipalle
192344939,2497987,es,Vepurikota
192345016,2497988,es,Rajulapalle
192345093,2497989,es,Avulavandlapalle
192345170,2497990,es,Marikeruvaripalle
192345401,2497993,es,Botukavaripalle
192345786,2497998,es,Jonnavandlapalle
192345863,2497999,es,Devarapalle
192345940,2498000,es,Tummalavandlapalle
192346017,2498001,es,Timmareddivaripalle
192346094,2498002,es,Patapalle
192346248,2498004,es,Kottamalapalle
192346325,2498005,es,Dadamvandlapalle
192346633,2498009,es,Ranganayanivaripalle
192346710,2498010,es,Erraguttavaripalle
192347172,2498016,es,Dinnemidapalle
192347249,2498017,es,Choreddigaripalle
192347326,2498018,es,Gudisivaripalle
192347403,2498019,es,Reddivaripalle
192347480,2498020,es,Devarajupalle
192347788,2498024,es,Kayalavaripalle
192347865,2498025,es,Bayyappagaripalle
192348019,2498027,es,Papireddivaripalle
192348096,2498028,es,Morampalle
192348404,2498032,es,Mogasalamarri
192348635,2498035,es,Guntavaripalle
192348789,2498037,es,Jangalapalle
192348943,2498039,es,Kotareddivaripalle
192349097,2498041,es,Chennareddigaripalle
192349559,2498047,es,Peddapalle
192349867,2498051,es,Mutravandlapalle
192350329,2498057,es,Kondlapalle
192351484,2498072,es,Kosuvaripalle
192351638,2498074,es,Taruguvaripalle
192351715,2498075,es,Voddapalle
192351869,2498077,es,Chitikavaripalle
192352177,2498081,es,Tsakalapalle
192352331,2498083,es,Sitivaripalle
192352716,2498088,es,Kottapalle
192353178,2498094,es,Chinnappareddigaripalle
192353486,2498098,es,Mudireddigaripalle
192353717,2498101,es,Kottapalle
192353871,2498103,es,Adivipalle
192353948,2498104,es,Kottapalle
192354179,2498107,es,Kachepalle
192354256,2498108,es,Gajulapalle
192354487,2498111,es,Nallappareddipalle
192354564,2498112,es,Reddivaripalle
192354718,2498114,es,Konkavaripalle
192354872,2498116,es,Gollapalle
192355180,2498120,es,Bodivandlapalle
192355257,2498121,es,Gammadikayalapalle
192355565,2498125,es,Enupotulavandlapalle
192355796,2498128,es,Dadamvandlapalle
192355873,2498129,es,Bhadrayyagaripalle
192355950,2498130,es,Sripativaripalle
192356027,2498131,es,Paradesipalle
192356104,2498132,es,Bandrlapalle
192356258,2498134,es,Tirumalaguttapalle
192356335,2498135,es,Tangallapalle
192357259,2498147,es,Angallu
192357336,2498148,es,Poreddivandlapalle
192357798,2498154,es,Pusavaripalle
192357875,2498155,es,Narlapalle
192358029,2498157,es,Chintamakulapalle
192358183,2498159,es,Katlapalle
192358260,2498160,es,Mamidigumpulapalle
192358568,2498164,es,Jillavandlapalle
192358645,2498165,es,Katlagantivaripalle
192358799,2498167,es,Makulavandlapalle
192358876,2498168,es,Medipalle
192359184,2498172,es,Guttamidipalle
192359261,2498173,es,Appilinayanipalle
192359877,2498181,es,Tettu
192360031,2498183,es,Galitivaripalle
192360262,2498186,es,Diguvachinnamarri
192360339,2498187,es,Eguvachinnamarri
192360416,2498188,es,Bolikavaripalle
192360955,2498195,es,Chinapalle
192361109,2498197,es,Mudiumvaripalle
192361186,2498198,es,Pulusumanipenta
192361263,2498199,es,Arimanipenta
192361340,2498200,es,Motukupalle
192361494,2498202,es,Tangivaripalle
192361648,2498204,es,Pamurivandlapalle
192361725,2498205,es,Petrovaripalle
192361802,2498206,es,Kottapalle
192361879,2498207,es,Mangachikadinne
192361956,2498208,es,Kondakindepalle
192362264,2498212,es,Ayyavaripalle
192362341,2498213,es,Baddipalle
192362418,2498214,es,Surapuvaripalle
192362572,2498216,es,Nammalpalle
192362726,2498218,es,Burujupalle
192362803,2498219,es,Kottavudiyam
192362957,2498221,es,Badikayalapalle
192363188,2498224,es,Kasipalle
192363342,2498226,es,Dabbalavandlapalle
192363419,2498227,es,Valasaguttapalli
192363496,2498228,es,Seturayanipalle
192363573,2498229,es,Gutturu
192363727,2498231,es,Obisettipalle
192363958,2498234,es,Cuttamithavaripalli
192364112,2498236,es,Gudipalli
192364266,2498238,es,Pedduru
192364497,2498241,es,Mallemvaripalli
192364651,2498243,es,Thummalavaripalli
192364728,2498244,es,Sagalavaripalli
192364882,2498246,es,Kambalapalli
192364959,2498247,es,Vyapalapalli
192365113,2498249,es,Vempalli
192365190,2498250,es,Edaganapalli
192365421,2498253,es,Thorlavaripalli
192365498,2498254,es,Jangampalli
192365575,2498255,es,Eguvachintapalli
192365883,2498259,es,Kempareddigaripalli
192365960,2498260,es,Mudivaripalli
192366191,2498263,es,Tamalampalli
192366268,2498264,es,Vangasavaripalli
192366499,2498267,es,Kadirampalli
192366576,2498268,es,Upparapalli
192366653,2498269,es,Bhogamvaripalli
192366730,2498270,es,Gudasivarapalli
192366807,2498271,es,Basanapalli
192366884,2498272,es,Kandlevaripalli
192366961,2498273,es,Chirakorapalli
192367115,2498275,es,Mondyala
192367269,2498277,es,Madarankapalli
192367423,2498279,es,Bodireddipalli
192367577,2498281,es,Balevaripalli
192367654,2498282,es,Mudimadugu
192367731,2498283,es,Malamutkapalli
192367808,2498284,es,Ammacheruvupalli
192367962,2498286,es,Murramkondapalli
192368347,2498291,es,Dombarapalli
192368424,2498292,es,Guntipalli
192368501,2498293,es,Anepalli
192368732,2498296,es,Jinkalavaripalli
192368809,2498297,es,Sunnakallu
192369194,2498302,es,Panasamakulapalle
192369271,2498303,es,Savaramvaripalle
192369425,2498305,es,Ponnutipalem
192369502,2498306,es,Motlapalli
192369887,2498311,es,Ankisettipalle
192369964,2498312,es,Kottapalle
192370118,2498314,es,Sundareddipalle
192370195,2498315,es,Danduvaripalle
192370272,2498316,es,Kotagudda
192370349,2498317,es,Udumvaripalle
192370580,2498320,es,Errappavandlapalle
192370734,2498322,es,Tekurpalem
192370811,2498323,es,Malepadu
192370888,2498324,es,Kotturu
192370965,2498325,es,Venkatannagaripalle
192371196,2498328,es,Maddigundlapalle
192371350,2498330,es,Jolapalem
192371504,2498332,es,Guttakindepalle
192371581,2498333,es,Jangalavaripalle
192371658,2498334,es,Vempalle
192371735,2498335,es,Ragimakulapalli
192371812,2498336,es,Kollavaripalle
192372274,2498342,es,Sonnapalli
192372351,2498343,es,Kottapalli
192372505,2498345,es,Reddimpalli
192372659,2498347,es,Gunderu
192372736,2498348,es,Chakapalli
192372813,2498349,es,Lakshmisagara
192372890,2498350,es,Pathanelavanki
192372967,2498351,es,Koppavaripalli
192373275,2498355,es,Tammareddigarapalli
192373660,2498360,es,Manchinillakote
192373737,2498361,es,Marimakalapalli
192373968,2498364,es,Pacharamakalapalli
192374045,2498365,es,Bhattuvaripalli
192374199,2498367,es,Nelavanki
192374276,2498368,es,Upparapalli
192374430,2498370,es,Kondasandra
192374507,2498371,es,Burakayalakote
192374584,2498372,es,Patakote
192374661,2498373,es,Gorivimakalapalli
192374738,2498374,es,Nambuvaripalli
192374815,2498375,es,Subbagundlapalli
192374969,2498377,es,Palligadde
192375354,2498382,es,Ammagaripet
192375816,2498388,es,Nallarachagaripalle
192375970,2498390,es,Gollapalli
192376124,2498392,es,Satanurpalli
192376278,2498394,es,Pandivaripalli
192376355,2498395,es,Muddepalli
192376432,2498396,es,Pamatampalli
192376509,2498397,es,Pulagurukote
192376663,2498399,es,Mochuvarapalli
192376740,2498400,es,Kattikasanapalli
192376894,2498402,es,Alchepalle
192377202,2498406,es,Jakkalavaripalle
192377356,2498408,es,Chambakuru
192377587,2498411,es,Erranelapalle
192377741,2498413,es,Nammuvaripalle
192377818,2498414,es,Tekupalle
192377972,2498416,es,Nariganipalle
192378049,2498417,es,Voddevanipalle
192378511,2498423,es,Kannimadugupalempalle
192378896,2498428,es,Adivilapalle
192379127,2498431,es,Payasimvaripalle
192379358,2498434,es,Sevaripalle
192379666,2498438,es,Chirlapalle
192379743,2498439,es,Balijapalle
192379820,2498440,es,Eguvapalle
192379974,2498442,es,Channareddipalle
192380051,2498443,es,Kappalle
192380128,2498444,es,Bapanayanipalle
192380205,2498445,es,Poturajupalle
192380282,2498446,es,Diguvapalle
192380359,2498447,es,Mochuvaripalle
192380436,2498448,es,Ajjareddipalle
192380513,2498449,es,Panasamanukunta
192380590,2498450,es,Gollapalle
192380667,2498451,es,Kondamidipalle
192380744,2498452,es,Guttavaripalle
192380975,2498455,es,Manivaripalle
192381052,2498456,es,Gollapalle
192381129,2498457,es,Dasireddipalle
192381206,2498458,es,Ellampalle
192381283,2498459,es,Gavunivaripalle
192381360,2498460,es,Gosuvaripalle
192381437,2498461,es,Arikela
192381514,2498462,es,Chintamakulapalle
192381822,2498466,es,Narapalle
192381976,2498468,es,Kamatampalle
192382053,2498469,es,Morumpalle
192382130,2498470,es,Nallappagaripalle
192382361,2498473,es,Manivaripalle
192382438,2498474,es,Eguvakammapalle
192382515,2498475,es,Ragimakulapalle
192382669,2498477,es,Sanipalle
192382823,2498479,es,Errappasettipalle
192383131,2498483,es,Miniki
192383362,2498486,es,Kotturu
192383439,2498487,es,Mugavadi
192383593,2498489,es,Errapalle
192383670,2498490,es,Kanagani
192383824,2498492,es,Kurijili
192384209,2498497,es,Gampanapalie
192384286,2498498,es,Utugollapalle
192384594,2498502,es,Dinnepalle
192384825,2498505,es,Rajagundlahalli
192384979,2498507,es,Gajjigangannapalli
192385133,2498509,es,Doddipalle
192385210,2498510,es,Ganganatta
192385441,2498513,es,Elavanelluru
192385518,2498514,es,Paigadda
192385595,2498515,es,Daserlapalle
192385672,2498516,es,Peddakurapalle
192385749,2498517,es,Talaripeddipalle
192386057,2498521,es,Somayajilapalli
192386211,2498523,es,Pegalapalli
192386596,2498528,es,Adavichambur
192386673,2498529,es,Thantharlapalli
192386750,2498530,es,Purnipalli
192386827,2498531,es,Brahmanapalli
192386981,2498533,es,Gunduvaripalle
192387289,2498537,es,Ballasamudram
192387366,2498538,es,Nadimpalle
192387674,2498542,es,Kotaballapalli
192387751,2498543,es,Raddipalli
192387828,2498544,es,Chinnepalli
192387982,2498546,es,Diguvapalli
192388059,2498547,es,An Najd al `Ali
192388136,2498548,es,Pataballapalli
192388213,2498549,es,Koranelli
192388290,2498550,es,Maldepalli
192388367,2498551,es,Virathimmanahalli
192388521,2498553,es,Nernipalli
192388598,2498554,es,Kallukunte
192388675,2498555,es,Hogalagere
192388752,2498556,es,Gijiganahalli
192388829,2498557,es,Pet Inn Ka Lay
192388983,2498559,es,Dasarathimmanahalli
192389291,2498563,es,Chokkareddipalli
192389445,2498565,es,Dimbala
192389599,2498567,es,Kotrakuli
192389753,2498569,es,Devalapalli
192389830,2498570,es,Imarakunte
192389907,2498571,es,Hodali
192389984,2498572,es,Chokkanahalli
192390138,2498574,es,Muthakapalli
192390292,2498576,es,Peddapalli
192390677,2498581,es,Gottikunte
192390831,2498583,es,Arikere
192390908,2498584,es,Lalapur
192391062,2498586,es,Yadarur
192391139,2498587,es,Kattibisanahalli
192391216,2498588,es,Sithareddipalli
192391293,2498589,es,Kolatur
192391370,2498590,es,Pindiginagara
192391447,2498591,es,Aralakunte
192391755,2498595,es,Achampalli
192391832,2498596,es,Chinnapalli
192391909,2498597,es,Boyipalli
192391986,2498598,es,Agara
192392063,2498599,es,Vadigepalli
192392294,2498602,es,Karingi
192392448,2498604,es,Bisavanhalli
192392679,2498607,es,Koladevi
192392833,2498609,es,Kondenahalli
192392910,2498610,es,Gollahalli
192392987,2498611,es,Harakanaikanahalli
192393295,2498615,es,Gukunte
192393526,2498618,es,Kallukere
192393911,2498623,es,Chokkandlapalle
192394142,2498626,es,Mirjepalle
192394373,2498629,es,Gudduru
192394450,2498630,es,Naganahalli
192394681,2498633,es,Kallarasanahalli
192394758,2498634,es,Honnikere
192395451,2498643,es,Ganganahalli
192395759,2498647,es,Dasarallahalli
192395836,2498648,es,Kottapete
192395913,2498649,es,Gollapalle
192395990,2498650,es,Gollahalli
192396144,2498652,es,Pujarahalli
192396298,2498654,es,Iragamuttanahalli
192396606,2498658,es,Bairakur
192396683,2498659,es,Kurubarahalli
192396760,2498660,es,Kempapura
192396837,2498661,es,Yaluvahalli
192396991,2498663,es,Balasandra
192397068,2498664,es,Madaghatta
192397145,2498665,es,Sangasandra
192397299,2498667,es,Arahalli
192397453,2498669,es,Balesettihalli
192397530,2498670,es,Bestrahalli
192397607,2498671,es,Mudiyanur
192397684,2498672,es,Seshapura
192397838,2498674,es,Kamasandra
192397992,2498676,es,Pombarahalli
192398069,2498677,es,Nallandahalli
192398223,2498679,es,Uttanur
192398300,2498680,es,Isukamitta
192398377,2498681,es,Vaniganahalli
192398454,2498682,es,Alaganahalli
192398762,2498686,es,Kuthandahalli
192398839,2498687,es,Rachabandahalli
192398916,2498688,es,Kurudamele
192398993,2498689,es,Siddaghatta
192399070,2498690,es,Hosahalli
192399147,2498691,es,Marandahalli
192399301,2498693,es,Srirangapura
192399378,2498694,es,Kenchanahalli
192399609,2498697,es,Gangapura
192399686,2498698,es,Maraheru
192399763,2498699,es,Vaddahalli
192399840,2498700,es,Chikkapadmaghatta
192399917,2498701,es,Dodda Padmaghatta
192399994,2498702,es,Tatikallu
192400071,2498703,es,Halekoppa
192400148,2498704,es,Bevuhalli
192400225,2498705,es,Siddanahalli
192400379,2498707,es,Yachanahalli
192400610,2498710,es,Bachamakalhalli
192400687,2498711,es,Batrahalli
192400764,2498712,es,Alalasandra
192400841,2498713,es,Darenahalli
192400918,2498714,es,Segehalli
192400995,2498715,es,Lingapura
192401149,2498717,es,Yanadigollahalli
192401226,2498718,es,Banahalli
192401534,2498722,es,Meleri
192401611,2498723,es,Gangarasanahalli
192401765,2498725,es,Nallur
192401842,2498726,es,Hanumanhalli
192401919,2498727,es,Kottamangala
192401996,2498728,es,Khadripura
192402150,2498730,es,Chikka Bandahalli
192402227,2498731,es,Mannenahalli
192402304,2498732,es,Machchanahalli
192402458,2498734,es,Alamgur
192402920,2498740,es,Doddatammanahalli
192403074,2498742,es,Palurahalli
192403151,2498743,es,Nernahalli
192403536,2498748,es,Doddaguttahalli
192403613,2498749,es,Nagamangla
192403690,2498750,es,Vajranagenahalli
192403767,2498751,es,Chikkaguttahalli
192403844,2498752,es,Bhattavarahalli
192404075,2498755,es,Pulipapenahalli
192404152,2498756,es,Kapabikkanahalli
192404229,2498757,es,Timmapur
192404460,2498760,es,Puttenahalli
192404691,2498763,es,Belaganahalli
192404768,2498764,es,Agrahara
192404845,2498765,es,Dommasandra
192404922,2498766,es,Ramaraokote
192404999,2498767,es,Gottikunte
192405076,2498768,es,Kilagani
192405230,2498770,es,Kannasandra
192405307,2498771,es,Karadiguru
192405384,2498772,es,Melagani
192405461,2498773,es,Kavanattanahalli
192405538,2498774,es,Manchiganahalli
192405615,2498775,es,Gumlapura
192405692,2498776,es,Sangondahalli
192405769,2498777,es,Kadakachchanahalli
192405846,2498778,es,Chokkadoddi
192405923,2498779,es,Yarraginnenahalli
192406154,2498782,es,Vaddahalli
192406308,2498784,es,Dodda Bandahalli
192406385,2498785,es,Sonnavadi
192406462,2498786,es,Kadripura
192406616,2498788,es,Thoradi
192406770,2498790,es,Settibanakanahalli
192406847,2498791,es,Jogalakasti
192407078,2498794,es,Padakasti
192407463,2498799,es,Doddamadenahalli
192407617,2498801,es,Ananthapur
192407694,2498802,es,Jammanahalli
192407771,2498803,es,Guttur
192407848,2498804,es,Varadaganahalli
192408079,2498807,es,Vijalapura
192408156,2498808,es,Ganjakunte
192408233,2498809,es,Cholagunte
192408310,2498810,es,Avani
192408387,2498811,es,Kasipura
192408464,2498812,es,Kagganahalli
192408618,2498814,es,Chitteri
192408695,2498815,es,Channapura
192408772,2498816,es,Reddyhalli
192408849,2498817,es,Bandahalli
192409080,2498820,es,Kurubarahalli
192409696,2498828,es,Hosakere
192409927,2498831,es,Kempapura
192410158,2498834,es,Batlabavanahalli
192410235,2498835,es,Ramenallur
192410389,2498837,es,Yanadihalli
192410466,2498838,es,Thambhalli
192410774,2498842,es,Mallapanahalli
192410851,2498843,es,Huthur
192411082,2498846,es,Shahapur
192411236,2498848,es,Holali
192411313,2498849,es,Putteri
192411390,2498850,es,Kiluholali
192411467,2498851,es,Siresandra
192411621,2498853,es,Argahara Somarasanahalli
192411698,2498854,es,Nilakantapura
192411775,2498855,es,Tambarahalli
192411852,2498856,es,Kanganallur
192412006,2498858,es,Maddinayakanahalli
192412083,2498859,es,Jayamangala
192412160,2498860,es,Badamakanhalli
192412391,2498863,es,Kadiregaudanakote
192412545,2498865,es,Chigarapura
192412930,2498870,es,Nallur
192413084,2498872,es,Gollahalli
192413161,2498873,es,Timmasandra
192413469,2498877,es,Kallikuppa
192413546,2498878,es,Natta
192413700,2498880,es,Kottur
192413931,2498883,es,Nagasandra
192414008,2498884,es,Kurubarahalli
192414162,2498886,es,Angondahalli
192414239,2498887,es,Gopasandra
192414316,2498888,es,Rampura
192414393,2498889,es,Bhattrakuppa
192414470,2498890,es,Marasandra
192414624,2498892,es,Nayinahalli
192414701,2498893,es,Siddaraddidinne
192414778,2498894,es,Kavaraganahalli
192415163,2498899,es,Nernahalli
192415240,2498900,es,Betatkur
192415317,2498901,es,Kondihalli
192415394,2498902,es,Gennerahalli
192415548,2498904,es,Koravenur
192415625,2498905,es,Mittahalli
192415702,2498906,es,Honaganahalli
192415779,2498907,es,Belapanahalli
192415856,2498908,es,Bommesandra
192415933,2498909,es,Seshapura
192416087,2498911,es,Mel Yayilur
192416164,2498912,es,Sunnagur
192416472,2498916,es,Madderi
192416549,2498917,es,Somarasanahalli
192416703,2498919,es,Krishnapur
192417165,2498925,es,Tirumanahalli
192417242,2498926,es,Sanyasipalli
192417550,2498930,es,Kuppandahalli
192417627,2498931,es,Appenahalli
192417704,2498932,es,Kogilere
192418089,2498937,es,Yalachepalli
192418166,2498938,es,Gajulabavi
192418243,2498939,es,Yadahalli
192418320,2498940,es,Kuppampalya
192418474,2498942,es,Gandhudihalli
192418628,2498944,es,Hulkur
192419013,2498949,es,Choudepalle
192419475,2498955,es,Dayyalupalle
192419629,2498957,es,Nakkanapalle
192419706,2498958,es,Javunipalle
192419860,2498960,es,Bairasandra
192420014,2498962,es,Gajamarandahalli
192420091,2498963,es,Kumadenahalli
192420245,2498965,es,Reddihalli
192420322,2498966,es,Timmaravattanahalli
192420399,2498967,es,Mavattur
192420476,2498968,es,Chintalagunta
192420630,2498970,es,Vengasandra
192420707,2498971,es,Petandahalli
192420784,2498972,es,Kadenahalli
192420861,2498973,es,Perammakanahalli
192421092,2498976,es,Kerasamangala
192421169,2498977,es,Kurubarahalli
192421246,2498978,es,Surakunte
192421323,2498979,es,Bakativaripalle
192421400,2498980,es,Arantlapalli
192421477,2498981,es,Avulavaripalle
192421554,2498982,es,Chilakavaripalle
192422247,2498991,es,Baranipalle
192422324,2498992,es,Chinnapalle
192422401,2498993,es,Chittemvaripalle
192422555,2498995,es,Kuduvapalle
192422709,2498997,es,Pujaganipalle
192422863,2498999,es,Vepamakulapalle
192423171,2499003,es,Peddathanda
192423479,2499007,es,Ontimitta
192423633,2499009,es,Yellaribayalu
192423710,2499010,es,Bodivaripalle
192424095,2499015,es,Gurujulavaripalle
192424172,2499016,es,Motlapalle
192424326,2499018,es,Mekalavaripalle
192424557,2499021,es,Agestiganipalle
192424711,2499023,es,Annipalle
192424865,2499025,es,Kenganapalle
192424942,2499026,es,Ellampalle
192425019,2499027,es,Enamasamanapalle
192425173,2499029,es,Guttakindapalle
192425250,2499030,es,Chippilivaripalle
192425327,2499031,es,Chinnaobanapalle
192425558,2499034,es,Chedugutlapalle
192425789,2499037,es,Karanamvandlapalle
192426405,2499045,es,Kolimpalle
192426482,2499046,es,Marrimakulapalle
192426790,2499050,es,Atlavaripalle
192426944,2499052,es,Dasarayyagaripalle
192427175,2499055,es,Enganapalle
192427252,2499056,es,Palyampalle
192427329,2499057,es,Palageripalle
192427406,2499058,es,Pornipenta
192427637,2499061,es,Samireddipalle
192427791,2499063,es,Chinnakampalle
192427945,2499065,es,Parikidona
192428022,2499066,es,Chavudaganipalle
192428176,2499068,es,Gaddamvaripalle
192428330,2499070,es,Battalapuram
192428484,2499072,es,Kondamarri
192428561,2499073,es,Nagireddipalle
192428792,2499076,es,Avanigunta
192429177,2499081,es,Chinnakondamarri
192429562,2499086,es,Chitreddipalle
192429639,2499087,es,Pandillapalle
192429716,2499088,es,Ajjapalle
192429870,2499090,es,Devaragudipalle
192429947,2499091,es,Kottapalle
192430024,2499092,es,Balasamudram
192430255,2499095,es,Mudireddipalle
192430486,2499098,es,Totakurapalle
192430640,2499100,es,Chinnaketanapalle
192430794,2499102,es,Bandamidapalle
192430948,2499104,es,Gandlapalle
192431025,2499105,es,Settipeta
192431102,2499106,es,Errapalle
192431256,2499108,es,Jangalapalle
192431410,2499110,es,Charala
192431487,2499111,es,Odulapeta
192431564,2499112,es,Durgasamudram
192431718,2499114,es,Mallasamudram
192431795,2499115,es,Dadepalle
192431872,2499116,es,Butakapalle
192431949,2499117,es,Papisettypalle
192432026,2499118,es,Chintamakulapalle
192432103,2499119,es,Chimparapalle
192432257,2499121,es,Kantayyapalle
192432411,2499123,es,Guttapalle
192432488,2499124,es,Modugulapalle
192432565,2499125,es,Moravabhimaganipalle
192432642,2499126,es,Bhimaganipalle
192432796,2499128,es,Rampalle
192432873,2499129,es,Dandupalem
192433027,2499131,es,Raganipalle
192433104,2499132,es,Lokkunta
192433181,2499133,es,Kallampalle
192433258,2499134,es,Mallupalli
192433335,2499135,es,Bayyanapalle
192433489,2499137,es,Cherlopalle
192433566,2499138,es,Boyapalle
192433643,2499139,es,Katiperi
192433797,2499141,es,Boyapalle
192434105,2499145,es,Pudipatla
192434182,2499146,es,Laddigam
192434259,2499147,es,Gollapalle
192434336,2499148,es,Chedalla
192434490,2499150,es,Kondayyagaripalle
192434567,2499151,es,Singamvandlapalle
192434644,2499152,es,Konduru
192434798,2499154,es,Yatavakili
192434875,2499155,es,Kupparapalle
192435029,2499157,es,Garigipalle
192435337,2499161,es,Bodinayanipalle
192435491,2499163,es,Krishnareddipalle
192435568,2499164,es,Krishnapuram
192435645,2499165,es,Malenattam
192435722,2499166,es,Bagepalle
192436030,2499170,es,Kallupalle
192436261,2499173,es,Kotturu
192436415,2499175,es,Mangalam
192436492,2499176,es,Jangalapalle
192436569,2499177,es,Vanganipalle
192436723,2499179,es,Kurappalli
192436800,2499180,es,Gundlapalle
192436877,2499181,es,Mittakembadi
192437031,2499183,es,Bairemangalam
192437108,2499184,es,Mardanapalle
192437262,2499186,es,Gopisettipalle
192437416,2499188,es,Appiganapalle
192437493,2499189,es,Magandlapalle
192437570,2499190,es,Obireddipalle
192437647,2499191,es,Eduru
192437801,2499193,es,Vanamaladinne
192437955,2499195,es,Kotturu
192438032,2499196,es,Ammiganipalle
192438109,2499197,es,Kondamdoddi
192438186,2499198,es,Alajaneru
192438263,2499199,es,Siddareddipalle
192438340,2499200,es,Kummarikunta
192438648,2499204,es,Kirumani
192438725,2499205,es,Naganahalli
192438879,2499207,es,Punyahalli
192438956,2499208,es,Bangavadi
192439110,2499210,es,Peddakondacherla
192439264,2499212,es,Kurappalle
192439341,2499213,es,Chinnakondacherla
192439495,2499215,es,Hebbani
192439803,2499219,es,Sampalle
192439880,2499220,es,Rajapalle
192439957,2499221,es,Sunnapalle
192440265,2499225,es,Singirigunta
192440342,2499226,es,Pichigundlapalle
192440419,2499227,es,Kondiganipalle
192440573,2499229,es,Daserlapalle
192440650,2499230,es,Chimanapalle
192440804,2499232,es,Kuravapalle
192440881,2499233,es,Battamdoddi
192440958,2499234,es,Banakamdoddi
192441035,2499235,es,Kotturu
192441189,2499237,es,Basapuram
192441266,2499238,es,Kapalem Mittapalle
192441343,2499239,es,Kondasamudram
192441574,2499242,es,Penchupalle
192441728,2499244,es,Ettur
192441882,2499246,es,Kottapalle
192441959,2499247,es,Nallurupalle
192442190,2499250,es,Morampalli
192442267,2499251,es,Burravaripalle
192442344,2499252,es,Dharmavarampalle
192442421,2499253,es,Angutotapalle
192442575,2499255,es,Kunchanapalle
192442652,2499256,es,Mangapalle
192442729,2499257,es,Itukanellur
192443037,2499261,es,Battalapuram
192443114,2499262,es,Kotturu
192443191,2499263,es,Turlapalle
192443268,2499264,es,Kelavati
192443345,2499265,es,Erratimmanapalle
192443422,2499266,es,Gundlapalle
192443653,2499269,es,Kolatturu
192443807,2499271,es,Chennareddipalle
192443961,2499273,es,Voddapalle
192444115,2499275,es,Gavunivaripalle
192444192,2499276,es,Nadimpalle
192444423,2499279,es,Nagireddipalle
192444500,2499280,es,Lingamnayanipalle
192444577,2499281,es,Marripalle
192444885,2499285,es,Bandlapalle
192444962,2499286,es,Peddavelagatur
192445039,2499287,es,Chinna Velagaturu
192445116,2499288,es,Kammanayanipalle
192445193,2499289,es,Karasanepalle
192445270,2499290,es,Mittapalle
192445424,2499292,es,Jangalapalli
192445501,2499293,es,Pedda Arekunta
192445655,2499295,es,Gurivireddypalle
192445732,2499296,es,Chinna Arekunta
192445809,2499297,es,Dasarampalle
192445963,2499299,es,Lingapuram
192446040,2499300,es,Gaddamvaripalle
192446271,2499303,es,Polepalle
192446348,2499304,es,Nernipalle
192446425,2499305,es,Ammarajupalle
192446733,2499309,es,Chamarajupalle
192446964,2499312,es,Rachapalle
192447118,2499314,es,Peddapanjani
192447349,2499317,es,Maddalkunta
192447426,2499318,es,Chikaladinnepalle
192447503,2499319,es,Gallaripalle
192447580,2499320,es,Palempalle
192447657,2499321,es,Nelapalle
192447888,2499324,es,Guttivaripalle
192447965,2499325,es,Gudipalle
192448350,2499330,es,Chelamangalam
192448504,2499332,es,Basavarajukandriga
192448581,2499333,es,Chinnamanayanipalle
192448735,2499335,es,Kallupalle
192448812,2499336,es,Yellampalle
192448889,2499337,es,Kogileru
192448966,2499338,es,Puttaganipalle
192449351,2499343,es,Venkatapura
192449428,2499344,es,Chowdanahalli
192449505,2499345,es,Sigehosahalli
192449736,2499348,es,Kukkaldoddi
192449813,2499349,es,Kagganahalli
192450121,2499353,es,Gandrajupalle
192450275,2499355,es,Anantapuram
192450429,2499357,es,Upparahalli
192450737,2499361,es,Peddur
192451122,2499366,es,Bytanur
192451199,2499367,es,Jallapalli
192451353,2499369,es,Gundugallu
192451430,2499370,es,Bommanapalle
192451507,2499371,es,Patagundugallu
192451584,2499372,es,Chinnappareddipalle
192451661,2499373,es,Marjepalle
192451738,2499374,es,Pasupatturu
192451892,2499376,es,Chimaganipalle
192452123,2499379,es,Kurapalle
192452277,2499381,es,Appinapalle
192452431,2499383,es,Sivadi
192452508,2499384,es,Bandarlapalle
192452585,2499385,es,Gonumakulapalle
192452662,2499386,es,Bommarajupalle
192452739,2499387,es,Madurampalle
192452816,2499388,es,Kanganambanda
192452893,2499389,es,Nidigunta
192452970,2499390,es,Kilapalle
192453047,2499391,es,Balepalle
192453124,2499392,es,Saramtlapalle
192453278,2499394,es,Peddinayanipalle
192453355,2499395,es,Marlopalle
192453432,2499396,es,Tattireddipalle
192453509,2499397,es,Ulligunta
192453817,2499401,es,Bestavanipalle
192453894,2499402,es,Atukurallapalle
192453971,2499403,es,Govindasettypalle
192454048,2499404,es,Kurapalle
192454125,2499405,es,Chinnareddipalle
192454202,2499406,es,Battalapalle
192454433,2499409,es,Nagireddipalle
192454510,2499410,es,Eduru
192454587,2499411,es,Tallapalle
192454741,2499413,es,Tamireddipalle
192455126,2499418,es,Mailapura
192455203,2499419,es,Ramachandrapura
192455434,2499422,es,Dasallapalle
192455588,2499424,es,Jambuguttapalle
192455742,2499426,es,Kasuvuganahalli
192455896,2499428,es,Dandapalle
192455973,2499429,es,Gundlapalle
192456127,2499431,es,Melumayi
192456435,2499435,es,Motagapalle
192456512,2499436,es,Maredupalle
192456589,2499437,es,Chillavaripalle
192456666,2499438,es,Kurnipalle
192456743,2499439,es,Gangavaram
192457128,2499444,es,Jidimakulapalle
192457282,2499446,es,Kurapalle
192457359,2499447,es,Kanchireddipalle
192457436,2499448,es,Mamadugu
192457667,2499451,es,Nakkapalle
192457744,2499452,es,Ranginayanipalle
192457821,2499453,es,Moram
192458052,2499456,es,Kurappalle
192458129,2499457,es,Jallipeta
192458283,2499459,es,Tavadapalle
192458360,2499460,es,Mudiyarpalle
192458745,2499465,es,Bommidoddi
192458822,2499466,es,Ramapuram
192459207,2499471,es,Samudrapalle
192459592,2499476,es,Gundlapalle
192459669,2499477,es,Errakondapalle
192459823,2499479,es,Palamakulapalle
192459977,2499481,es,Motlapalle
192460054,2499482,es,Karidimadugu
192460208,2499484,es,Chettapenta
192460285,2499485,es,Virupakshipuram
192460362,2499486,es,Chappidipalle
192460439,2499487,es,Gangapuram
192460593,2499489,es,Belupalle
192460670,2499490,es,Korumakulapalle
192460824,2499492,es,Burisettipalle
192460901,2499493,es,Mekalanagireddipalle
192460978,2499494,es,Dharmapuri
192461209,2499497,es,Gaddindlu
192461363,2499499,es,Gollachimanapalle
192461440,2499500,es,Mittapalle
192461517,2499501,es,Nachukuppam
192461594,2499502,es,Muganapalle
192461671,2499503,es,Alapalle
192461825,2499505,es,Gaddur
192462056,2499508,es,Sanipalle
192462133,2499509,es,Kaigallu
192462210,2499510,es,Ragavapalle
192462287,2499511,es,Totakanama
192462364,2499512,es,Mornapalle
192462441,2499513,es,Potanapalle
192462518,2499514,es,Appakondahalli
192462595,2499515,es,Yatturahalli
192462826,2499518,es,Pacharamakulapalle
192462903,2499519,es,Komaramadugu
192462980,2499520,es,Nagireddipalle
192463057,2499521,es,Venkatapalle
192463288,2499524,es,Ad Dirah
192463365,2499525,es,Krishnapuram
192463442,2499526,es,Kodagallu
192463519,2499527,es,Mottapalle
192463673,2499529,es,Tettu
192463750,2499530,es,Gonumakulapalle
192463827,2499531,es,Marrimakulapalle
192463904,2499532,es,Kumbarlapalle
192463981,2499533,es,Bodiguttapalle
192464058,2499534,es,Errampalle
192464289,2499537,es,Verinagepalle
192464366,2499538,es,Kuppanapalle
192464520,2499540,es,Paturunattam
192464597,2499541,es,Patapeta
192464751,2499543,es,Engamaripalle
192464828,2499544,es,Kadatotapalle
192464905,2499545,es,Chikkanapalle
192465059,2499547,es,Patnapalle
192465213,2499549,es,Chelaganipalle
192465367,2499551,es,Chinnpuram
192465598,2499554,es,Peddapuram
192465675,2499555,es,Kanchanapalle
192465752,2499556,es,Lakkanapalle
192465829,2499557,es,Kaminayanipalle
192465906,2499558,es,Ramanapalle
192466368,2499564,es,Nagireddipalle
192466599,2499567,es,Jolarpalle
192466753,2499569,es,Mittapalle
192466830,2499570,es,Kammanapalle
192467138,2499574,es,Gaunitimmepalle
192467215,2499575,es,Kakkanur
192467369,2499577,es,Nellipatla
192467523,2499579,es,Timmayyagaripalle
192467600,2499580,es,Nallaguttapalle
192467985,2499585,es,Kokkalur
192468062,2499586,es,Virisettipalle
192468216,2499588,es,Ghoraghat Khaira
192468293,2499589,es,Bairiya
192468370,2499590,es,Manchagwan
192468447,2499591,es,Sakhuani
192468524,2499592,es,Dumri
192468601,2499593,es,Bagahi
192468678,2499594,es,Bakri Pachrukhiya
192468755,2499595,es,Singahi
192468909,2499597,es,Bakhraha
192469063,2499599,es,Chamardih Bargaon
192469140,2499600,es,Bakwa
192469217,2499601,es,Parsauni
192469294,2499602,es,Pokharia
192469371,2499603,es,Bairiya
192469448,2499604,es,Belwa
192469525,2499605,es,Parsa
192469602,2499606,es,Barharwa
192469679,2499607,es,Sherpur
192469756,2499608,es,Sirsia
192469987,2499611,es,Bankatwa
192470141,2499613,es,Matiaria
192470218,2499614,es,Mahuawa
192470295,2499615,es,Parsa
192470372,2499616,es,Jamhauli
192470449,2499617,es,Pirari
192470526,2499618,es,Mandiha
192470603,2499619,es,Bakhri
192470680,2499620,es,Bajni
192470757,2499621,es,Dumri
192470911,2499623,es,Sithi
192470988,2499624,es,Bijaypur
192471065,2499625,es,Kachkahar
192471142,2499626,es,Tahkaul
192471219,2499627,es,Gamharia
192471373,2499629,es,Baswaria
192471450,2499630,es,Harpur
192471527,2499631,es,Pakri Kalan
192471604,2499632,es,Pakri Khurd
192471681,2499633,es,Matihani
192471758,2499634,es,Kohargari
192471835,2499635,es,Mahui
192471989,2499637,es,Bahlolpur
192472220,2499640,es,Sarari
192472297,2499641,es,Yamdipur
192472374,2499642,es,Hetanpur
192472605,2499645,es,Mukhtarpur
192472682,2499646,es,Chak Eso
192472759,2499647,es,Majlispur
192472836,2499648,es,Alipur Hatta
192472913,2499649,es,Hasanpur Juned
192472990,2499650,es,Bagh Nocha
192473067,2499651,es,Lawapur Narayan
192473144,2499652,es,Inayatpur
192473221,2499653,es,Dhamaun
192473298,2499654,es,Chandpur
192473375,2499655,es,Madhopur
192473452,2499656,es,Lawapur Mehnar
192473683,2499659,es,Gorgawan
192473760,2499660,es,Jagarnathpur
192473914,2499662,es,Phatikwara
192473991,2499663,es,Chamrahra
192474068,2499664,es,Darabpur
192474145,2499665,es,Bishunpur Ghosi
192474299,2499667,es,Basdeopur
192474376,2499668,es,Lodipur Phatikwara
192474453,2499669,es,Ashrafpur Supaul
192474530,2499670,es,Sirdilpur
192474684,2499672,es,Tara Dhamaun
192475146,2499678,es,Karnauti
192475223,2499679,es,Sheikhpura
192475300,2499680,es,Marai
192475377,2499681,es,Jagdispur Sahas
192475531,2499683,es,Manikpatti
192475608,2499684,es,Sarmastpur
192475839,2499687,es,Jalalpur
192475916,2499688,es,Thanpur
192475993,2499689,es,Naurangpur
192476070,2499690,es,Muhammadpur Pohiar
192476147,2499691,es,Derhpura
192476224,2499692,es,Saraita Pohiari
192476301,2499693,es,Jaoj
192476378,2499694,es,Mamsai
192476609,2499697,es,Kalapahar
192476686,2499698,es,Sarai Sheikh Alam
192476763,2499699,es,Jhammanganj
192476840,2499700,es,Mahindwara
192476994,2499702,es,Chak Mohiuddin
192477071,2499703,es,Rampur Chak Lala
192477148,2499704,es,Chak Faridabad
192477225,2499705,es,Hirpur
192477302,2499706,es,Arniya
192477379,2499707,es,Pirapur
192477456,2499708,es,Bishunpatti
192477533,2499709,es,Chand Sarai
192477841,2499713,es,Loma
192478303,2499719,es,Chak Ahsan
192478380,2499720,es,Madhopur
192478457,2499721,es,Mahpura
192478534,2499722,es,Murtazapur Makund
192478611,2499723,es,Larua
192478765,2499725,es,Dadanpur
192478842,2499726,es,Pachbhinda
192479150,2499730,es,Kumaiya
192479304,2499732,es,Halai
192479766,2499738,es,Hasanpur Kandhpakar
192479997,2499741,es,Keshonarayanpur
192480074,2499742,es,Paharpur
192480305,2499745,es,Rasulpur
192480382,2499746,es,Jan Muhammadpur
192480690,2499750,es,Bonddih Asli
192480767,2499751,es,Husainipur
192480844,2499752,es,Bhagwatipur
192480998,2499754,es,Chak Bheli
192481075,2499755,es,Darwa
192481229,2499757,es,Maricha
192481306,2499758,es,Malpur
192481383,2499759,es,Jorpura
192481460,2499760,es,Hawaspur
192481537,2499761,es,Chak Salim
192481614,2499762,es,Bishumpur Paharpur
192481691,2499763,es,Shahpur Undi
192481845,2499765,es,Bhaua
192481922,2499766,es,Lodipur
192481999,2499767,es,Sultanpur Chhaurahi
192482076,2499768,es,Bahadurpur Patori
192482307,2499771,es,Iman Saraiya
192482461,2499773,es,Hatharua
192482615,2499775,es,Ismailpur
192482692,2499776,es,Lagunia
192482846,2499778,es,Sangrampur
192482923,2499779,es,Rupauli Chausima
192483077,2499781,es,Hazrat Shiura
192483154,2499782,es,Adalpur
192483462,2499786,es,Nandi Parsuram
192483693,2499789,es,Saidpur
192483770,2499790,es,Dumduma
192483924,2499792,es,Hemanpur
192484001,2499793,es,Bahadur Chak
192484155,2499795,es,Barhampura
192484232,2499796,es,Mohanpur
192484309,2499797,es,Baghra
192484386,2499798,es,Dumri
192484463,2499799,es,Bingawan
192484540,2499800,es,Sarhad Madho
192484617,2499801,es,Adlalpur
192484771,2499803,es,Ramchandrapur
192484925,2499805,es,Jalalpur
192485002,2499806,es,Shahpur Barat
192485233,2499809,es,Hasni
192486157,2499821,es,Rajepur
192487004,2499832,es,Chapar
192487774,2499842,es,Ghatatoli
192487851,2499843,es,Raspur Patasia
192488082,2499846,es,Muhammadipur
192488390,2499850,es,Tetarpur
192488467,2499851,es,Nawada
192488544,2499852,es,Manjha
192488621,2499853,es,Rahepur
192488698,2499854,es,Madudabad
192488775,2499855,es,Narayanpur
192489083,2499859,es,Rajajan
192489237,2499861,es,Hazratpur
192489468,2499864,es,Barhauna
192489545,2499865,es,Madsudanpur
192489853,2499869,es,Hetimpur
192490161,2499873,es,Chak Umar
192490238,2499874,es,Bangraha
192490546,2499878,es,Sothiawan
192490623,2499879,es,Khedarpur
192490777,2499881,es,Kancha
192491008,2499884,es,Musapur
192491085,2499885,es,Bahadurpur Amauli
192491162,2499886,es,Manikpur
192491239,2499887,es,Balbahadurpur Mahsi
192491316,2499888,es,Raipur Buzurg
192491393,2499889,es,Ahmadpur
192491470,2499890,es,Gangsara
192491624,2499892,es,Chak Allahdad
192491701,2499893,es,Dharampur
192491778,2499894,es,Khajuri
192491855,2499895,es,Chakwa
192492086,2499898,es,Mahuli Damodar
192492163,2499899,es,Udaipur
192492240,2499900,es,Sarangpur
192492317,2499901,es,Harlochanpur
192492625,2499905,es,Surajpur
192492933,2499909,es,Bishunpur Yusuf
192493010,2499910,es,Khesraha
192493164,2499912,es,Tanra
192493318,2499914,es,Araia
192493626,2499918,es,Banbira
192493703,2499919,es,Narghoghi
192494319,2499927,es,Tirmalshettihalli
192494704,2499932,es,Harohalli
192494935,2499935,es,Gulkaipur
192495166,2499938,es,Jantgondanhalli
192495243,2499939,es,Nekkund Domsandra
192495551,2499943,es,Ramnaikanahalli
192495628,2499944,es,Neriga
192495705,2499945,es,Chikanhalli
192495859,2499947,es,Madappanhalli
192496090,2499950,es,Dommasandra
192496321,2499953,es,Chikdasarhalli
192496475,2499955,es,Mahalchauadenhalli
192496706,2499958,es,Hoshalli
192497014,2499962,es,Bikanhalli
192497168,2499964,es,Sollepura
192497245,2499965,es,Handenhalli
192497861,2499973,es,Gonur
192498092,2499976,es,Chudgondanhalli
192498169,2499977,es,Channigarayapura
192498246,2499978,es,Kodihalli
192498323,2499979,es,Mangapura
192498477,2499981,es,Bingipura
192498554,2499982,es,Timmanaikanhalli
192498708,2499984,es,Arleri
192498785,2499985,es,Kuntenahalli
192499093,2499989,es,Noshigeri
192499170,2499990,es,Pursanhalli
192499247,2499991,es,Huralgere
192499324,2499992,es,Channakal
192499401,2499993,es,Yarapashettihalli
192499555,2499995,es,Sonuru
192499709,2499997,es,Satyamangalam
192499786,2499998,es,Narigapuram
192499863,2499999,es,Nandimangalam
192499940,2500000,es,Mugalpalli
192500171,2500003,es,Tummanapalli
192500248,2500004,es,Adavanapalli
192500710,2500010,es,Devisettipalli
192500787,2500011,es,Perumalapalli
192500864,2500012,es,Alur
192500941,2500013,es,Baliganapalli
192501018,2500014,es,Oddapalli
192501095,2500015,es,Devirapalli
192501172,2500016,es,Tarabahalli
192501249,2500017,es,Siddanhalli
192501326,2500018,es,Tattanapalli
192501634,2500022,es,Attur
192501711,2500023,es,Mallasandiram
192501788,2500024,es,Bantahalli
192501865,2500025,es,Benagatta
192501942,2500026,es,Ganagondapalli
192502096,2500028,es,Eluvapalli
192502173,2500029,es,Gandalapalli
192502327,2500031,es,Amutugondapalli
192502712,2500036,es,Kesargeri
192502789,2500037,es,Chavarmangala
192502866,2500038,es,Mirpanhalli
192502943,2500039,es,Bittanhalli
192503020,2500040,es,Sugondanhalli
192503097,2500041,es,Vanamangalam
192503174,2500042,es,Halehalli
192503328,2500044,es,Midithayapalli
192503405,2500045,es,Upparhalli
192503636,2500048,es,Anikarhalli
192503713,2500049,es,Alasapalli
192503790,2500050,es,Bhairandoddi
192503944,2500052,es,Mensandoddi
192504021,2500053,es,Attimugam
192504098,2500054,es,Mukkalapalli
192504329,2500057,es,Mahadevapuram
192504406,2500058,es,Narasapuram
192504483,2500059,es,Kadadanhalli
192504560,2500060,es,Mailandhalli
192504637,2500061,es,Nariganhalli
192504791,2500063,es,Halkempanhalli
192505022,2500066,es,Upparapalli
192505099,2500067,es,Medhatti
192505176,2500068,es,Sonnappanhalli
192505253,2500069,es,Kodaginbele
192505407,2500071,es,Dinneri
192505638,2500074,es,Santehalli
192506100,2500080,es,Padavanhalli
192506177,2500081,es,Dadenaikandoddi
192506254,2500082,es,Nagondhalli
192506408,2500084,es,Aranagatta
192506485,2500085,es,Gonurkoppa
192506562,2500086,es,Balaganhalli
192506639,2500087,es,Indumangala
192506716,2500088,es,Chalaganhalli
192506793,2500089,es,Kadavanpur
192506947,2500091,es,Bupanapalli
192507178,2500094,es,Nagapura
192507409,2500097,es,Matanhalli
192507486,2500098,es,Gundur
192507794,2500102,es,Eluvapalli
192507871,2500103,es,Sokkanathapuram
192507948,2500104,es,Kaganur
192508179,2500107,es,Ganagalur
192508410,2500110,es,Tiravaranga
192508487,2500111,es,Byalhalli
192508564,2500112,es,Sevaganapalli
192508949,2500117,es,Mugalur
192509026,2500118,es,Panditan Agrahar
192509103,2500119,es,Banhalli
192509334,2500122,es,Kugur
192509488,2500124,es,Jujuvadi
192509565,2500125,es,Chikkanhalli
192509719,2500127,es,Bhaktipura
192511028,2500144,es,Narsapur
192511105,2500145,es,Bagur
192511413,2500149,es,Mukondapalli
192511644,2500152,es,Pedda Elasagiri
192511721,2500153,es,Madivalam
192511798,2500154,es,Belattur
192511952,2500156,es,Sampangeri
192512106,2500158,es,Kanimangalam
192512183,2500159,es,Jimangalam
192512337,2500161,es,Venkatrayapuram
192512414,2500162,es,Laksandra
192512491,2500163,es,Alambadi
192512568,2500164,es,Jagadenhalli
192512645,2500165,es,Anchimuskuru
192512953,2500169,es,Kalkere
192513338,2500174,es,Mavattur
192513723,2500179,es,Kempasandiram
192513877,2500181,es,Marasandiram
192514031,2500183,es,Avalepalli
192514108,2500184,es,Sittinapalli
192514185,2500185,es,Chennasandiram
192514801,2500193,es,Kanekallu
192515032,2500196,es,Kalkunte Agrahar
192515186,2500198,es,Handenhalli
192515571,2500203,es,Banarhalli
192515725,2500205,es,Arsanhalli
192515802,2500206,es,Lakkur
192515879,2500207,es,Kadmutsandra
192516033,2500209,es,Pura
192516264,2500212,es,Marsandra
192516341,2500213,es,Somalapur
192516418,2500214,es,Madanhatti
192516572,2500216,es,Kodur
192516649,2500217,es,Rampura
192516726,2500218,es,Talakunte
192516957,2500221,es,Harohalli
192517111,2500223,es,Soraguriki
192517804,2500232,es,Samandur
192518035,2500235,es,Dasimpalli
192518189,2500237,es,Andivadi
192518420,2500240,es,Medapalli
192518651,2500243,es,Kalugondapalli
192518728,2500244,es,Chinnaagraharam
192518959,2500247,es,Gopanapalli
192519113,2500249,es,Pyaragapalli
192519267,2500251,es,Sonnepuram
192519575,2500255,es,Hanumantapuram
192519652,2500256,es,Oddarpalaiyam
192519806,2500258,es,Devagondapalli
192520114,2500262,es,Onnupalli
192520268,2500264,es,Vanamangalam
192520422,2500266,es,Panchakshipuram
192520807,2500271,es,Koratagiri
192521038,2500274,es,Tandarai
192521115,2500275,es,Kasi Agraharam
192521192,2500276,es,Belur
192521269,2500277,es,Onnupalli
192521346,2500278,es,Bandesavuram
192521423,2500279,es,Alenattam
192521577,2500281,es,Enneswaram
192521654,2500282,es,Doddabennangur
192521731,2500283,es,Marudanapalli
192521885,2500285,es,Ispatpalli
192521962,2500286,es,Devareddypalayam
192522193,2500289,es,Arasakuppam
192522501,2500293,es,Bajjepalli
192522578,2500294,es,Rangasandiram
192522886,2500298,es,Geratti
192522963,2500299,es,Tavarakarai
192523733,2500309,es,Timmasandiram
192523887,2500311,es,Magadi
192524118,2500314,es,Benisipalli
192524195,2500315,es,Kalikopasandiram
192524657,2500321,es,Jangalpalayam
192524811,2500323,es,Mallasandram
192525427,2500331,es,Chinahatti
192525504,2500332,es,Gopasandiram
192525581,2500333,es,Venkatapuram
192525812,2500336,es,Mugalur
192525889,2500337,es,Hosapuram
192526505,2500345,es,Gulisandiram
192526813,2500349,es,Edapalli
192527044,2500352,es,Sudugondapalli
192527121,2500353,es,Aggondapalli
192529354,2500382,es,Tammanayakanapalli
192530432,2500396,es,Gudisadamapalli
192530586,2500398,es,Karugondapalli
192530663,2500399,es,Gollapalli
192530740,2500400,es,Bairamangalam
192530817,2500401,es,Tammandrapalli
192530971,2500403,es,Sanamavu
192531048,2500404,es,Kommepalli
192531433,2500409,es,Kar Uddanappalli
192531510,2500410,es,Anchetti Durgam
192531664,2500412,es,Hanumantapuram
192531741,2500413,es,Tavarakarai
192531895,2500415,es,Jakkeri
192531972,2500416,es,Anusunai
192532126,2500418,es,Konesandiram
192532280,2500420,es,Kemmapalli
192532665,2500425,es,Narpanatti
192532819,2500427,es,Kurubarapalli
192532896,2500428,es,Kottapalli
192533512,2500436,es,Kudur
192533743,2500439,es,Varaganapalli
192533897,2500441,es,Nagamangalam
192534051,2500443,es,Nilagiri
192534205,2500445,es,Irutalam
192534282,2500446,es,Dasanapuram
192534436,2500448,es,Tiyaranadurgam
192534590,2500450,es,Kottur
192534667,2500451,es,Lalikkal
192534821,2500453,es,Obepalayam
192534898,2500454,es,Tuppuganapalli
192535283,2500459,es,Yaganpalli
192535360,2500460,es,Nayaganapalli
192535899,2500467,es,Oddarpalaiyam
192536130,2500470,es,Gengapuram
192536284,2500472,es,Dinnur
192536438,2500474,es,Alur
192536669,2500477,es,Dasanapuram
192536746,2500478,es,Tippepalli
192536823,2500479,es,Abari
192537054,2500482,es,Sempatti
192537131,2500483,es,Ankepalli
192537362,2500486,es,Attur
192537516,2500488,es,Begli
192537670,2500490,es,Punnagaram
192537747,2500491,es,Gollahalli
192537824,2500492,es,Palanapalli
192537978,2500494,es,Timmasandiram
192538132,2500496,es,Bimanappalli
192538286,2500498,es,Kotta Kota
192538363,2500499,es,Alasapalli
192538440,2500500,es,Settipalli
192538517,2500501,es,Kotatti
192538671,2500503,es,Doripalli
192538902,2500506,es,Kanalatti
192539133,2500509,es,Varadapuram
192539210,2500510,es,Nallaganakottapalli
192540057,2500521,es,Kempiranapalli
192540134,2500522,es,Bellatti
192540211,2500523,es,Dinnur
192540288,2500524,es,Krishnamma Kottur
192540750,2500530,es,Samanapalli
192540904,2500532,es,Ettipalli
192541058,2500534,es,Venkatesapuram
192541289,2500537,es,Ullatti
192541520,2500540,es,Karadikuttai
192541905,2500545,es,Bendarapalli
192541982,2500546,es,Mettrai
192542521,2500553,es,Chinna Ullugurikki
192542752,2500556,es,Adakkam
192542906,2500558,es,Ullatti
192543214,2500562,es,Matamattigiri
192543445,2500565,es,Maragutta
192543753,2500569,es,Krishnapuram
192543830,2500570,es,Enimuchandiram
192543907,2500571,es,Kongusettipalli
192543984,2500572,es,Hanumantapuram
192544138,2500574,es,Belur
192544215,2500575,es,Maniambadi
192544523,2500579,es,Giriyanapalli
192544677,2500581,es,Bikkanapalli
192544754,2500582,es,Ommadapalli
192544831,2500583,es,Kolatti
192544908,2500584,es,Salivaram
192544985,2500585,es,Ramasandiram
192545216,2500588,es,Venkatepuram
192545678,2500594,es,Sivanpalli
192546371,2500603,es,Doddamanchi
192546525,2500605,es,Thimmathur
192547064,2500612,es,Chikkamanchi
192547141,2500613,es,Giriyapanur
192547218,2500614,es,Beliatti
192548450,2500630,es,Erudukottai
192548758,2500634,es,Santanapalli
192549220,2500640,es,Pedda Butikottai
192549374,2500642,es,Jarkalatti
192549913,2500649,es,Nellukuntti
192549990,2500650,es,Arasajjur
192550144,2500652,es,Aiyur
192550298,2500654,es,Javanasandiram
192550606,2500658,es,Sitapuram
192551530,2500670,es,Kochiyur
192551915,2500675,es,Erimalai
192552146,2500678,es,Bettamugalalam
192552454,2500682,es,Chinnakallupalli
192552916,2500688,es,Kuttandahalli
192553301,2500693,es,Sengadu
192553455,2500695,es,Palayam
192553532,2500696,es,Eripanchapalli
192553609,2500697,es,Namandahalli
192553763,2500699,es,Periyanur
192553994,2500702,es,Attimutlu
192554071,2500703,es,Chinnabattagandahalli
192554225,2500705,es,Agaram
192554379,2500707,es,Bannihalli
192554764,2500712,es,Sastramutlu
192554918,2500714,es,Belluhalli
192554995,2500715,es,Tirumalavadi
192555149,2500717,es,Belamaranahalli
192555303,2500719,es,Semmanahalli
192555688,2500724,es,Samunur
192555765,2500725,es,Tattasandiram
192556227,2500731,es,Chinnappanallur
192556689,2500737,es,Errakamanahalli
192556843,2500739,es,Sidumanahalli
192557074,2500742,es,Ajjanahalli
192557228,2500744,es,Murgilmaduvu
192557844,2500752,es,Agraharam
192557998,2500754,es,Alepuram
192558152,2500756,es,Mallapuram
192558845,2500765,es,Koppulur
192559307,2500771,es,Senganur
192559692,2500776,es,Satyanathapuram
192559769,2500777,es,Mangarai
192559923,2500779,es,Chinnapallathur
192560077,2500781,es,Anaikallanur
192560154,2500782,es,Kodiyur
192560385,2500785,es,Paruvadanahalli
192560924,2500792,es,Rangapuram
192561001,2500793,es,Markarampatti
192561078,2500794,es,Naganampatti
192561463,2500799,es,Anjehalli
192561925,2500805,es,Pullapatti
192562310,2500810,es,Pennaganahalli
192562387,2500811,es,Thinnur
192562541,2500813,es,Kalegoundenur
192562849,2500817,es,Errabeyanahalli
192562926,2500818,es,Nekkundi
192563080,2500820,es,Poduppatti
192563311,2500823,es,Rasiravuttanhalli
192563465,2500825,es,Chinnampalli
192563619,2500827,es,Karibyanahalli
192563773,2500829,es,Erupalli
192563927,2500831,es,Nagadasampatti
192564158,2500834,es,Periyur
192564312,2500836,es,Pallimuttanur
192564389,2500837,es,Bommilingam
192564466,2500838,es,Velagalapaya
192565005,2500845,es,Eguvacherlopalle
192565159,2500847,es,Tummalabayalu
192565313,2500849,es,Chakanhalli
192565467,2500851,es,Tirumalhatti
192565852,2500856,es,Nallandahalli
192566006,2500858,es,Rajenhalli
192566314,2500862,es,Kuranhoshalli
192566699,2500867,es,Penamakanhalli
192566930,2500870,es,Yalavaguli
192567084,2500872,es,Kavalgiriyanhalli
192567238,2500874,es,Gopasandra
192567315,2500875,es,Hosballahalli
192567469,2500877,es,Kanagalu
192567546,2500878,es,Huladenhalli
192567700,2500880,es,Venkatrajanhalli
192567777,2500881,es,Jinagatimmanhalli
192568239,2500887,es,Guddadhoshalli
192568393,2500889,es,Alhalli
192568470,2500890,es,Torlakki
192568932,2500896,es,Vardapura
192569009,2500897,es,Kuppur
192569086,2500898,es,Hasandahalli
192569317,2500901,es,Balanaikandoddi
192569548,2500904,es,Pemmadoddi
192569625,2500905,es,Yalesandra
192570010,2500910,es,Nidamakanhalli
192570164,2500912,es,Ganiganhalli
192570241,2500913,es,Palya
192570395,2500915,es,Duduvanhalli
192570472,2500916,es,Bedisettihalli
192570703,2500919,es,Dinhalli
192570780,2500920,es,Krishnapura
192570934,2500922,es,Turasandapalli
192571011,2500923,es,Turunashi
192571088,2500924,es,Tyagandoddi
192571165,2500925,es,Shamasettyhalli
192571319,2500927,es,Torapalli
192571627,2500931,es,Chinnarandoddi
192571935,2500935,es,Venkatapura
192572012,2500936,es,Chennasandiram
192572320,2500940,es,Gollapalli
192572551,2500943,es,Malagalakki
192572628,2500944,es,Chigaralapalli
192572705,2500945,es,Tannirgundalapalli
192572936,2500948,es,Kotasadanapalli
192573013,2500949,es,Nerigam
192573398,2500954,es,Pannapalli
192573475,2500955,es,Singiripalli
192573552,2500956,es,Menandoddi
192573706,2500958,es,Kadattur
192573783,2500959,es,Kumbalam
192573937,2500961,es,Ramandoddi
192574245,2500965,es,Chinnabattalapalli
192574399,2500967,es,Neralagiri
192574476,2500968,es,Kachiruganapalli
192574553,2500969,es,Gollapalli
192574630,2500970,es,Chigaralapalli
192574707,2500971,es,Idipalli
192575169,2500977,es,Batimadagu
192575477,2500981,es,Oddapalli
192575708,2500984,es,Tamatmakanhalli
192575785,2500985,es,Dinnur
192575862,2500986,es,Palamadagu
192576478,2500994,es,Guttahalli
192576709,2500997,es,Pura
192577094,2501002,es,Santiganhalli
192577248,2501004,es,Nagenhalli
192577325,2501005,es,Chambenhalli
192577402,2501006,es,Garudakempanhalli
192577864,2501012,es,Gundlapalya
192577941,2501013,es,Halepalya
192578018,2501014,es,Usarhalli
192578095,2501015,es,Devarhalli
192578326,2501018,es,Ukkunda
192578711,2501023,es,Yachmanhalli
192578788,2501024,es,Bammaganhalli
192579096,2501028,es,Pacharlahalli
192579327,2501031,es,Dinnekotur
192579404,2501032,es,Dinnur
192579635,2501035,es,Ramsandra
192580020,2501040,es,Karmanhalli
192580097,2501041,es,Kondanhalli
192580174,2501042,es,Chiknaikanhalli
192580251,2501043,es,Nutve
192580328,2501044,es,Dodnaikanhalli
192580482,2501046,es,Dabbanhalli
192580559,2501047,es,Junjanhalli
192581021,2501053,es,Nelahalli
192581098,2501054,es,Manchikallu
192581175,2501055,es,Chik Hoshalli
192581329,2501057,es,Abagiri Hoshalli
192581406,2501058,es,Hulabele
192581637,2501061,es,Makarahalli
192581791,2501063,es,Banahalli
192581945,2501065,es,Somasandra
192582099,2501067,es,Gauravanhalli
192582869,2501077,es,Reddihalli
192583177,2501081,es,Devganhalli
192583639,2501087,es,Kesaranhalli
192583793,2501089,es,Aimaraspur
192583870,2501090,es,Kelkoppa
192584101,2501093,es,Koppa
192584178,2501094,es,Kadarenhalli
192584409,2501097,es,Magondi
192584563,2501099,es,Huralihalli
192585102,2501106,es,Makarhalli
192585179,2501107,es,Vardapur
192585487,2501111,es,Harohalli
192585718,2501114,es,Singarahalli
192585949,2501117,es,Chik Valagmadi
192586257,2501121,es,Muganhalli
192586411,2501123,es,Appenhalli
192586488,2501124,es,Tavarikere
192586642,2501126,es,Bodgurki
192586796,2501128,es,Gidavalpalli
192586873,2501129,es,Pura
192587027,2501131,es,Armanhalli
192587104,2501132,es,Bodenhalli
192587720,2501140,es,Bommapalli
192587951,2501143,es,Balamande
192588028,2501144,es,Kongarhalli
192588105,2501145,es,Narnatta
192588259,2501147,es,Jyangutta
192588490,2501150,es,Golhalli
192588567,2501151,es,Dodderi
192588644,2501152,es,Lakkenhalli
192588952,2501156,es,Bandarlahalli
192589029,2501157,es,Chamanhalli
192589183,2501159,es,Yalachimande
192589414,2501162,es,Buvanhalli
192589491,2501163,es,Boggalhalli
192589722,2501166,es,Gundaralhalli
192589799,2501167,es,Donimadagu
192589876,2501168,es,Polenhalli
192590107,2501171,es,Bodpatte
192590415,2501175,es,Gangamadugu
192590569,2501177,es,Kadarnatta
192590646,2501178,es,Peddapartigunta
192590877,2501181,es,Talur
192591108,2501184,es,Gulhalli
192591185,2501185,es,Alasadanappalli
192591339,2501187,es,Kotangarai
192591493,2501189,es,Gangasandiram
192591570,2501190,es,Kurubarapalli
192591647,2501191,es,Kokilapalli
192591878,2501194,es,Veppanapalli
192592109,2501197,es,Oddarpalaiyam
192592263,2501199,es,Nanjapuram
192592340,2501200,es,Toddur
192592956,2501208,es,Chembarasanapalli
192593033,2501209,es,Arupalli
192593110,2501210,es,Matamchembarsanapalli
192593649,2501217,es,Kalingavaram
192593803,2501219,es,Doddappepalli
192594034,2501222,es,Agraharam
192594188,2501224,es,Chinnakottur
192594650,2501230,es,Bogipuram
192594727,2501231,es,Marandapalli
192594881,2501233,es,Anasandiram
192595420,2501240,es,Nallarallupalli
192595497,2501241,es,Alagubavi
192595574,2501242,es,Tiyagarasanapalli
192595728,2501244,es,Chinnatiyagarasanapalli
192595959,2501247,es,Unisetti
192596113,2501249,es,Enusonai
192596344,2501252,es,Hosahalli
192596421,2501253,es,Balanapalli
192596498,2501254,es,Manangal
192596729,2501257,es,Ulagam
192596806,2501258,es,Bogipuram
192597037,2501261,es,Chinnakanahalli
192597422,2501266,es,Chennapalli
192597884,2501272,es,Tekkalapalli
192598038,2501274,es,Errandapalli
192598115,2501275,es,Birepalli
192598654,2501282,es,Koneriagraharam
192598731,2501283,es,Sonninayakkanahalli
192599116,2501288,es,Mugalur
192599193,2501289,es,Nallur
192599424,2501292,es,Edurukottai
192599655,2501295,es,Doddanayakkanahalli
192599809,2501297,es,Suligunta
192599963,2501299,es,Ondiyur
192600271,2501303,es,Tavalam
192600348,2501304,es,Gangileri
192600502,2501306,es,Agaram
192600656,2501308,es,Veppalapalli
192600887,2501311,es,Bellampalli
192601195,2501315,es,Ammaneri
192601503,2501319,es,Kompalli
192601811,2501323,es,Peddagummanur
192602196,2501328,es,Badrapalli
192602273,2501329,es,Ennekollu
192602350,2501330,es,Bikkanapalli
192602504,2501332,es,Maniyandapalli
192602581,2501333,es,Polupalli
192602658,2501334,es,Somanathapuram
192602735,2501335,es,Gangasmudram
192602889,2501337,es,Vasantanapalli
192602966,2501338,es,Kurubarapalli
192603043,2501339,es,Melumalai
192603197,2501341,es,Gollapalli
192603274,2501342,es,Jeynur
192603582,2501346,es,Goralnattam
192603813,2501349,es,Guntapalli
192603890,2501350,es,Balagundarayandurgam
192604044,2501352,es,Chinnamanavarnapalli
192604198,2501354,es,Kuppachiparai
192604352,2501356,es,Chennasandiram
192604583,2501359,es,Kondappanayanapalli
192604814,2501362,es,Medinaikanpalaiyam
192604891,2501363,es,Ponnalnattam
192604968,2501364,es,Mudupinayanipalaiyam
192605045,2501365,es,Dasiripalli
192605122,2501366,es,Nandagondapalli
192605199,2501367,es,Varasandiram
192605353,2501369,es,Avaganpalli
192605507,2501371,es,Kattiripalli
192605661,2501373,es,Jadukottur
192605892,2501376,es,Gangojikottur
192605969,2501377,es,Nachikuppam
192606046,2501378,es,Jaganathapuram
192606123,2501379,es,Tangedikuppam
192606200,2501380,es,Chinnakottur
192606354,2501382,es,Nallur
192606431,2501383,es,Karisandiram
192606508,2501384,es,Taranisandiram
192606970,2501390,es,Ettipalli
192607124,2501392,es,Manavarnapalli
192607201,2501393,es,Kottakrishnapalli
192607355,2501395,es,Ponnapalli
192607432,2501396,es,Konganepalli
192607586,2501398,es,Timmasandiram
192607817,2501401,es,Sigaramaganapalli
192608048,2501404,es,Ariyanapalli
192608202,2501406,es,Taliagraharam
192608356,2501408,es,Kadavarapalli
192608433,2501409,es,Naduvanapalli
192608664,2501412,es,Bommarasanapalli
192608741,2501413,es,Kotamaganapalli
192609049,2501417,es,Chinnabommarasapalli
192609280,2501420,es,Mulukalapalli
192609357,2501421,es,Naralapalli
192609665,2501425,es,Ramasandiram
192609819,2501427,es,Ponnappagavunipalli
192610050,2501430,es,Nalakondalapalli
192610204,2501432,es,Virojipalli
192610358,2501434,es,Guttapalli
192610435,2501435,es,Ballerupalli
192610512,2501436,es,Nedumarudi
192610589,2501437,es,Sadanapalli
192610666,2501438,es,Kodipalli
192610743,2501439,es,Tippanapalli
192610820,2501440,es,Sileypalli
192610897,2501441,es,Bandapalli
192611051,2501443,es,Billanakuppam
192611128,2501444,es,Patchiganapalli
192611282,2501446,es,Potinayinipalli
192611436,2501448,es,Chinnakottapalli
192611513,2501449,es,Peddanapalli
192611667,2501451,es,Madinayanpalli
192611744,2501452,es,Bandarapalli
192612129,2501457,es,Samathamalai
192612437,2501461,es,Mallikuppam
192612514,2501462,es,Kalluguriki
192612591,2501463,es,Raminayinipalli
192612745,2501465,es,Bayampatti
192613053,2501469,es,Gollapalli
192613592,2501476,es,Venkatapuram
192613823,2501479,es,Natrampalli
192614131,2501483,es,Kadiganpalli
192615132,2501496,es,Odayandahalli
192615209,2501497,es,Chudanur
192615440,2501500,es,Ekkandapalli
192615517,2501501,es,Pasigam
192615594,2501502,es,Gunmanur
192615671,2501503,es,Settipalli
192615748,2501504,es,Mattagiri
192616056,2501508,es,Doranabettam
192616364,2501512,es,Sokkanahalli
192616441,2501513,es,Chikkadoranabettam
192616518,2501514,es,Koravandapatti
192616826,2501518,es,Mahendramangalam
192617134,2501522,es,Settihalli
192617519,2501527,es,Chinnakodiganapalli
192617673,2501529,es,Mulla Hosahalli
192618135,2501535,es,Konampatti
192618212,2501536,es,Chikkamarandahalli
192618751,2501543,es,Upparahalli
192618982,2501546,es,Atturnahalli
192619059,2501547,es,Selattiganapalli
192619213,2501549,es,Chikkabavili
192619444,2501552,es,Nallur
192619675,2501555,es,Tittarahalli
192620060,2501560,es,Erraguttahalli
192620291,2501563,es,Tandakalankottai
192620445,2501565,es,Kuppankottai
192620522,2501566,es,Boppadi
192621138,2501574,es,Krishnankottai
192621523,2501579,es,Thirumalvadi
192622447,2501591,es,Jothipatti
192622524,2501592,es,Bolabaguthanapalli
192622601,2501593,es,Giddesampatti
192622678,2501594,es,Kadamadai
192622909,2501597,es,Belarahalli
192623294,2501602,es,Punathampatti
192623371,2501603,es,Sottandapatti
192623756,2501608,es,Mallasamudram
192623833,2501609,es,Ballenahalli
192623987,2501611,es,Kondasamanahalli
192624218,2501614,es,Angandahalli
192624449,2501617,es,Modalippatti
192624526,2501618,es,Sumnampatti
192624680,2501620,es,Chinnamodalipatti
192624757,2501621,es,Elumichanahalli
192625065,2501625,es,Annamalaihalli
192625142,2501626,es,Dandukaranhalli
192625450,2501630,es,Bikkanahalli
192625527,2501631,es,Mallupalli
192625835,2501635,es,Samakallayal
192625912,2501636,es,Pungampatti
192625989,2501637,es,Kottalam
192626451,2501643,es,Moramadugu
192626605,2501645,es,Alapatti
192626682,2501646,es,Kodagur
192626759,2501647,es,Pachiganapalli
192626836,2501648,es,Chinnabellarupalli
192627375,2501655,es,Kalvehalli
192627452,2501656,es,Kattari
192627760,2501660,es,Mottur
192627837,2501661,es,Kurumbapatti
192628222,2501666,es,Sukrandahalli
192628299,2501667,es,Choparti
192628530,2501670,es,Taliyur
192628607,2501671,es,Kadiripuram
192628761,2501673,es,Kuttikavundanur
192628838,2501674,es,Panakamutlu
192629300,2501680,es,Errasigehalli
192630147,2501691,es,Karadihalli
192630378,2501694,es,Ramenattam
192630455,2501695,es,Devarmukkulam
192630686,2501698,es,Mukkulam
192631302,2501706,es,Gettur
192631533,2501709,es,Bommahalli
192631687,2501711,es,Mariammankovilur
192631918,2501714,es,Guddur
192632072,2501716,es,Osahalli
192632688,2501724,es,Kottumaranahalli
192632842,2501726,es,Senganampatti
192632996,2501728,es,Keraikodihalli
192633381,2501733,es,Muthampatti
192633458,2501734,es,Palayur
192633535,2501735,es,Begarahalli
192634228,2501744,es,Sappanipatti
192634305,2501745,es,Oddapatti
192634690,2501750,es,Chikkatimmanahalli
192634844,2501752,es,Savalupatti
192635152,2501756,es,Gollapatti
192635768,2501764,es,Ramapuram
192635999,2501767,es,Toppur
192636384,2501772,es,Kumbarahalli
192636461,2501773,es,Karagur
192636538,2501774,es,Tattarahalli
192637154,2501782,es,Penneswaramadam
192638694,2501802,es,Chinnatalipalli
192638925,2501805,es,Pikkili
192639002,2501806,es,Gollappatti
192639079,2501807,es,Malavur
192639233,2501809,es,Vathimarathapalli
192639541,2501813,es,Panekulam
192639926,2501818,es,Ettiyanahalli
192640003,2501819,es,Pillappanayakkanhalli
192640080,2501820,es,Madehalli
192640311,2501823,es,Pallipatti
192640388,2501824,es,Onnappakavundanhalli
192640619,2501827,es,Mangapatti
192640696,2501828,es,Tittiyobanahalli
192640850,2501830,es,Palavadi
192641312,2501836,es,Bedarahalli
192641620,2501840,es,Solapadi
192641697,2501841,es,Nagalapuram
192641774,2501842,es,Dalavayhalli
192642005,2501845,es,Somenahalli
192642929,2501857,es,Nadappanahalli
192643083,2501859,es,Konangihalli
192643314,2501862,es,Pangunattam
192643468,2501864,es,Parapatti
192643699,2501867,es,Sendarapatti
192643776,2501868,es,Nagarkudal
192643853,2501869,es,Kalamkattur
192643930,2501870,es,Bevinamaradahalli
192644161,2501873,es,Samisettihalli
192644546,2501878,es,Kambuguttai
192645008,2501884,es,Pagalahalli
192645085,2501885,es,Sivadi
192645393,2501889,es,Ramayanachinnahalli
192645470,2501890,es,Budanahalli
192645547,2501891,es,Kandukolpatti
192646702,2501906,es,Kodiyur
192647010,2501910,es,Balajangamanhalli
192647626,2501918,es,Tadangam
192648627,2501931,es,Sekkodi
192648704,2501932,es,Mottupatti
192648858,2501934,es,Velampatti
192649089,2501937,es,Padi
192649243,2501939,es,Selliyampatti
192649551,2501943,es,Buganahalli
192649859,2501947,es,Kallankattur
192649936,2501948,es,Panangalli
192650090,2501950,es,Alliyur
192650398,2501954,es,Pulikarai
192650552,2501956,es,Acharahalli
192651553,2501969,es,Chinnakamalapatti
192651707,2501971,es,Kamalapatti
192652015,2501975,es,Modukulahalli
192652246,2501978,es,Battalahalli
192652785,2501985,es,Kuppangarai
192652939,2501987,es,Kalappanahalli
192653016,2501988,es,Puthur
192653709,2501997,es,Modur
192653863,2501999,es,Kanipatti
192653940,2502000,es,Gundalahalli
192654171,2502003,es,Baisuhalli
192654402,2502006,es,Nimmangarai
192654479,2502007,es,Moduhalli
192654556,2502008,es,Kerekodihalli
192654710,2502010,es,Kamalapuram
192654941,2502013,es,Maravadi
192655018,2502014,es,Mallikuttai
192655480,2502020,es,Semmandakuppam
192655557,2502021,es,Gollahalli
192655634,2502022,es,Kuppur
192655788,2502024,es,Hale Dharmapuri
192656096,2502028,es,Alangarai
192656173,2502029,es,Mankarankottai
192656250,2502030,es,Chinnakurumpatti
192656327,2502031,es,Periyakurumpatti
192656558,2502034,es,Settikarai
192656712,2502036,es,Nulapuram
192656866,2502038,es,Gengankottai
192658175,2502055,es,Paliathanur
192658329,2502057,es,Rediyur
192658406,2502058,es,Konangihalli
192658945,2502065,es,Ettianur
192659022,2502066,es,Avarankattur
192659638,2502074,es,Mademangalam
192659715,2502075,es,Tinnahalli
192660177,2502081,es,Ammapalayam
192660485,2502085,es,Chinnankadu
192661255,2502095,es,Akkamanahalli
192661563,2502099,es,Vedapatti
192661794,2502102,es,Jambukotankottai
192661948,2502104,es,Kolandaikavundankottai
192662102,2502106,es,Vellalapatti
192662179,2502107,es,Puliyampatti
192662564,2502112,es,Natham
192662795,2502115,es,Indamangalam
192663026,2502118,es,Murugampatti
192663180,2502120,es,Pudur
192663334,2502122,es,Molapanahalli
192663873,2502129,es,Enamanasanapalli
192664104,2502132,es,Krishnadasanapalle
192664181,2502133,es,Porakundlapalli
192664335,2502135,es,Jarugu
192664412,2502136,es,Gudlanayanipalli
192664489,2502137,es,Rajanam
192664566,2502138,es,Matarlapalli
192664720,2502140,es,Kammesandra
192664797,2502141,es,Nagisettihalli
192664874,2502142,es,Gatikamadinahalli
192664951,2502143,es,Chimalabandahalli
192665028,2502144,es,Pichapalli
192665336,2502148,es,Yaranaganahalli
192665413,2502149,es,Chinnapalli
192665798,2502154,es,Muddegowdanahalli
192666029,2502157,es,Garudadrihalli
192666568,2502164,es,Kambampalli
192666799,2502167,es,Thongal
192666876,2502168,es,Nachandhalli
192667030,2502170,es,Kallikuppa
192667261,2502173,es,Chinnaganahalli
192667415,2502175,es,Banagere
192667492,2502176,es,Bhimaganapalli
192667646,2502178,es,Gollahalli
192668108,2502184,es,Balagere
192668185,2502185,es,Allikallu
192668570,2502190,es,Dodda Kalhalli
192668647,2502191,es,Chokkarabande
192668724,2502192,es,Kurur
192668955,2502195,es,Chambarasanhalli
192669186,2502198,es,Kempapura
192669340,2502200,es,Lakkanayanhalli
192669417,2502201,es,Bisanattam
192669571,2502203,es,Karamatla
192669648,2502204,es,Gesigapalli
192669725,2502205,es,Pogurupalli
192669879,2502207,es,Dasimanipalli
192670033,2502209,es,Athinattam
192670110,2502210,es,Salachintanapalli
192670264,2502212,es,Muddanapalli
192670572,2502216,es,Peddagollapalli
192670880,2502220,es,Sirigiripalli
192670957,2502221,es,Kadepalli
192671034,2502222,es,Chinnagollapalli
192671188,2502224,es,Jabbiganipalli
192671265,2502225,es,Kuppaganipalli
192671419,2502227,es,Agaram
192671496,2502228,es,Adivibadanavada
192671650,2502230,es,Malavanikotturu
192671727,2502231,es,Kodiganipalli
192671881,2502233,es,Sanganapalli
192672035,2502235,es,Buragalapalli
192672112,2502236,es,Chinnapartikunta
192672266,2502238,es,Venkatapuram
192672343,2502239,es,Anagarapalli
192672497,2502241,es,Sodiganipalli
192672882,2502246,es,Kottapalli
192673267,2502251,es,Dinnepalli
192673575,2502255,es,Gutharlapalli
192673883,2502259,es,Enjanur
192675115,2502275,es,Kanchibandarlapalli
192675269,2502277,es,Settipalli
192675346,2502278,es,Bandakotturu
192675577,2502281,es,Govindapalli
192675731,2502283,es,Kuppalanattam
192676039,2502287,es,Jangalapalli
192676116,2502288,es,Madanapalli
192676270,2502290,es,Papanur
192676347,2502291,es,Chimanapalli
192676501,2502293,es,Karlagatta
192676655,2502295,es,Kaliganuru
192676732,2502296,es,Jalliganipalle
192677117,2502301,es,Morasanapalli
192677348,2502304,es,Thumsi
192677425,2502305,es,Nedimpalli
192677579,2502307,es,Gollapalli
192677733,2502309,es,Solisettipalli
192678041,2502313,es,Chinnaradoddi
192678349,2502317,es,Gunjarlapalli
192678426,2502318,es,Chintakampalli
192678965,2502325,es,Konerukuppam
192679119,2502327,es,Chenguballa
192679196,2502328,es,Settiballa
192679350,2502330,es,Bendanakuppam
192679427,2502331,es,Pedduru
192679658,2502334,es,Nilagirihalli
192679812,2502336,es,Venkatapalli
192679889,2502337,es,Regadadinnapalli
192679966,2502338,es,Brahmanakottur
192680043,2502339,es,Settipalli
192680197,2502341,es,Kottur
192680274,2502342,es,Nallappareddiyuru
192680351,2502343,es,Anikeri
192680428,2502344,es,Vadagandlapalli
192680736,2502348,es,Bellakogila
192680890,2502350,es,Doddagondlahalli
192681044,2502352,es,Settikunte
192681121,2502353,es,Maradagatta
192681198,2502354,es,Kasireddigandlahalli
192681429,2502357,es,Buchepalli
192681583,2502359,es,Kurubarahalli
192681660,2502360,es,Madivala
192681737,2502361,es,Kaveranahalli
192681814,2502362,es,Ramapura
192681891,2502363,es,Kyasamballi
192681968,2502364,es,Kangandlahalli
192682045,2502365,es,Billerahalli
192682122,2502366,es,Baluvanahalli
192682276,2502368,es,Jangamanahalli
192682353,2502369,es,Nagalepalli
192682507,2502371,es,Virasandra
192683046,2502378,es,Kambampalli
192683200,2502380,es,Vaddarahalli
192683354,2502382,es,Rayasandra
192683431,2502383,es,Amasagara
192683508,2502384,es,Gopenahalli
192683585,2502385,es,Sithampalli
192683662,2502386,es,Lakshmisagara
192683739,2502387,es,Sonnakuppa
192683893,2502389,es,Tatepalli
192684124,2502392,es,Kadaripura
192684201,2502393,es,Mallappalli
192684509,2502397,es,Vibhutiyelanagaram
192684586,2502398,es,Thongalkuppa
192684663,2502399,es,Tatireddihalli
192684971,2502403,es,Venkatapuram
192685048,2502404,es,Kongatam
192685125,2502405,es,Padigalakuppam
192685433,2502409,es,Kongonapalli
192685510,2502410,es,Sivunikuppam
192685664,2502412,es,Karadaguru
192685741,2502413,es,Chinchandlahalli
192685895,2502415,es,Cheldiganipalli
192686280,2502420,es,Bennavara
192686434,2502422,es,Chinagandlapalle
192686511,2502423,es,Siddavuru
192686665,2502425,es,Krishnapuram
192687127,2502431,es,Sonnegaunipalli
192687204,2502432,es,Gundusettipalli
192687358,2502434,es,Ponnepalli
192687666,2502438,es,Santuru
192687974,2502442,es,Arimuttanapalli
192688128,2502444,es,Kothiguttapalli
192688205,2502445,es,Abakaladoddi
192688282,2502446,es,Jangalapalli
192688359,2502447,es,Kadirimuthanapalli
192688513,2502449,es,Nallarallapalli
192688744,2502452,es,Gangamtimmanapalli
192688821,2502453,es,Nimmanapalli
192688898,2502454,es,Dandikuppam
192689052,2502456,es,Redlapalli
192689206,2502458,es,Kolamadugu
192689283,2502459,es,Ramapuram
192689437,2502461,es,Santhimpalli
192689514,2502462,es,Sivaramapuram
192689668,2502464,es,Nanjampeta
192689745,2502465,es,Peddagahuru
192689899,2502467,es,Kottaindlu
192690130,2502470,es,Govindapalli
192690207,2502471,es,Peddakuruvalapalli
192690361,2502473,es,Kottapalli
192690515,2502475,es,Balla
192690823,2502479,es,Battuvaripalli
192690900,2502480,es,Kenchanaballa
192691131,2502483,es,Kadasinakuppam
192691208,2502484,es,Viranagapuram
192691362,2502486,es,Avulakuppam
192691516,2502488,es,Manendram
192691593,2502489,es,Gollapalli
192691670,2502490,es,Kambhaladevapalli
192691824,2502492,es,Attikuppam
192692055,2502495,es,Mittapalli
192692209,2502497,es,Bandarlapalli
192692286,2502498,es,Rajupeta
192692363,2502499,es,Bagalanattam
192692440,2502500,es,Kempasamudram
192692748,2502504,es,Vardikuppam
192692825,2502505,es,Kanamanayanipalli
192692902,2502506,es,Kottachinnapalli
192692979,2502507,es,Pamuganipalli
192693056,2502508,es,Mundulagunta
192693133,2502509,es,Karakunta
192693210,2502510,es,Gummireddipalli
192693287,2502511,es,Adinapalli
192693364,2502512,es,Kambepalli
192693518,2502514,es,Peddabharanipalli
192693595,2502515,es,Gudipalli
192693749,2502517,es,Papepalli
192693826,2502518,es,Gandlapalli
192694442,2502526,es,Irisiganipalli
192694519,2502527,es,Chikatipalli
192694904,2502532,es,Amiganuru
192695135,2502535,es,Paramasumudram
192695212,2502536,es,Varamanuru
192695289,2502537,es,Vurinayanipalli
192695366,2502538,es,Urinayanikothur
192695443,2502539,es,Gattappanayanipalli
192695597,2502541,es,Gonugur
192695674,2502542,es,Marapalli
192695905,2502545,es,Guruvinayanapalli
192696136,2502548,es,Kotiguttalapalli
192696213,2502549,es,Cinnamatarapalli
192696752,2502556,es,Tesupalli
192696983,2502559,es,Varatanapalli
192697214,2502562,es,Madanakuppam
192697445,2502565,es,Kammampalli
192697676,2502568,es,Vennampalli
192697830,2502570,es,Eladdagiri
192698600,2502580,es,Mittapalli
192698677,2502581,es,Gollapalli
192698754,2502582,es,Achamangalam
192698831,2502583,es,Palinayanapalli
192698908,2502584,es,Chinnasettipalli
192698985,2502585,es,Maruthipalli
192699139,2502587,es,Sulamalai
192699370,2502590,es,Rasuppalli
192699524,2502592,es,Nagamangalam
192700910,2502610,es,Chintagumpalli
192701218,2502614,es,Kechaliganur
192701449,2502617,es,Chinnaobba
192701911,2502623,es,Paipalyam
192702219,2502627,es,Chinnavasanadu
192702373,2502629,es,Tangedukuppam
192702604,2502632,es,Vasanadu
192702758,2502634,es,Bodaguttapalli
192702835,2502635,es,Mulakalapalli
192703143,2502639,es,Vendugampalli
192703374,2502642,es,Maravada
192704221,2502653,es,Kottaindlu
192704683,2502659,es,Kottapalli
192704914,2502662,es,Kakimadugu
192705068,2502664,es,Mittapalli
192705915,2502675,es,Kottur
192706069,2502677,es,Oppatavadi
192706454,2502682,es,Velakalnattam
192706762,2502686,es,Anginayanipalli
192708071,2502703,es,Paniyandapalli
192708225,2502705,es,Uriyur
192710150,2502730,es,Nayanur
192710227,2502731,es,Kottur
192710920,2502740,es,Modikuppam
192711074,2502742,es,Nakkalpatti
192711151,2502743,es,Mazith Gollapalli
192711305,2502745,es,Ikondam
192711382,2502746,es,Veppalampatti
192711767,2502751,es,Erumampatti
192711844,2502752,es,Kattagaram
192711998,2502754,es,Anukodi
192712845,2502765,es,Jaunur
192712999,2502767,es,Peruhalli
192713153,2502769,es,Sundakapatti
192713230,2502770,es,Avatvadi
192713307,2502771,es,Maruderi
192713538,2502774,es,Sellampatti
192713692,2502776,es,Nagojanahalli
192713769,2502777,es,Viramalai
192714000,2502780,es,Velangamudhi
192714077,2502781,es,Mallikkal
192714154,2502782,es,Chinnakaradiyur
192714231,2502783,es,Mottupatti
192714385,2502785,es,Pungampatti
192714539,2502787,es,Kudimenahalli
192715078,2502794,es,Barur
192715540,2502800,es,Semmandapati
192715617,2502801,es,Odamangalam
192715694,2502802,es,Papparapatti
192716156,2502808,es,Pannandur
192716233,2502809,es,Bandarahalli
192716310,2502810,es,Mullanur
192716695,2502815,es,Irumattur
192716772,2502816,es,Kondlampatti
192716849,2502817,es,Dokkampatti
192716926,2502818,es,Bendrahalli
192717080,2502820,es,Karuvelampatti
192717311,2502823,es,Kottappatti
192717465,2502825,es,Sengampatti
192717542,2502826,es,Anandur
192717619,2502827,es,Thalampatti
192717773,2502829,es,Puliyur
192717850,2502830,es,Kollappatti
192718081,2502833,es,Jinkalkadirampatti
192718158,2502834,es,Papanur
192718312,2502836,es,Tadampatti
192718466,2502838,es,Chinnaparandapalli
192718543,2502839,es,Kottubendarahalli
192718774,2502842,es,Oddatheru
192718851,2502843,es,Bandrahalli
192719236,2502848,es,Jambukuttapatti
192719313,2502849,es,Kullanur
192719544,2502852,es,Vadamalaippatti
192719775,2502855,es,Timminayakkampatti
192719929,2502857,es,Ramapuram
192720006,2502858,es,Mylampatti
192720160,2502860,es,Tippanur
192720545,2502865,es,Kundapatti
192720622,2502866,es,Veppalampatti
192720853,2502869,es,Kadappasandampatti
192720930,2502870,es,Kullapatti
192721007,2502871,es,Sandampatti
192721546,2502878,es,Gengavaram
192721623,2502879,es,Mangalahalli
192721931,2502883,es,Perungopanahalli
192722162,2502886,es,Puligunta
192722239,2502887,es,Togarappalli
192722316,2502888,es,Samalpatti
192723394,2502902,es,Rangasamudram
192723625,2502905,es,Sakin Hazm
192723702,2502906,es,Konganseruvu
192724087,2502911,es,Tokkiyam
192724164,2502912,es,Punganur
192724857,2502921,es,Bodikuttiyur
192725088,2502924,es,Batlapalli
192725319,2502927,es,Ampalli
192725627,2502931,es,Sappaniyur
192725781,2502933,es,Kuttur
192726089,2502937,es,Perumalkuppam
192726243,2502939,es,Kundepalli
192726397,2502941,es,Bommepalli
192726474,2502942,es,Nadupatti
192726551,2502943,es,Modarahalli
192727167,2502951,es,Sevvampatti
192727706,2502958,es,Sanipatti
192727860,2502960,es,Chinnappanpatti
192727937,2502961,es,Kottakotta
192728014,2502962,es,Kalarpadi Kottayur
192728091,2502963,es,Sonnarhalli
192728399,2502967,es,Malayandahalli
192728476,2502968,es,Angampatti
192728784,2502972,es,Mottur
192728861,2502973,es,Puliyandapatti
192729092,2502976,es,Sandampatti
192729169,2502977,es,Mukampatti
192729400,2502980,es,Baletottam
192729477,2502981,es,Tippampatti
192729554,2502982,es,Oddukalanur
192729939,2502987,es,Kurugappatti
192730016,2502988,es,Olaipatti
192730093,2502989,es,Puduganur
192730324,2502992,es,Santur
192730401,2502993,es,Balriganur
192730478,2502994,es,Salamarathupatti
192730555,2502995,es,Gummanur
192730632,2502996,es,Onnakarai
192730709,2502997,es,Podar
192730786,2502998,es,Reddipatti
192730863,2502999,es,Pallasulakkarai
192731017,2503001,es,Ammankovilpatti
192731094,2503002,es,Papparapatti
192731325,2503005,es,Kanjanur
192731402,2503006,es,Perumalkuppam
192731479,2503007,es,Badapalli
192731787,2503011,es,Pasandi
192732095,2503015,es,Kollapalli
192732249,2503017,es,Kanichchi
192732326,2503018,es,Nagalpatti
192732788,2503024,es,Marappanayakkanpatti
192733096,2503028,es,Kondareddipatti
192733327,2503031,es,Ettipatti
192733481,2503033,es,Tippampatti
192733635,2503035,es,Rengampatti
192733789,2503037,es,Vellipatti
192733866,2503038,es,Kannukanur
192734020,2503040,es,Karuperi
192734251,2503043,es,Velavalli
192734405,2503045,es,Pudupatti
192734559,2503047,es,Sundarampalli
192734867,2503051,es,Nattam
192734944,2503052,es,Krishnapuram
192735021,2503053,es,Kakankarai
192735252,2503056,es,Raghavur
192735329,2503057,es,Chinnakannalapatti
192735406,2503058,es,Solachur
192735483,2503059,es,Errampatti
192735560,2503060,es,Paradesipatti
192735945,2503065,es,Savalur
192736561,2503073,es,Pallattur
192737408,2503084,es,Mankuppam
192737485,2503085,es,Chinnamankuppam
192737716,2503088,es,Chenniyur
192737793,2503089,es,Viramushtipalli
192738024,2503092,es,Ranganur
192738255,2503095,es,Adilam
192738332,2503096,es,Manavalli
192738409,2503097,es,Nagasamudram
192738486,2503098,es,Tippampatti
192738563,2503099,es,Konampatty
192738717,2503101,es,Kongarapatti
192738794,2503102,es,Uchampatti
192738871,2503103,es,Mottur
192738948,2503104,es,Jadayankottai
192739025,2503105,es,Bannikulam
192739256,2503108,es,Vagurappampatti
192739487,2503111,es,Mavadipatti
192739641,2503113,es,Vaguthupatti
192739872,2503116,es,Pallipatti
192740026,2503118,es,Pulidikarai
192740103,2503119,es,Krishnapuram
192740257,2503121,es,Kottampatti
192740334,2503122,es,Palaiyam
192740488,2503124,es,Kondampatti
192740719,2503127,es,Mallasamudram
192741027,2503131,es,Kundalpatti
192741181,2503133,es,Gollappatti
192741797,2503141,es,Tinnappatti
192742028,2503144,es,Mukkanur
192742259,2503147,es,Alamaradahalli
192742413,2503149,es,Maniyabadi
192742490,2503150,es,Singirihalli
192742952,2503156,es,Nallakuttalahalli
192743953,2503169,es,Unisinahalli
192744184,2503172,es,Sunkarahalli
192744338,2503174,es,Buddireddipatti
192744415,2503175,es,Talanattam
192744646,2503178,es,Mottankurichi
192744800,2503180,es,Regadahalli
192744877,2503181,es,Ketureddippatti
192745031,2503183,es,Ramayanhalli
192745339,2503187,es,Attur
192745570,2503190,es,Kandakavundanur
192745724,2503192,es,Tinnehalli
192745878,2503194,es,Aiyampatti
192746186,2503198,es,Tonganur
192746571,2503203,es,Keraikodahalli
192746725,2503205,es,Ramapuram
192746879,2503207,es,Gopinadampatti
192747033,2503209,es,Andipatti
192747187,2503211,es,Polayampatti
192747264,2503212,es,Jadayampatti
192747495,2503215,es,Navalai
192747957,2503221,es,Mavadipatty
192748034,2503222,es,Sonnampatti
192748111,2503223,es,Perumandapatti
192748188,2503224,es,Ichchampadi
192748342,2503226,es,Kilavalli
192748573,2503229,es,Perichchur
192748727,2503231,es,Pallattur
192748881,2503233,es,Periyakamakshippatti
192749112,2503236,es,Kattupatti
192749189,2503237,es,Tiruvanappatti
192749343,2503239,es,Palalyakottai
192749420,2503240,es,Mettuttangal
192749651,2503243,es,Settipatti
192749728,2503244,es,Pallampatti
192749805,2503245,es,Agraharam
192749882,2503246,es,Vellalapatti
192749959,2503247,es,Viranakuppam
192750113,2503249,es,Gollappatti
192750190,2503250,es,Komalipatti
192750421,2503253,es,Panamarathupatti
192750498,2503254,es,Karuvanur
192750575,2503255,es,Chinnakanakampatti
192750652,2503256,es,Vellalapatti
192750883,2503259,es,Vedapatti
192750960,2503260,es,Sengalpatti
192751191,2503263,es,Mannadipatti
192751345,2503265,es,Pudur
192751576,2503268,es,Pallipatti
192751653,2503269,es,Velampatti
192751730,2503270,es,Tamaleripatti
192752115,2503275,es,Ganapatipatti
192752192,2503276,es,Mattiyampatti
192752346,2503278,es,Tamarakollyampatti
192752500,2503280,es,Vadugapatti
192752654,2503282,es,Mavirippatti
192752731,2503283,es,Kodamandapatti
192752808,2503284,es,Soriyampatti
192752962,2503286,es,Agraharam
192753116,2503288,es,Velampatti
192753578,2503294,es,Sekkampatti
192753732,2503296,es,Kottarappatti
192753886,2503298,es,Gopisettipalaiyam
192753963,2503299,es,Annamalaipatty
192754040,2503300,es,Sandappatti
192754425,2503305,es,Valatottam
192754502,2503306,es,Andipatti
192754579,2503307,es,Kolagampatty
192755041,2503313,es,Annamalahalli
192755118,2503314,es,Nambipatti
192755426,2503318,es,Achalvadi
192755503,2503319,es,Jammanahalli
192755580,2503320,es,Tenkaraikottai
192755657,2503321,es,Vadakarai
192755811,2503323,es,Turinjihalli
192756196,2503328,es,Appiyampatty
192756350,2503330,es,Panamarattupatti
192756427,2503331,es,Nadupatti
192756812,2503336,es,Sennampatti
192757120,2503340,es,Palayam
192757197,2503341,es,Elavadi
192757351,2503343,es,Samandahalli
192757582,2503346,es,Giddanur
192757659,2503347,es,Jakkupati
192757736,2503348,es,Narayanapuram
192757813,2503349,es,Kadiripuram
192757890,2503350,es,Gollapalle
192758044,2503352,es,Alasandapuram
192758121,2503353,es,Thimmampeta
192758275,2503355,es,Mottur
192758737,2503361,es,Vadakkupattu
192758968,2503364,es,Begaripeta
192759276,2503368,es,Ambalur
192759353,2503369,es,Thekkupattu
192759815,2503375,es,Sigarnapalli
192760585,2503385,es,Nattarampalli
192761201,2503393,es,Jangalapuram
192761355,2503395,es,Periyakammiyampatti
192762895,2503415,es,Tiriyalam
192763588,2503424,es,Agraharam
192763896,2503428,es,Konerikuppam
192764897,2503441,es,Damalerimuttur
192765051,2503443,es,Odiyattur
192765667,2503451,es,Pachchal
192766591,2503463,es,Tatavalli
192766668,2503464,es,Krishnapuram
192766745,2503465,es,Chinnasamudram
192766899,2503467,es,Somalapuram
192766976,2503468,es,Periyavengayapalli
192768824,2503492,es,Murtiyur
192768901,2503493,es,Mandalavadi
192770364,2503512,es,Nadupatrai
192770518,2503514,es,Kotharpettai
192770980,2503520,es,Alinjikuppam
192771211,2503523,es,Valaiyampattu
192771288,2503524,es,Udayendram
192771596,2503528,es,Tumberi
192771673,2503529,es,Mittanakuppam
192771827,2503531,es,Elayanagaram
192772058,2503534,es,Melkuppam
192772520,2503540,es,Chinnapallikuppam
192772674,2503542,es,Minnur
192772982,2503546,es,Vadacheri
192773059,2503547,es,Bapanapalli
192773136,2503548,es,Sammandikuppam
192773444,2503552,es,Nekkanamalai
192773521,2503553,es,Periyavellakuttai
192773598,2503554,es,Vellakuttai
192773752,2503556,es,Kurumpatti
192773829,2503557,es,Vallipattu
192774368,2503564,es,Balappanur
192774599,2503567,es,Nimmiyampattu
192774676,2503568,es,Reddiyur
192774753,2503569,es,Muthanur
192775061,2503573,es,Marimanikuppam
192775138,2503574,es,Omakuppam
192775215,2503575,es,Nachchiyarkuppam
192775292,2503576,es,Reddivalasai
192775600,2503580,es,Narayanpuram
192775677,2503581,es,Perumapattu
192775754,2503582,es,Pappanur
192775831,2503583,es,Irunapattu
192776062,2503586,es,Andiyappanur
192776293,2503589,es,Pallattur
192776370,2503590,es,Jollagoundanur
192776909,2503597,es,Rayaneri
192777371,2503603,es,Rangapuram
192777448,2503604,es,Nachcharkuppam
192777525,2503605,es,Kamiyampattu
192777679,2503607,es,Naneri
192777756,2503608,es,Turanjikuppam
192778295,2503615,es,Vellakuppam
192778603,2503619,es,Periyamottur
192778680,2503620,es,Rajapalaiyam
192778988,2503624,es,Kettandapatti
192779142,2503626,es,Kotarlamadugu
192779450,2503630,es,Gudipalle
192779527,2503631,es,Jangalapalli
192779681,2503633,es,Chinthakanamah
192779835,2503635,es,Nalanganallur
192779912,2503636,es,Morasapalli
192780066,2503638,es,Puttagaram
192780143,2503639,es,Kadirimangalam
192780297,2503641,es,Periyagaram
192780374,2503642,es,Kasinayakkampatti
192780605,2503645,es,Pallippattu
192781221,2503653,es,Aravamatrapalli
192781375,2503655,es,Ravuthapatti
192781452,2503656,es,Elavampatti
192781529,2503657,es,Panjarampatti
192781837,2503661,es,Koratti
192782222,2503666,es,Pudur
192782299,2503667,es,Thadakallanur
192782376,2503668,es,Chinnarampatti
192782453,2503669,es,Nayakkanur
192782607,2503671,es,Thoranampatty
192782684,2503672,es,Muttampatti
192782761,2503673,es,Mottur
192783146,2503678,es,Kullampadi
192783223,2503679,es,Periyakavundanur
192783300,2503680,es,Karumandappadi
192783531,2503683,es,Kristnapuram
192783762,2503686,es,Adaliyur
192784301,2503693,es,Karappattu
192784840,2503700,es,Vannampalli
192784917,2503701,es,Chinnakarapattu
192785148,2503704,es,Chinnakunnattur
192785302,2503706,es,Savadiyur
192785379,2503707,es,Kumarampatti
192785610,2503710,es,Upparapatti
192785687,2503711,es,Kommampatti
192785995,2503715,es,Gengaperampatti
192786534,2503722,es,Kursampatti
192786688,2503724,es,Turunjippatti
