id,city_id,language_key,name
128048950,1662974,is,abastumani
128049181,1662977,is,seva
128049489,1662981,is,Ziyaret
128049566,1662982,is,zvare
128049874,1662986,is,Úzunagach
128049951,1662987,is,zugdidi
128050028,1662988,is,zudali
128050105,1662989,is,zumi
128050182,1662990,is,zubi
128050336,1662992,is,zovreti
128050413,1662993,is,zot'ik'iantk'ari
128050567,1662995,is,zomleti
128050644,1662996,is,Ogushi
128050721,1662997,is,`Ezz od Din
128050875,1662999,is,Znaur
128051029,1663001,is,zirbiti
128051106,1663002,is,Dikilitas
128051183,1663003,is,Ziaru
128051337,1663005,is,Zhozhoni
128051414,1663006,is,GJong Tinh
128051568,1663008,is,zhinvali
128051645,1663009,is,Hinoemata
128051799,1663011,is,Dahnovici
128051876,1663012,is,zhashkva
128051953,1663013,is,zhanivri
128052030,1663014,is,zhamushi
128052184,1663016,is,Zherebianky
128052261,1663017,is,zhabeshi
128052338,1663018,is,zghuderi
128052569,1663021,is,zest'aponi
128052723,1663023,is,Eskisör
128052800,1663024,is,Zerti
128052954,1663026,is,zenubani
128053031,1663027,is,zenobani
128053185,1663029,is,Yenkivtsi
128053262,1663030,is,Zengir
128053416,1663032,is,zendidi
128053493,1663033,is,zenamkhari
128053647,1663035,is,zemo zhoshkha
128054032,1663040,is,zemo ubani
128054263,1663043,is,zemo ts'q'aro
128054494,1663046,is,zemo teleti
128054571,1663047,is,zemo surebi
128054648,1663048,is,zemo sobisi
128054802,1663050,is,zemo skhvilisi
128054879,1663051,is,Zemo Skhvava
128054956,1663052,is,zemo shukhuti
128055033,1663053,is,zemo shuakhevi
128055110,1663054,is,Zemo Shakshaketi
128055187,1663055,is,zemo sarali
128055495,1663059,is,Izmorene
128055572,1663060,is,Zemo Rekha
128055649,1663061,is,zemo pshapi
128055726,1663062,is,zemo partskhma
128055880,1663064,is,zemo osiauri
128055957,1663065,is,zemo orzmani
128056265,1663069,is,zemo nikozi
128056342,1663070,is,zemo nichbisi
128056419,1663071,is,zemo nat'anebi
128056496,1663072,is,zemo nashovari
128056650,1663074,is,zemo mskhalgori
128056727,1663075,is,Zemo-Monasteri
128056881,1663077,is,zemo mleta
128056958,1663078,is,zemo marghi
128057343,1663083,is,zemo machkhaani
128057882,1663090,is,zemo ksovrisi
128058113,1663093,is,zemo arkevani
128058421,1663097,is,zemo khviti
128058498,1663098,is,zemo khvedureti
128058652,1663100,is,zemo khorkhi
128058729,1663101,is,zemo khodasheni
128058806,1663102,is,Khizra
128059037,1663105,is,zemo khechili
128059345,1663109,is,zemo kedi
128059730,1663114,is,zemo gulripshi
128060115,1663119,is,zemo enteli
128060577,1663125,is,zemo chocheti
128060731,1663127,is,zemo chibati
128060885,1663129,is,zemo brolosani
128060962,1663130,is,zemo boshuri
128061039,1663131,is,Zemo Bolkvi
128061193,1663133,is,zemo bodbe
128061347,1663135,is,zemo bia
128061424,1663136,is,zemo bari
128061501,1663137,is,zemo barghebi
128061655,1663139,is,zemo pzhara
128061963,1663143,is,zemo alvani
128062271,1663147,is,kveda agara
128062348,1663148,is,zemo adzvisi
128062810,1663154,is,zeindari
128062887,1663155,is,zeghduleti
128063118,1663158,is,zegaani
128063195,1663159,is,zedubani
128063657,1663165,is,zeda zegani
128063734,1663166,is,Zeyd Kandi
128063888,1663168,is,zeda vani
128063965,1663169,is,sachino
128064042,1663170,is,zeda uchkhubi
128064350,1663174,is,Zeda Tlughi
128064504,1663176,is,zeda shavra
128064581,1663177,is,zeda sameba
128064658,1663178,is,zeda sakara
128064735,1663179,is,zeda sairme
128064812,1663180,is,zeda rgani
128064889,1663181,is,zeda orghuli
128065043,1663183,is,zeda mukedi
128065120,1663184,is,zeda meskheti
128065197,1663185,is,zeda makhuntseti
128065274,1663186,is,zeda lukhvano
128065505,1663189,is,Zeda Kondidi
128065736,1663192,is,zeda ilemi
128065813,1663193,is,zeda ghvirishi
128065890,1663194,is,zeda ghvardia
128065967,1663195,is,zeda gordi
128066044,1663196,is,zeda gora
128066352,1663200,is,zeda dzimiti
128066429,1663201,is,zeda dimi
128066506,1663202,is,Agva
128066891,1663207,is,zeda bzvani
128066968,1663208,is,zeda bzubzu
128067045,1663209,is,zeda beretisa
128067122,1663210,is,Zabah
128067199,1663211,is,zeda alisubani
128067276,1663212,is,zeda akhalsheni
128067353,1663213,is,zeda aghvi
128067507,1663215,is,Zarma
128067584,1663216,is,zarnadzeebi
128067661,1663217,is,zaridzeebi
128067738,1663218,is,zardlashi
128067892,1663220,is,Ziarat
128067969,1663221,is,Ezbaran
128068046,1663222,is,Zarangush
128068200,1663224,is,An Nawa`im
128068354,1663226,is,Zana
128068508,1663228,is,zamleti
128068893,1663233,is,Zahar
128068970,1663234,is,Zahesi
128069047,1663235,is,zagari
128069124,1663236,is,Tozagan
128069432,1663240,is,erinja
128069894,1663246,is,Dneprovka
128070433,1663253,is,Bilotserkivka
128070510,1663254,is,vladimirovk'a
128070664,1663256,is,vichnashi
128070818,1663258,is,Vedzatkhevi
128071049,1663261,is,veshagurni
128071357,1663265,is,Verona
128071434,1663266,is,vernebi
128071511,1663267,is,verkhvis mindori
128071588,1663268,is,Verkhy
128071819,1663271,is,zemo eshera
128072435,1663279,is,velistsikhe
128072743,1663283,is,veli
128072897,1663285,is,Wolseley
128072974,1663286,is,Velebi
128073128,1663288,is,vejini
128073205,1663289,is,vedzebi
128073359,1663291,is,vedzatkheva
128073436,1663292,is,vedreba
128073590,1663294,is,vazisubani
128073667,1663295,is,Az Zinji
128073898,1663298,is,Kvemo Vashlovani
128074052,1663300,is,vashlobi
128074129,1663301,is,Valaní
128074206,1663302,is,Levashevo
128074360,1663304,is,varjanauli
128074437,1663305,is,vartsla
128074514,1663306,is,Vartinik
128074591,1663307,is,Varsimaani
128074822,1663310,is,Siwar al Hawi
128074899,1663311,is,variani
128074976,1663312,is,Varjavi
128075053,1663313,is,varevani
128075284,1663316,is,vardisubani
128075592,1663320,is,vardigora
128075669,1663321,is,vardgineti
128075823,1663323,is,varch'a
128075900,1663324,is,vanta
128075977,1663325,is,vaniskedi
128076131,1663327,is,Vani
128076516,1663332,is,An Natif
128076747,1663335,is,vanadzeebi
128076978,1663338,is,Vale
128077209,1663341,is,vakiri
128077440,1663344,is,Jan Khani
128077517,1663345,is,Sakha
128077671,1663347,is,vak'e
128077748,1663348,is,Vake
128078056,1663352,is,vaq'a
128078133,1663353,is,vaio
128078210,1663354,is,varjanisi
128078287,1663355,is,Wang Chan
128078441,1663357,is,uzuntala
128078595,1663359,is,utskheri
128078749,1663361,is,Huixcolotla
128078826,1663362,is,ushkhvanari
128078903,1663363,is,Gúskhani
128078980,1663364,is,ushapati
128079134,1663366,is,useinkendi
128079211,1663367,is,usakhelo
128079442,1663370,is,urtkhva
128079519,1663371,is,Urta
128079750,1663374,is,urek'i
128079904,1663376,is,urbnisi
128079981,1663377,is,uravi
128080058,1663378,is,uraveli
128080135,1663379,is,Upureti
128080289,1663381,is,uplistsikhe
128080366,1663382,is,unts'a
128080443,1663383,is,Undilaantkari
128080597,1663385,is,Ochiai
128081059,1663391,is,Cukút
128081136,1663392,is,Hatip
128081829,1663401,is,ughvali
128082060,1663404,is,udzlouri
128082137,1663405,is,Kíziljatak
128082214,1663406,is,ujmana
128082291,1663407,is,Búrma
128082368,1663408,is,ude
128082445,1663409,is,udabno
128082522,1663410,is,uchkho
128082599,1663411,is,uchkhiti
128082676,1663412,is,uchashona
128082753,1663413,is,uchameti
128082830,1663414,is,ubisi
128082984,1663416,is,ubani
128083369,1663421,is,tvaurebi
128083523,1663423,is,tvalueti
128083600,1663424,is,tvalivi
128083677,1663425,is,Talodi
128083754,1663426,is,tuzi
128084293,1663433,is,tulari
128084601,1663437,is,tsvane
128084678,1663438,is,tsutskhvati
128085294,1663446,is,tsotskhnara
128085525,1663449,is,Topi
128086218,1663458,is,ts'nori
128086295,1663459,is,ts'nisi
128087065,1663469,is,tskhvedieti
128087142,1663470,is,tskhvarich'amia
128087296,1663472,is,tskhumaldi
128087604,1663476,is,tskhramukha
128087681,1663477,is,tskhrapona
128087758,1663478,is,tskhomareti
128087835,1663479,is,ts'q'neti
128087912,1663480,is,tskhmorisi
128087989,1663481,is,tskhmori
128088143,1663483,is,Tskinval
128088451,1663487,is,tskhentaro
128088528,1663488,is,tskhemna
128088605,1663489,is,tskhemliskhidi
128088682,1663490,is,tskhemlisi
128088913,1663493,is,Haeri
128089067,1663495,is,Hamid
128089837,1663505,is,tsizeti
128090068,1663508,is,tsitskiuri
128090145,1663509,is,Tsitskhvari
128090376,1663512,is,ts'its'amuri
128090684,1663516,is,ts'itelubani
128090761,1663517,is,Kvemo Kvishiani
128090838,1663518,is,Tsitelsopeli
128091146,1663522,is,khornabuji
128091223,1663523,is,sabatlo
128092763,1663543,is,ts'inubani
128092840,1663544,is,ts'inubani
128093456,1663552,is,tsinareti
128093610,1663554,is,ts'inandali
128094149,1663561,is,tsilori
128094457,1663565,is,tsikhisubani
128094996,1663572,is,Shiojiri
128095073,1663573,is,tsikhisjvari
128095150,1663574,is,Tsvitókha
128095227,1663575,is,tsikhevdavi
128095997,1663585,is,Tem
128096382,1663590,is,tsedani
128096536,1663592,is,tsdo
128096690,1663594,is,tsatskhvi
128097229,1663601,is,Kettana
128097460,1663604,is,ts'alk'a
128097537,1663605,is,tsaleri
128097614,1663606,is,Salehak
128097691,1663607,is,Shalashi
128097845,1663609,is,Hávaxinn Nar
128098153,1663613,is,Taki
128098230,1663614,is,Sa Khan Gyi
128098307,1663615,is,Tateishi
128098384,1663616,is,ts'aghvli
128098461,1663617,is,ts'aghveri
128098538,1663618,is,tsageri
128098615,1663619,is,tsagera
128099308,1663628,is,tsabaurta
128099385,1663629,is,trialeti
128099462,1663630,is,trekhvi
128099539,1663631,is,Turanli
128099616,1663632,is,t'q'varcheli
128099693,1663633,is,t'q'ibuli
128099847,1663635,is,Totkhami
128100001,1663637,is,Tatopani
128100078,1663638,is,Tortiza
128100155,1663639,is,torsa
128100309,1663641,is,toria
128100386,1663642,is,Tórí
128100463,1663643,is,torelaani
128100617,1663645,is,t'oncha
128100925,1663649,is,tolenji
128101310,1663654,is,tokholcha
128101387,1663655,is,tokhliauri
128101772,1663660,is,tmogvi
128102542,1663670,is,Haw Creek
128102619,1663671,is,Khivali
128102696,1663672,is,tkhinvala
128102927,1663675,is,Kveda Tkhilvana
128103081,1663677,is,tkhilovani
128103158,1663678,is,Hisn Tarib
128103235,1663679,is,tkhilagani
128103543,1663683,is,Tel'mana
128103928,1663688,is,t'q'arshet'i
128104082,1663690,is,Tívnik
128104313,1663693,is,tiseli
128104775,1663699,is,tighva
128104929,1663701,is,Tienetiaya
128105006,1663702,is,tezi
128105160,1663704,is,tezami
128105237,1663705,is,Tetritsqaro
128105391,1663707,is,tetrakheva
128105468,1663708,is,Seraj Kola
128105545,1663709,is,ternali
128105853,1663713,is,telovani
128106007,1663715,is,Belawai
128106084,1663716,is,Elmadagi
128106315,1663719,is,tela
128106623,1663723,is,tegeraanebi
128106700,1663724,is,tedzmiskhevi
128106777,1663725,is,tejisi
128107085,1663729,is,Tíflis
128107239,1663731,is,Tabtik
128107547,1663735,is,Tamala Kharaba
128107624,1663736,is,tazakendi
128107778,1663738,is,Tavsancali
128108086,1663742,is,Avlasa
128108240,1663744,is,tatanaantubani
128108317,1663745,is,mukhrana
128108625,1663749,is,targameuli
128109010,1663754,is,tandilaantk'ari
128109395,1663759,is,Tasmarúnista
128109472,1663760,is,Tamariani
128109549,1663761,is,tamarasheni
128109934,1663766,is,Takalo
128110088,1663768,is,takhtisdziri
128110165,1663769,is,takhcha
128110319,1663771,is,Taira
128110396,1663772,is,tagveti
128110473,1663773,is,Tago
128110704,1663776,is,tabori
128110781,1663777,is,t'abats'q'uri
128111089,1663781,is,t'abakhmela
128111243,1663783,is,tabagrebi
128111320,1663784,is,Davitiani
128111397,1663785,is,Sviri
128111474,1663786,is,sviri
128111551,1663787,is,svipi
128111705,1663789,is,svideba
128111936,1663792,is,Sveri
128112090,1663794,is,sveneti
128112167,1663795,is,Sarushi
128112244,1663796,is,surami
128112321,1663797,is,supsa
128112475,1663799,is,sulori
128112552,1663800,is,sulevo
128112629,1663801,is,Súsella
128112783,1663803,is,sukhcha
128112860,1663804,is,sujuna
128113553,1663813,is,sormoni
128113630,1663814,is,sori
128113707,1663815,is,sorgiti
128113861,1663817,is,sondisvela
128113938,1663818,is,Sonda
128114169,1663821,is,soli
128114246,1663822,is,Súkúmí
128114323,1663823,is,soghutlo
128114477,1663825,is,Sóeve
128114554,1663826,is,sochkheti
128114631,1663827,is,Snuol
128115401,1663837,is,Hvízdivtsi
128115555,1663839,is,Skhlovani
128115709,1663841,is,Skhliti
128115863,1663843,is,skhieri
128115940,1663844,is,skhepi
128116094,1663846,is,Khanasir
128116633,1663853,is,siriachkoni
128116710,1663854,is,siontgori
128116787,1663855,is,Síbon
128116864,1663856,is,Síbon
128117095,1663859,is,sindieti
128117249,1663861,is,simoniantkhevi
128117326,1663862,is,zeda simoneti
128117403,1663863,is,Shimoseki
128117480,1663864,is,silibauri
128117557,1663865,is,silauri
128117634,1663866,is,Qihfat Sara
128117788,1663868,is,sighnaghi
128117865,1663869,is,sijanani
128117942,1663870,is,Sidi 'Addi
128118250,1663874,is,Sular
128118404,1663876,is,shukruti
128118558,1663878,is,shubani
128119020,1663884,is,shua surebi
128119097,1663885,is,shuasopeli
128119174,1663886,is,Sugahama
128119328,1663888,is,shuapkho
128119405,1663889,is,shua partskhma
128119482,1663890,is,shua nosiri
128119559,1663891,is,Shuamta
128120021,1663897,is,shua khorshi
128120098,1663898,is,shuakhevi
128120175,1663899,is,Sha'b al Ma'dil
128120329,1663901,is,shua gubi
128120406,1663902,is,Góra
128120483,1663903,is,shuaghele
128120560,1663904,is,shua amaghleba
128120868,1663908,is,Shura al Wadi
128121330,1663914,is,shroma
128121407,1663915,is,jvarisa
128121792,1663920,is,shorap'ani
128121869,1663921,is,Sófumémet
128122100,1663924,is,shkmeri
128122177,1663925,is,shkhivana
128122331,1663927,is,Shkedi
128122639,1663931,is,Chrdilisubani
128122716,1663932,is,Ishinari
128122793,1663933,is,shindisi
128123024,1663936,is,shilda
128123101,1663937,is,shikhilo
128123255,1663939,is,Shi`b `Isa
128123409,1663941,is,sheubani
128123563,1663943,is,shertuli
128123640,1663944,is,shenako
128123717,1663945,is,shemokmedi
128124256,1663952,is,shavshvebi
128124487,1663955,is,shaumiani
128124641,1663957,is,Ash Shi`abi
128124718,1663958,is,sharmiani
128125026,1663962,is,shamta
128125103,1663963,is,shamgona
128125180,1663964,is,Shamadela
128125334,1663966,is,shalik'iantk'ari
128125411,1663967,is,Shi`b al Hajuri
128125565,1663969,is,Sa Khrai
128125719,1663971,is,Sahmar
128125796,1663972,is,Salparovo
128125950,1663974,is,sgurishi
128126027,1663975,is,seturni
128126104,1663976,is,serodani
128126181,1663977,is,segieti
128126335,1663979,is,serbaisi
128126412,1663980,is,Shpetky
128126489,1663981,is,sepe
128126566,1663982,is,senebi
128126643,1663983,is,Seki
128126797,1663985,is,Ejido Jalisco
128126951,1663987,is,zeda sazano
128127105,1663989,is,savane
128127413,1663993,is,satskhenisi
128127721,1663997,is,satsikhuri
128127952,1664000,is,Salitto-Valle
128128029,1664001,is,satkhe
128128183,1664003,is,Schastlivoye
128128337,1664005,is,satemo
128128414,1664006,is,Bahori
128128491,1664007,is,Sasireti
128128568,1664008,is,sasireti
128128645,1664009,is,sashurghaio
128128799,1664011,is,sashaburo
128128876,1664012,is,sasashi
128128953,1664013,is,sasadilo
128129107,1664015,is,sartich'ala
128129184,1664016,is,sarpi
128129261,1664017,is,saro
128129415,1664019,is,Sarkveletubani
128129492,1664020,is,Sakiet ez Zit
128129646,1664022,is,saribari
128129723,1664023,is,Sarteshniz
128129877,1664025,is,sarbevi
128130031,1664027,is,Shahrak-e Towhid
128130185,1664029,is,sapudzvrebi
128130339,1664031,is,sabeselio
128130416,1664032,is,Sanjurge
128130493,1664033,is,sanorchi
128130570,1664034,is,Saviore
128130647,1664035,is,sanebeli
128130801,1664037,is,sanavardo
128130878,1664038,is,Siah Shir-e 'Olya
128131186,1664042,is,samt'redia
128131263,1664043,is,samtisi
128131340,1664044,is,samtavisi
128131494,1664046,is,samshvilde
128131571,1664047,is,samoleti
128131879,1664051,is,samikao
128131956,1664052,is,samghereti
128132033,1664053,is,sameba
128132110,1664054,is,salkhino
128132341,1664057,is,salieti
128132418,1664058,is,salibauri
128132803,1664063,is,salajuri
128132957,1664065,is,Sakvikvinio
128133188,1664068,is,saq'uneti
128133265,1664069,is,saq'ulia
128133727,1664075,is,sakorkio
128134035,1664079,is,sakobo
128134266,1664082,is,San Hilario
128134343,1664083,is,Sakire
128134805,1664089,is,sakharbedio
128135421,1664097,is,Sakarah
128135498,1664098,is,Sankasho
128135575,1664099,is,sakarikedi
128135960,1664104,is,sakadagiano
128136037,1664105,is,sairme
128136191,1664107,is,Tsagaan-Ovoo
128136268,1664108,is,saghvamichavo
128136345,1664109,is,saguramo
128136576,1664112,is,sagvaramio
128136653,1664113,is,saghrdze
128136730,1664114,is,sagholasheni
128136961,1664117,is,sagarejo
128137038,1664118,is,saghrasheni
128137115,1664119,is,saghandzile
128137192,1664120,is,Sarugamori
128137346,1664122,is,saparlo
128137577,1664125,is,sajavakho
128137654,1664126,is,Saja
128137731,1664127,is,sadzeli
128137885,1664129,is,Bademli
128137962,1664130,is,sadgeri
128138039,1664131,is,sadakhlo
128138270,1664134,is,sachkheuri
128138347,1664135,is,sachkhere
128138578,1664138,is,sachikobao
128138809,1664141,is,sachale
128139117,1664145,is,Saribuek
128139887,1664155,is,sabe
128139964,1664156,is,Sabazho
128140195,1664159,is,saalanio-sapachulio
128140272,1664160,is,Saadanaio
128140349,1664161,is,rveli
128140503,1664163,is,rustavi
128140580,1664164,is,rusiani
128140657,1664165,is,rusaantubani
128140734,1664166,is,rupoti
128140811,1664167,is,rukhi
128140965,1664169,is,ruisi
128141196,1664172,is,rtskhilati
128141350,1664174,is,Ónísí
128141427,1664175,is,Romankivtsi
128141581,1664177,is,rokhi
128141735,1664179,is,Rodionovka
128141812,1664180,is,rodinauli
128141889,1664181,is,rioni
128142351,1664187,is,Brgani
128142659,1664191,is,rekha
128142967,1664195,is,rbona
128143198,1664198,is,rakvta
128143275,1664199,is,Kvareli
128143429,1664201,is,Puti
128143583,1664203,is,pudznari
128143737,1664205,is,ptsa
128143968,1664208,is,psori
128144045,1664209,is,pskhu
128144122,1664210,is,Shevelik
128144738,1664218,is,Poshot
128144815,1664219,is,poti
128144892,1664220,is,pona
128144969,1664221,is,Zemo Pona
128145354,1664226,is,Apodaca
128145431,1664227,is,plavismani
128145508,1664228,is,Plai
128145662,1664230,is,pkhvenisi
128145816,1664232,is,pkhundavi
128145893,1664233,is,Phrao
128145970,1664234,is,pkhelshe
128146047,1664235,is,pitsesi
128146355,1664239,is,Pirveli Maisi
128146740,1664244,is,p'irveli ot'obaia
128146971,1664247,is,meore nosiri
128148049,1664261,is,pichkhovani
128148126,1664262,is,pichkhibogiri
128148357,1664265,is,p'et'riani
128148511,1664267,is,persati
128148588,1664268,is,persa
128148819,1664271,is,pereta
128151668,1664308,is,Patara Khurvaleti
128153978,1664338,is,pasanauri
128154055,1664339,is,partskhnali
128154132,1664340,is,partskhisi
128154363,1664343,is,parnauti
128154440,1664344,is,San Martino
128154517,1664345,is,Parvaneh
128154594,1664346,is,Karamehmet
128155210,1664354,is,Panga
128155287,1664355,is,pampaleti
128155364,1664356,is,paledi
128155672,1664360,is,palazoni
128155980,1664364,is,pakhviji
128156057,1664365,is,pakhulani
128156134,1664366,is,ozurgeti
128156211,1664367,is,ozni
128156365,1664369,is,Pozhoh
128156442,1664370,is,Pozanli
128156596,1664372,is,ortasheni
128156673,1664373,is,otaraani
128156750,1664374,is,Otap'i
128156827,1664375,is,Ota
128156981,1664377,is,osiauri
128157058,1664378,is,Oshtoran
128157135,1664379,is,orulu
128157212,1664380,is,Korubasi
128157289,1664381,is,Vorontsivka
128157443,1664383,is,orsant'ia
128157597,1664385,is,Horobtsi
128157674,1664386,is,ormeti
128157751,1664387,is,ormasheni
128157905,1664389,is,orkhvi
128157982,1664390,is,orkhevi
128158136,1664392,is,orgora
128158444,1664396,is,Giorgeti
128158521,1664397,is,Saimerlo
128158598,1664398,is,Orojalari
128158675,1664399,is,orja
128158906,1664402,is,orbeti
128158983,1664403,is,orbeli
128159060,1664404,is,orali
128159137,1664405,is,oragveti
128159214,1664406,is,Oak Grove
128159291,1664407,is,opurchkheti
128159445,1664409,is,opreti
128159522,1664410,is,didi opeti
128159599,1664411,is,opachkhapu
128159676,1664412,is,onoghia
128159753,1664413,is,oni
128159830,1664414,is,onjokheti
128160061,1664417,is,onanauri
128160138,1664418,is,ompareti
128160292,1664420,is,Loma Saayii
128160369,1664421,is,omalo
128160523,1664423,is,olozi
128160600,1664424,is,Berta
128160677,1664425,is,olaverdi
128160754,1664426,is,oladauri
128161139,1664431,is,Chkhari-Matskhovari
128161216,1664432,is,Zinobiani
128161524,1664436,is,okrosopeli
128161601,1664437,is,Pokrovske
128161832,1664440,is,Kona
128162140,1664444,is,Honmura
128162602,1664450,is,oireme
128162756,1664452,is,odzisi
128162833,1664453,is,ojola
128163064,1664456,is,odilauri
128163372,1664460,is,ochkhamuri
128163449,1664461,is,oche
128163526,1664462,is,ochamchire
128163603,1664463,is,obuji
128163757,1664465,is,nunisi
128164142,1664470,is,akhali atoni
128164296,1664472,is,Sahbaz
128164450,1664474,is,nosiri
128164527,1664475,is,norio
128164835,1664479,is,Nong Hæ
128164989,1664481,is,Kvemo Nogha
128165143,1664483,is,najakhavo
128165220,1664484,is,nojikhevi
128165297,1664485,is,noja
128165374,1664486,is,Noshio
128165451,1664487,is,nochkhoni
128165528,1664488,is,nobulevi
128166298,1664498,is,ninots'minda
128166375,1664499,is,ninoshvili
128166529,1664501,is,Nindiri
128166837,1664505,is,nigvznara
128166914,1664506,is,nigvzara
128166991,1664507,is,nigozeti
128167068,1664508,is,nigoza
128167222,1664510,is,nigoiti
128167299,1664511,is,nigazeuli
128167376,1664512,is,nigavzebi
128167453,1664513,is,niabi
128167530,1664514,is,Imabari
128167607,1664515,is,nesguni
128167684,1664516,is,Enerhetykiv
128167838,1664518,is,nenia
128167992,1664520,is,nedzikhi
128168069,1664521,is,nebodziri
128168223,1664523,is,nazarlo
128168377,1664525,is,naendrovali
128168454,1664526,is,navtiani
128168839,1664531,is,Najd Wardin
128169070,1664534,is,natsuli
128169609,1664541,is,natsargora
128169917,1664545,is,nashtkoli
128169994,1664546,is,nasamkhrali
128170148,1664548,is,nardevani
128170456,1664552,is,napichkhovo
128170533,1664553,is,napareuli
128170687,1664555,is,Navazi
128170764,1664556,is,Nakatogari
128170841,1664557,is,naokhrebi
128171072,1664560,is,naniani
128171226,1664562,is,naminauri
128171303,1664563,is,namlisevi
128171534,1664566,is,namanevi
128171611,1664567,is,namokhvani
128171842,1664570,is,nakurdevi
128172381,1664577,is,Nakra
128172535,1664579,is,Na Haeo
128172612,1664580,is,nakhshirghele
128172843,1664583,is,nakhakhulevi
128172997,1664585,is,Kalak-e Naqi
128173228,1664588,is,Kawazu
128173305,1664589,is,naghvarevi
128173536,1664592,is,naguru
128173613,1664593,is,naghvarevi
128173767,1664595,is,Nagadomi
128173844,1664596,is,naghobilevi
128173998,1664598,is,nagarevi
128174075,1664599,is,nadzva
128174306,1664602,is,naduknari
128174383,1664603,is,nalkorvali
128174614,1664606,is,nadibani
128174768,1664608,is,Nadarbazevi
128174999,1664611,is,Nadaburi
128175307,1664615,is,naboslevi
128175384,1664616,is,Neshlaj
128175615,1664619,is,Nabakevi
128176000,1664624,is,mziani
128176077,1664625,is,mzetamze
128176154,1664626,is,miusera
128176308,1664628,is,Al Mujawar
128176385,1664629,is,mutso
128176539,1664631,is,potskhveriani
128176616,1664632,is,muskhi
128176693,1664633,is,mushevani
128176924,1664636,is,murjakheti
128177232,1664640,is,Muko
128177309,1664641,is,Múhrabit
128177540,1664644,is,mukhurcha
128177617,1664645,is,Múkur
128177694,1664646,is,mukhrovani
128177771,1664647,is,mukhranteleti
128177848,1664648,is,mukhrani
128177925,1664649,is,mukhli
128178002,1664650,is,mukhileti
128178156,1664652,is,mukhati
128178233,1664653,is,Múhacirkadi
128178310,1664654,is,mukhashura
128178772,1664660,is,muguda
128178926,1664662,is,mugareti
128179003,1664663,is,mughanlo
128179080,1664664,is,guguti
128179157,1664665,is,mujireti
128179234,1664666,is,mtskheta
128179696,1664672,is,mtisdziri
128180158,1664678,is,mskhaldidi
128180235,1664679,is,mshvidobiani
128180312,1664680,is,mshralkhevi
128180851,1664687,is,mordzgveti
128181005,1664689,is,moprineti
128181082,1664690,is,mongiri
128181236,1664692,is,Monasteri
128181390,1664694,is,moliti
128181467,1664695,is,moliti
128181544,1664696,is,molaoghli
128181621,1664697,is,mokvi
128181698,1664698,is,Mokka
128181775,1664699,is,mokhorotubani
128181852,1664700,is,mokhisi
128182006,1664702,is,mokhe
128182083,1664703,is,mokhashi
128182160,1664704,is,moidanakhe
128182237,1664705,is,Ogidi
128182314,1664706,is,modzvi
128182391,1664707,is,modega
128182545,1664709,is,mnatobi
128182622,1664710,is,mlashe
128183084,1664716,is,misaktsieli
128183161,1664717,is,Mirzaani
128183315,1664719,is,mirveti
128183546,1664722,is,Miriani
128183931,1664727,is,minadze
128184085,1664729,is,milisi
128184470,1664734,is,mikelripshi
128184547,1664735,is,mikeliani
128184624,1664736,is,mikeleponi
128184701,1664737,is,Aikavan
128184778,1664738,is,migriaulta
128185009,1664741,is,mghvimevi
128185086,1664742,is,Ma Gyi Kan
128185163,1664743,is,mghebriani
128185394,1664746,is,Metekhi
128185471,1664747,is,met'ekhi
128185548,1664748,is,mest'ia
128185702,1664750,is,mesame balda
128185933,1664753,is,Chemerivtsi
128186010,1664754,is,meria
128186087,1664755,is,Mervychi
128186164,1664756,is,Keretsky
128186241,1664757,is,merenia
128186318,1664758,is,merjevi
128186549,1664761,is,meore sviri
128186780,1664764,is,meore obcha
128186857,1664765,is,meore mokhashi
128187165,1664769,is,meore kesalo
128187242,1664770,is,meore guripuli
128187319,1664771,is,meore gurdzemi
128187550,1664774,is,Beris-e Bala
128187704,1664776,is,meneso
128188012,1664780,is,melusheeti
128188089,1664781,is,melura
128188166,1664782,is,melekeduri
128188243,1664783,is,Mele
128188320,1664784,is,melauri
128188397,1664785,is,melaani
128188474,1664786,is,mekvena
128188551,1664787,is,mekheti
128188628,1664788,is,mekhelashvilebi
128188936,1664792,is,Medzibna
128189090,1664794,is,medani
128189167,1664795,is,mechkheturi
128189244,1664796,is,mechkheri
128189321,1664797,is,mebetsi
128189552,1664800,is,mazhieti
128189706,1664802,is,mazeri
128189783,1664803,is,Mabashi
128189860,1664804,is,Kveda Mazandara
128190014,1664806,is,Matura
128190168,1664808,is,Matskvvarishi
128190322,1664810,is,matkhoji
128190399,1664811,is,mat'ani
128190476,1664812,is,Masari`
128190553,1664813,is,mashavera
128190630,1664814,is,Artikli
128191092,1664820,is,mart'q'opi
128191246,1664822,is,marneuli
128191323,1664823,is,mariamjvari
128191400,1664824,is,margvishi
128191477,1664825,is,marelisi
128191785,1664829,is,Marandiz
128191939,1664831,is,marana
128192093,1664833,is,Mahjar Jadid
128192247,1664835,is,manglisi
128192401,1664837,is,Bandar-e Tiab
128192478,1664838,is,Al Manawir
128192555,1664839,is,Manaseuri
128192863,1664843,is,mamulo
128193017,1664845,is,mamishlo
128193094,1664846,is,Mogami
128193171,1664847,is,Amaji
128193248,1664848,is,mamadaanebi
128193556,1664852,is,makhvilauri
128193633,1664853,is,makhura
128193787,1664855,is,Mabah
128193864,1664856,is,makhinjauri
128194018,1664858,is,Al Khatir
128194095,1664859,is,makhatauri
128194172,1664860,is,makhashi
128194557,1664865,is,makatubani
128194634,1664866,is,Makarta
128194711,1664867,is,maisauri
128194788,1664868,is,maidani
128194942,1664870,is,magraneti
128195404,1664876,is,Magarali
128195481,1664877,is,machkhvareti
128195712,1664880,is,mtch'at'ia
128195789,1664881,is,shrosha
128195943,1664883,is,Machara
128196097,1664885,is,likhni
128196174,1664886,is,lutkhubi
128196251,1664887,is,luli
128196328,1664888,is,luji
128196790,1664894,is,lomanauri
128196944,1664896,is,livadi
128197098,1664898,is,lisi
128197175,1664899,is,lisho
128197406,1664902,is,likheti
128197483,1664903,is,likhauri
128197560,1664904,is,libani
128197637,1664905,is,La Jayua
128197791,1664907,is,lia
128197868,1664908,is,lezhbadini
128197945,1664909,is,lezgara
128198099,1664911,is,levakhane
128198176,1664912,is,leusheri
128198407,1664915,is,letsitskhvaie
128198484,1664916,is,letsave
128198638,1664918,is,leskhulukhe
128198715,1664919,is,lesindi
128198946,1664922,is,Leshamuge
128199023,1664923,is,Pólesie Duze
128199100,1664924,is,lesale
128199177,1664925,is,lesa
128199254,1664926,is,lepochkhue
128199408,1664928,is,lent'ekhi
128199716,1664932,is,Zemo Kvishiani
128199793,1664933,is,lemzagori
128199870,1664934,is,Temsía
128200024,1664936,is,lelovani
128200255,1664939,is,Evliyan
128200332,1664940,is,leladziseuli
128200794,1664946,is,Al Khalij
128200871,1664947,is,lekhaindravo
128200948,1664948,is,lekarde
128201179,1664951,is,leghvani
128201256,1664952,is,leghva
128201487,1664955,is,legogie
128201564,1664956,is,legakhare
128201641,1664957,is,lejike
128201718,1664958,is,ledzadzame
128201872,1664960,is,Ledarsale
128201949,1664961,is,lechuri
128202180,1664964,is,lebache
128202257,1664965,is,leakhale
128202334,1664966,is,laituri
128202411,1664967,is,Mala Hlusha
128202488,1664968,is,La Pastoria
128202642,1664970,is,lasuriashi
128202719,1664971,is,Maskana
128202796,1664972,is,lashtkhveri
128202873,1664973,is,lashkhreri
128202950,1664974,is,lashis igoreti
128203104,1664976,is,Lashe
128203258,1664978,is,Sarilar
128203412,1664980,is,larchvali
128203566,1664982,is,Lára
128203643,1664983,is,lapniani
128203720,1664984,is,lapeti
128204105,1664989,is,lanchkhuti
128204182,1664990,is,Al Yamani
128204259,1664991,is,lankhvri
128204490,1664994,is,Kvemo Lambalo
128204875,1664999,is,lakhushdi
128204952,1665000,is,lakhundera
128205029,1665001,is,Ahirli
128205106,1665002,is,lakhepa
128205260,1665004,is,Lakhani
128205337,1665005,is,lakhamula
128205568,1665008,is,Al Jahili
128205645,1665009,is,lailashi
128205722,1665010,is,Laguneta
128205799,1665011,is,Sang Deh
128205953,1665013,is,lajana
128206107,1665015,is,Oulad Cherki
128206184,1665016,is,lachta
128206492,1665020,is,labaidzeebi
128206569,1665021,is,Akhalsheni
128206954,1665026,is,Vishki
128207031,1665027,is,Vihari
128207493,1665033,is,kvilishori
128207724,1665036,is,Kian
128207955,1665039,is,kveshi
128208109,1665041,is,Lunca Vesesti
128208417,1665045,is,kvenobani
128208494,1665046,is,Kvenobani
128208648,1665048,is,kvenaplavi
128208802,1665050,is,kvemo zhoshkha
128209495,1665059,is,kvemo teleti
128209572,1665060,is,kvemo sobisi
128209726,1665062,is,kvemo shukhuti
128209803,1665063,is,kvemo shuakhevi
128209880,1665064,is,kvemo shavshvebi
128209957,1665065,is,kvemo sharakhevi
128210034,1665066,is,Kvemo Shakshaketi
128210111,1665067,is,kvemo sarali
128210419,1665071,is,kvemo rieti
128210496,1665072,is,kvemo rene
128210573,1665073,is,Kvemo Rekha
128210804,1665076,is,kvemo osiauri
128210881,1665077,is,kvemo orozmani
128211112,1665080,is,kvemo nikozi
128211189,1665081,is,kvemo nichbisi
128211266,1665082,is,kvemo nashovari
128211343,1665083,is,kvemo nakalakari
128211420,1665084,is,Mahadir
128211574,1665086,is,kvemo mskhalgori
128211805,1665089,is,kvemo mleta
128211882,1665090,is,kvemo marghi
128212267,1665095,is,kvemo machkhaani
128212421,1665097,is,leteti
128212729,1665101,is,kvemo arkevani
128213037,1665105,is,Kvemo Khviti
128213114,1665106,is,kvemo khvedureti
128213268,1665108,is,kvemo khorkhi
128213345,1665109,is,kvemo khodasheni
128213422,1665110,is,kvemo khevi
128213499,1665111,is,kvemo kheti
128213576,1665112,is,kvemo khechili
128213653,1665113,is,khareba
128213884,1665116,is,kvemo kedi
128214654,1665126,is,kvemo enteli
128214885,1665129,is,K'vemo Dzaghina
128215116,1665132,is,kvemo chocheti
128215193,1665133,is,kvemo chibati
128215424,1665136,is,kvemo brolosani
128215501,1665137,is,kvemo boshuri
128215578,1665138,is,kvemo bolnisi
128215655,1665139,is,kvemo bolkvi
128215809,1665141,is,kvemo bodbe
128215963,1665143,is,Kuh-e Mobarak
128216271,1665147,is,Kvemo Artsevi
128216579,1665151,is,kvemo alvani
128216810,1665154,is,kvemo akhalsopeli
128216964,1665156,is,zeda agara
128217041,1665157,is,kvemo adzvisi
128217195,1665159,is,kveletubani
128217503,1665163,is,Ívedik
128217580,1665164,is,kveda zegani
128217657,1665165,is,kveda vedi
128218273,1665173,is,Kveda Tlughi
128218427,1665175,is,kveda simoneti
128218504,1665176,is,Khvansharaf
128218581,1665177,is,kveda sazano
128218658,1665178,is,kveda sakara
128218735,1665179,is,kveda sairme
128218812,1665180,is,kveda orghuli
128219043,1665183,is,kveda mukedi
128219120,1665184,is,kveda meskheti
128219197,1665185,is,kveda mamati
128219274,1665186,is,kveda makhuntseti
128219351,1665187,is,kveda lukhvano
128219428,1665188,is,kveda luha
128219505,1665189,is,Kíchi
128219967,1665195,is,kveda ilemi
128220044,1665196,is,kveda ghvirishi
128220121,1665197,is,kveda ghvardia
128220198,1665198,is,kveda gordi
128220275,1665199,is,kveda gora
128220429,1665201,is,kveda dzimiti
128220506,1665202,is,kveda dagva
128220737,1665205,is,kveda chkhorots'q'u
128220968,1665208,is,kveda bzvani
128221045,1665209,is,kveda bzubzu
128221122,1665210,is,kveda beretisa
128221199,1665211,is,kveda bakhvi
128221276,1665212,is,kveda alisubani
128221353,1665213,is,kveda aghvi
128221507,1665215,is,kvebi
128221815,1665219,is,kvatsikhe
128221969,1665221,is,kvatetri
128222277,1665225,is,Vakhnitsi
128223047,1665235,is,Kvaisi
128223278,1665238,is,kvabiskhevi
128223355,1665239,is,kvabgha
128223740,1665244,is,kutauri
128223817,1665245,is,kutaisi
128224048,1665248,is,kushkhevi
128224356,1665252,is,kutliari
128224664,1665256,is,kurduli
128224818,1665258,is,k'urdghelauri
128224895,1665259,is,Kuroishi
128225280,1665264,is,kumlistsikhe
128225742,1665270,is,k'ulashi
128226666,1665282,is,kubriaantk'ari
128226820,1665284,is,ksovrisi
128226897,1665285,is,ksovreti
128226974,1665286,is,ksani
128227205,1665289,is,kroli
128227436,1665292,is,sataple
128227590,1665294,is,Koshi
128227821,1665297,is,Kotanto
128227975,1665299,is,kosopeli
128228206,1665302,is,Koshka
128228283,1665303,is,koseli
128228360,1665304,is,Sem Salafih
128228899,1665311,is,korta
128229284,1665316,is,korogho
128229361,1665317,is,q'ornisi
128229669,1665321,is,koreti
128229823,1665323,is,Kinoenishi
128229900,1665324,is,Kordi
128230439,1665331,is,k'onch'k'ati
128230516,1665332,is,k'amani
128230747,1665335,is,kolobani
128230901,1665337,is,k'olkhida
128231363,1665343,is,kokoleti
128232210,1665354,is,Koori
128232441,1665357,is,k'odists'q'aro
128232672,1665360,is,Kodibina
128232826,1665362,is,kodalo
128233365,1665369,is,kobuleti
128233442,1665370,is,kobuleti
128233519,1665371,is,Kobiantkari
128234751,1665387,is,k'lde
128235136,1665392,is,q'izil-ajlo
128236060,1665404,is,kist'auri
128236907,1665415,is,baghlepi
128236984,1665416,is,Kirovi
128237061,1665417,is,Kirecocagi
128237292,1665420,is,k'irikhlo
128237908,1665428,is,kindzati
128238447,1665435,is,kikineti
128238678,1665438,is,kidzinidzeebi
128239063,1665443,is,Khvtse
128239140,1665444,is,ghvtismshobeli
128239217,1665445,is,Hiltsi
128239294,1665446,is,Arkhashfit
128239371,1665447,is,khvarbeti
128239448,1665448,is,Hoani
128239602,1665450,is,khutsubani
128239833,1665453,is,Al Khurut
128239910,1665454,is,khurtisi
128239987,1665455,is,khunevi
128240064,1665456,is,khunjulauri
128240218,1665458,is,khulo
128240295,1665459,is,khulgumo
128240526,1665462,is,Khyttsi
128240603,1665463,is,khramists'q'aro
128240680,1665464,is,khrialeti
128240757,1665465,is,khresili
128240834,1665466,is,Heitsi
128240911,1665467,is,Khosrow
128241065,1665469,is,Hovanleh
128241450,1665474,is,khoshara
128241527,1665475,is,Didi Khorshi
128241604,1665476,is,khorkheli
128241681,1665477,is,Hordivtsi
128241758,1665478,is,khoreti
128241835,1665479,is,khorchana
128241912,1665480,is,khorbalo
128241989,1665481,is,khopuri
128242220,1665484,is,khoni
128242374,1665486,is,khomuli
128242451,1665487,is,khomi
128242528,1665488,is,Kolonia Lucka
128242605,1665489,is,Krokhmaltsi
128242759,1665491,is,khojorni
128242836,1665492,is,khoji
128243067,1665495,is,khobi
128243144,1665496,is,khiznebi
128243298,1665498,is,khizabavra
128243529,1665501,is,khirkhonisi
128243606,1665502,is,khirausha
128243760,1665504,is,khimshi
128243914,1665506,is,Dhira' Hadi
128243991,1665507,is,khidmaghala
128244068,1665508,is,Khidistaví
128244376,1665512,is,khidi
128244453,1665513,is,khideshlebi
128244530,1665514,is,Khakriz
128244607,1665515,is,khevsurtsopeli
128244761,1665517,is,Hoeviyn Am
128244992,1665520,is,khevasheni
128245146,1665522,is,khetsera
128245223,1665523,is,khetagurovi
128245300,1665524,is,kheta
128245454,1665526,is,Heris
128245531,1665527,is,kherkhvashi
128245608,1665528,is,kheoti
128245685,1665529,is,kheoba
128245839,1665531,is,khemaghali
128245916,1665532,is,khelvachauri
128245993,1665533,is,kheltubani
128246070,1665534,is,khelra
128246147,1665535,is,kheledi
128246378,1665538,is,Saheb Divan
128246455,1665539,is,kheiti
128246609,1665541,is,khe
128246686,1665542,is,Havir
128246763,1665543,is,Khasib
128246840,1665544,is,Al Hashúsa
128246917,1665545,is,khashmi
128247148,1665548,is,Tha Khut Pin
128247302,1665550,is,kharistvali
128247379,1665551,is,Khurarianwala
128247456,1665552,is,Kharaji
128247687,1665555,is,kharaula
128247841,1665557,is,khani
128247918,1665558,is,khanjigazlo
128247995,1665559,is,khando
128248534,1665566,is,khalipauri
128248611,1665567,is,khala
128248688,1665568,is,khak'i
128248919,1665571,is,khakhabo
128249073,1665573,is,Zaisho
128249150,1665574,is,khaishi
128249227,1665575,is,khajalia
128249304,1665576,is,khadoelebi
128249612,1665580,is,khacheshi
128249766,1665582,is,khabume
128249843,1665583,is,khabelashvilebi
128250074,1665586,is,Deh Kian
128250459,1665591,is,keshalo
128250613,1665593,is,kesalo
128250844,1665596,is,kere
128250921,1665597,is,kerana
128251306,1665602,is,kemperi
128251922,1665610,is,Kekhovani
128252076,1665612,is,Kelaa Kebira
128252153,1665613,is,kedkedi
128252230,1665614,is,kedisubani
128252461,1665617,is,kedani
128252538,1665618,is,keda
128252846,1665622,is,k'azreti
128253000,1665624,is,Stepantsi
128253385,1665629,is,q'aurma
128253539,1665631,is,k'atskhi
128253924,1665636,is,k'asrists'q'ali
128254001,1665637,is,k'asp'i
128254078,1665638,is,Kashveti
128254463,1665643,is,Karavdan
128254540,1665644,is,kartsebi
128254925,1665649,is,Armagantasi
128255079,1665651,is,karkushaani
128255156,1665652,is,k'ark'ucha
128255310,1665654,is,kariani
128255464,1665656,is,kareltk'ari
128255541,1665657,is,Taraz-e Nahid
128255849,1665661,is,sabereti
128256619,1665671,is,its'ria
128256927,1665675,is,Qarah Tikan
128258082,1665690,is,sameba
128258159,1665691,is,kalilo
128258775,1665699,is,kakuti
128259391,1665707,is,Kakatikau
128260546,1665722,is,Java
128260623,1665723,is,ienashi
128260700,1665724,is,ieli
128260854,1665726,is,Vituya
128261008,1665728,is,ivaneuli
128261085,1665729,is,Iwaizumi
128261162,1665730,is,itskisi
128261470,1665734,is,itkhvisi
128261547,1665735,is,isunderi
128261624,1665736,is,isula
128261778,1665738,is,isriti
128262086,1665742,is,Giri
128262163,1665743,is,irganchai
128262240,1665744,is,iremadzeebi
128262317,1665745,is,Pervari
128262471,1665747,is,ipnara
128262548,1665748,is,ipkhi
128262625,1665749,is,kveda ipari
128262702,1665750,is,Iormughanlo
128262779,1665751,is,Shioiri
128263087,1665755,is,Innoshima
128263164,1665756,is,ingeti
128263549,1665761,is,inashauri
128263626,1665762,is,Miris
128263780,1665764,is,imerukhuti
128264011,1665767,is,imera
128264319,1665771,is,Uimazco
128265012,1665780,is,ijareti
128265089,1665781,is,idumala
128265166,1665782,is,Ígdelibanisi
128265243,1665783,is,idleti
128265320,1665784,is,iarajulebi
128265397,1665785,is,ianeuli
128265474,1665786,is,ianeti
128265551,1665787,is,iaghuplo
128265859,1665791,is,ghvlevi
128266321,1665797,is,gvimriani
128266398,1665798,is,Gvimbalauri
128266475,1665799,is,gvimaroni
128266552,1665800,is,gvidake
128266629,1665801,is,ghviara
128266706,1665802,is,ghvevi
128266783,1665803,is,gveso
128267014,1665806,is,gverdzineti
128267091,1665807,is,Gverdisubani
128267245,1665809,is,gveleti
128267476,1665812,is,ghvedi
128267553,1665813,is,ghvebra
128267630,1665814,is,Hawb al Jamil
128267707,1665815,is,gvazauri
128267784,1665816,is,ghvarebi
128267861,1665817,is,Varak
128268092,1665820,is,Wadhraf
128268169,1665821,is,Hadah
128268246,1665822,is,Útrík
128268554,1665826,is,Gurna
128268708,1665828,is,Dhu Yamani
128268862,1665830,is,Gúríanta
128268939,1665831,is,kvemo gurgeniani
128269016,1665832,is,Gurdzauli
128269478,1665838,is,gundaeti
128269555,1665839,is,gundauri
128269709,1665841,is,ghunda
128269940,1665844,is,gumbra
128270017,1665845,is,gumbati
128270094,1665846,is,gumati
128270171,1665847,is,gulukheti
128270248,1665848,is,gulripshi
128270479,1665851,is,Gúlída
128270633,1665853,is,Guliani
128270710,1665854,is,ghuli
128270941,1665857,is,ghulelebi
128271018,1665858,is,gulebi
128271095,1665859,is,giulbakhi
128271403,1665863,is,gujareti
128271557,1665865,is,gudrukhi
128271788,1665868,is,gudauta
128271865,1665869,is,gudauri
128271942,1665870,is,gudatubani
128272096,1665872,is,gudasakho
128272173,1665873,is,gudarekhi
128272250,1665874,is,gudarakhi
128272327,1665875,is,gudani
128272404,1665876,is,gudanelebi
128272481,1665877,is,gudaleti
128272712,1665880,is,Oghlú
128273020,1665884,is,grigolishi
128273097,1665885,is,grigoleti
128273251,1665887,is,grigalati
128273328,1665888,is,gremi
128273405,1665889,is,ghreli
128273559,1665891,is,grebeshok'i
128273636,1665892,is,grdzelvelebi
128273790,1665894,is,ghrmaghele
128273944,1665896,is,ghoubani
128274021,1665897,is,ghortubani
128274098,1665898,is,gorovani
128274175,1665899,is,gormaghali
128274252,1665900,is,gorisubani
128274329,1665901,is,goristsikhe
128274406,1665902,is,Tegoripa
128274560,1665904,is,Gori
128274637,1665905,is,gorguli
128274791,1665907,is,gorgadzeebi
128274868,1665908,is,ghoresha
128274945,1665909,is,groelovk'a
128275022,1665910,is,ghordze
128275176,1665912,is,gobroneti
128275253,1665913,is,Gorana
128275330,1665914,is,Gorana
128275484,1665916,is,goraberezhouli
128275792,1665920,is,ghona
128276023,1665923,is,gomi
128276177,1665925,is,gomi
128276254,1665926,is,Kvemo Gomi
128276485,1665929,is,gombori
128276562,1665930,is,gombori
128276639,1665931,is,gomaro
128276716,1665932,is,gomarduli
128276793,1665933,is,gomani
128276870,1665934,is,golteti
128276947,1665935,is,gholovani
128277024,1665936,is,golatubani
128277255,1665939,is,Noha-ri
128277486,1665942,is,gogoleti
128277563,1665943,is,gogolesubani
128277640,1665944,is,gogolaurta
128277794,1665946,is,Ogni
128277871,1665947,is,gognauri
128277948,1665948,is,gogieti
128278025,1665949,is,goginauri
128278179,1665951,is,gogasheni
128278256,1665952,is,gogadzeebi
128278333,1665953,is,gojiaanebi
128278410,1665954,is,ghodora
128278487,1665955,is,godogani
128278718,1665958,is,Hörby
128278795,1665959,is,Gilova
128278872,1665960,is,gldani
128279180,1665964,is,giorgits'minda
128279257,1665965,is,Giorgitsminda
128279411,1665967,is,gimozgonjili
128279565,1665969,is,ghebi
128279719,1665971,is,Gezati
128279796,1665972,is,gheshderi
128280258,1665978,is,gendushi
128280335,1665979,is,gelaveri
128280412,1665980,is,Gelauri
128280566,1665982,is,gelati
128280643,1665983,is,gelati
128280720,1665984,is,geladzeebi
128280874,1665986,is,geguti
128280951,1665987,is,gegelidzeebi
128281028,1665988,is,gejeti
128281105,1665989,is,gedsamania
128281644,1665996,is,Awaji
128281875,1665999,is,gashperdi
128282029,1666001,is,gharta
128282260,1666004,is,Gariqula
128282337,1666005,is,ghari
128282645,1666009,is,gardabani
128282799,1666011,is,garbani
128282876,1666012,is,GJak Ha
128283030,1666014,is,gantiadi
128283184,1666016,is,didi gantiadi
128283492,1666020,is,ghaniri
128283646,1666022,is,ganjala
128283723,1666023,is,Gaza
128283877,1666025,is,ganatleba
128283954,1666026,is,ganarjiis mukhuri
128284031,1666027,is,Ganakhleba
128284108,1666028,is,Ganakhleba
128284185,1666029,is,amaghleba
128284416,1666032,is,gamsi
128284493,1666033,is,gamoghma zanati
128284570,1666034,is,gamoghma shua khorga
128284724,1666036,is,gamoghma nogha
128284955,1666039,is,gamoghma boslevi
128285109,1666041,is,gamarjveba
128285340,1666044,is,gali
128285417,1666045,is,Malavan
128285494,1666046,is,Gargur
128285571,1666047,is,gagulechi
128285648,1666048,is,gagra
128285725,1666049,is,gaghma zanati
128285879,1666051,is,gaghma shua khorga
128285956,1666052,is,gaghma sajijao
128286110,1666054,is,gaghma nogha
128286264,1666056,is,gaghma dvabzu
128286418,1666058,is,gagida
128286495,1666059,is,Hatoudo
128286649,1666061,is,ghadishi
128286726,1666062,is,Adimi
128286803,1666063,is,gadamshi
128287188,1666068,is,peria
128287342,1666070,is,t'alaveri
128287419,1666071,is,pachkha
128287650,1666074,is,etvalisi
128288574,1666086,is,eshera
128288959,1666091,is,Erdenet
128289113,1666093,is,Zerage
128289344,1666096,is,ereta
128289498,1666098,is,ereda
128289652,1666100,is,eniseli
128289729,1666101,is,Cengelti
128290345,1666109,is,ebnisi
128290499,1666111,is,Derdis
128290730,1666114,is,nok'orna
128290807,1666115,is,dzveli marabda
128290884,1666116,is,dzveli kveshi
128290961,1666117,is,Dzveli Khibula
128291038,1666118,is,Welimada
128291115,1666119,is,dzveli burghuli
128291192,1666120,is,Dzvelanaga
128291269,1666121,is,dzveli abasha
128291346,1666122,is,dzveli
128291423,1666123,is,Dlugi Luh
128291654,1666126,is,Zuivtsi
128291731,1666127,is,dzmagula
128291808,1666128,is,dzlevijvari
128291885,1666129,is,Dzirula
128292039,1666131,is,dzirovani
128292270,1666134,is,dzirjumati
128292347,1666135,is,dzirageuli
128292501,1666137,is,dziguri
128292578,1666138,is,Dzibakhevi
128292732,1666140,is,jvarisubani
128292886,1666142,is,jvariketi
128292963,1666143,is,jvari
128293194,1666146,is,juta
128293348,1666148,is,jumushauri
128293425,1666149,is,jumiti
128293502,1666150,is,jumi
128293579,1666151,is,jumati
128293656,1666152,is,julgha
128293733,1666153,is,jughisi
128293810,1666154,is,jughaani
128293887,1666155,is,jugaani
128294041,1666157,is,Jiba'
128294195,1666159,is,jorjiashvili
128294272,1666160,is,jonia
128294349,1666161,is,jolkheeti
128294426,1666162,is,jolevi
128294965,1666169,is,jimiti
128295350,1666174,is,Íhda
128295504,1666176,is,jigrasheni
128295581,1666177,is,jighaura
128295658,1666178,is,jijeti
128295735,1666179,is,jgilati
128295966,1666182,is,jgali
128296043,1666183,is,jervalidzeebi
128296197,1666185,is,jebiri
128296351,1666187,is,javakhi
128296813,1666193,is,jap'ana
128296890,1666194,is,jankhoshi
128297044,1666196,is,jandara
128297275,1666199,is,jalaurta
128297583,1666203,is,Zhakhunderi
128297660,1666204,is,jaghmiani
128297737,1666205,is,jaghira
128297891,1666207,is,jabnidzeebi
128297968,1666208,is,dzevri
128298045,1666209,is,dzevera
128298199,1666211,is,Jevoli
128298276,1666212,is,dzeglevi
128298430,1666214,is,dzedzileti
128298584,1666216,is,dzebniaurebi
128298892,1666220,is,Zaitsi
128299046,1666222,is,dviri
128299123,1666223,is,Dívan
128299277,1666225,is,dvabzu
128299354,1666226,is,duzagrama
128299431,1666227,is,dutskhuni
128299508,1666228,is,dusheti
128299662,1666230,is,durghena
128299893,1666233,is,`Adunah
128299970,1666234,is,dumatskhovi
128300047,1666235,is,dumatskho
128300124,1666236,is,duisi
128300201,1666237,is,duluzaurebi
128300278,1666238,is,dudaurebi
128300432,1666240,is,dre
128300586,1666242,is,drbo
128300663,1666243,is,Rada`
128300740,1666244,is,Doeseli
128300971,1666247,is,doreulebi
128301202,1666250,is,dolosha
128301279,1666251,is,Dogan
128301356,1666252,is,dolasvipi
128301433,1666253,is,dolaskedi
128301510,1666254,is,doghlauri
128301664,1666256,is,Dodota
128301972,1666260,is,dobiro
128302049,1666261,is,Dobiro
128302126,1666262,is,doberazeni
128302357,1666265,is,Ja`rah
128302434,1666266,is,dmanisi
128302511,1666267,is,dmanisi
128302588,1666268,is,dizi
128302665,1666269,is,ditsi
128302819,1666271,is,dirbi
128302896,1666272,is,Diokoti Say
128302973,1666273,is,dimi
128303127,1666275,is,dilisk'a
128303358,1666278,is,Ilkhchi
128303512,1666280,is,dikhashkho
128303666,1666282,is,Dikhagudzuba
128303743,1666283,is,dighomi
128303820,1666284,is,didvela
128303897,1666285,is,Didvake
128304436,1666292,is,didi toneti
128304590,1666294,is,didi smada
128304821,1666297,is,didi samsari
128304898,1666298,is,didi plevi
128305052,1666300,is,didi nedzi
128305129,1666301,is,didi mughanlo
128305283,1666303,is,didi mejvriskhevi
128305360,1666304,is,didi lilo
128305668,1666308,is,Didi Khurvaleti
128305745,1666309,is,Kordenab
128305822,1666310,is,didi khavleti
128305899,1666311,is,didi khanchali
128305976,1666312,is,didi khalebi
128306130,1666314,is,didi iraga
128306207,1666315,is,didi inchkhuri
128306361,1666317,is,didi gubi
128306515,1666319,is,didi gorijvari
128306592,1666320,is,Dídí Gondrio
128306746,1666322,is,Didi Garejvari
128306823,1666323,is,didi jikhaishi
128307054,1666326,is,didi dmanisi
128307208,1666328,is,didi chorjo
128307362,1666330,is,didi chailuri
128307439,1666331,is,didi begliari
128307593,1666333,is,didi arakali
128307670,1666334,is,didgori
128308132,1666340,is,Dagarcik
128308209,1666341,is,dghvani
128308286,1666342,is,dghvana
128308363,1666343,is,Dhabah
128308440,1666344,is,dghnorisa
128308517,1666345,is,dgnali
128308671,1666347,is,devra
128308748,1666348,is,devenaantkhevi
128308902,1666350,is,Dertsen
128309056,1666352,is,derchi
128309133,1666353,is,khakhalajvari
128309364,1666356,is,Deh Mir
128309518,1666358,is,Demiantsi
128309595,1666359,is,degeula
128309749,1666361,is,dedoplists'q'aro
128309826,1666362,is,dedisperuli
128309903,1666363,is,dedalauri
128310057,1666365,is,daviturni
128310211,1666367,is,davberi
128310288,1666368,is,Najd al Wati
128310365,1666369,is,datvisi
128310519,1666371,is,Iidabashi
128310596,1666372,is,dartlo
128310827,1666375,is,darchidzeebi
128310904,1666376,is,darcheti
128310981,1666377,is,Darzeliai
128311058,1666378,is,darbazi
128311289,1666381,is,Danmar
128311443,1666383,is,dandalo
128311751,1666387,is,damiagiurarkhi
128311982,1666390,is,damala
128312059,1666391,is,Al `Arid
128312521,1666397,is,dagheti
128312598,1666398,is,Dang Sarak
128312752,1666400,is,dadeshi
128312829,1666401,is,Hrabniak
128312906,1666402,is,dablatsikhe
128312983,1666403,is,dablagomi
128313214,1666406,is,Dalbandín
128313368,1666408,is,daba
128313522,1666410,is,ch'vinta
128313599,1666411,is,chvibiani
128314138,1666418,is,chvabiani
128314369,1666421,is,chuneshi
128314446,1666422,is,chunchkha
128315139,1666431,is,chrdili
128315370,1666434,is,ch'orvila
128315601,1666437,is,chorchani
128315755,1666439,is,chorchana
128316140,1666444,is,chometi
128316217,1666445,is,Choliani
128316448,1666448,is,cholabargi
128316679,1666451,is,chokhelni
128316756,1666452,is,chokhat'auri
128316987,1666455,is,chochkhati
128317295,1666459,is,Choibalsan
128317526,1666462,is,chkvaleri
128317603,1666463,is,chkumi
128317988,1666468,is,chkhuba
128318065,1666469,is,chkhoushi
128318296,1666472,is,Cheorwon
128318373,1666473,is,chkhoria
128318527,1666475,is,chkheri
128318604,1666476,is,Chernyshivka
128318758,1666478,is,Chahar Rusta'i
128318989,1666481,is,chkhalta
128319682,1666490,is,chitakhevi
128319913,1666493,is,chirik'i
128319990,1666494,is,chirdili
128320067,1666495,is,chirdileliantk'ari
128320298,1666498,is,Gol Chini
128321222,1666510,is,ch'lou
128321376,1666512,is,chikuneti
128321530,1666514,is,chikhori
128321684,1666516,is,chikhareshi
128321761,1666517,is,chikha
128322069,1666521,is,chigho
128322223,1666523,is,chigripshi
128322608,1666528,is,Uchiura
128323070,1666534,is,ch'eri
128323224,1666536,is,ch'eremi
128324071,1666547,is,ch'art'ali
128324379,1666551,is,charekauli
128324456,1666552,is,Kargalí
128324610,1666554,is,chardakhi
128324841,1666557,is,Chao
128325072,1666560,is,Changilari
128325457,1666565,is,chanchkhalo
128325534,1666566,is,chancheti
128325611,1666567,is,ch'anch'ati
128325765,1666569,is,chanakhchi
128325919,1666571,is,Chamdzvrala
128326073,1666573,is,chalkheeti
128326535,1666579,is,chalaubani
128326920,1666584,is,Chala
128327228,1666588,is,chakvistavi
128327382,1666590,is,chakvi
128327613,1666593,is,jvartskhma
128327844,1666596,is,chaduniani
128327998,1666598,is,Chachubeti
128328075,1666599,is,chachkhriala
128328229,1666601,is,ch'ach'araki
128328537,1666605,is,chabinaani
128328691,1666607,is,chabano
128328768,1666608,is,bzipi
128328922,1666610,is,bziauri
128328999,1666611,is,bzholieti
128329076,1666612,is,bzhinevi
128329461,1666617,is,buzaveti
128329538,1666618,is,buzala
128329615,1666619,is,bueti
128329692,1666620,is,buturauli
128329923,1666623,is,burnati
128330000,1666624,is,burnasheti
128330308,1666628,is,buriani
128330385,1666629,is,Zemo Burdiani
128330462,1666630,is,brdazori
128330616,1666632,is,Bulitsqu
128330770,1666634,is,bulishi
128330847,1666635,is,bulbulistsikhe
128330924,1666636,is,bulachauri
128331001,1666637,is,buksieti
128331155,1666639,is,Buknari
128331309,1666641,is,bukhurta
128331463,1666643,is,bughnara
128331540,1666644,is,bugeuli
128331694,1666646,is,bughasheni
128331771,1666647,is,bughaani
128332079,1666651,is,buchaani
128332156,1666652,is,Brotsleti
128332233,1666653,is,broliskedi
128332387,1666655,is,Brili
128332464,1666656,is,brili
128332618,1666658,is,breti
128332695,1666659,is,bredza
128332849,1666661,is,bozhami
128332926,1666662,is,Bozali
128333157,1666665,is,gaghma boslevi
128333234,1666666,is,boslebi
128333388,1666668,is,boseli
128333465,1666669,is,bosela
128333619,1666671,is,Bratskoye
128333696,1666672,is,borjomi
128333773,1666673,is,Borivtsi
128334004,1666676,is,borbalo
128334235,1666679,is,bolnisi
128334312,1666680,is,bolnisi
128334543,1666683,is,bogvi
128334620,1666684,is,bogreshi
128334774,1666686,is,Bogazici
128334851,1666687,is,mzisguli
128334928,1666688,is,bokchvilo
128335005,1666689,is,boga
128335082,1666690,is,bodzauri
128335159,1666691,is,Bordonal
128335236,1666692,is,bodbiskhevi
128335390,1666694,is,Bóhemka
128335621,1666697,is,boboti
128335852,1666700,is,bobnevi
128335929,1666701,is,bnavisi
128336083,1666703,is,blo
128336160,1666704,is,blaburkhva
128336468,1666708,is,biso
128336776,1666712,is,biisi
128336853,1666713,is,bigha
128336930,1666714,is,bijnisi
128337007,1666715,is,bich'vinta
128337084,1666716,is,bichnigauri
128337238,1666718,is,bia-sashonio
128337315,1666719,is,bia
128337392,1666720,is,bezhatubani
128337469,1666721,is,OEzhan
128337623,1666723,is,Bereztsi
128337700,1666724,is,bets'ents'urebi
128337777,1666725,is,betlevi
128337854,1666726,is,Bektemir
128338008,1666728,is,besiauri
128338085,1666729,is,beshtasheni
128338162,1666730,is,beselashvilebi
128338316,1666732,is,ershueti
128338624,1666736,is,Berdzenauli
128338778,1666738,is,bentkoula
128338855,1666739,is,benian-begoni
128339009,1666741,is,benara
128339163,1666743,is,beburiani
128339548,1666748,is,beitarapchi
128339625,1666749,is,beghlevi
128339702,1666750,is,beghleti
128339933,1666753,is,El Domini
128340010,1666754,is,Bedia
128340241,1666757,is,bebnisi
128340395,1666759,is,bazaleti
128340549,1666761,is,baitalo
128340626,1666762,is,bavra
128340703,1666763,is,Ayavari
128340780,1666764,is,Bani Humi
128341011,1666767,is,Bataria
128341088,1666768,is,besleti
128341165,1666769,is,basileti
128341242,1666770,is,Bogyaret
128341319,1666771,is,bashi
128341627,1666775,is,barshi
128341781,1666777,is,Al Mish`ib
128341935,1666779,is,Badrah
128342012,1666780,is,bareuli
128342089,1666781,is,bardubani
128342166,1666782,is,Badalabad
128342243,1666783,is,baratauli
128342320,1666784,is,baraleti
128342474,1666786,is,bantsuri
128342551,1666787,is,Bandóla
128342628,1666788,is,Bani
128342705,1666789,is,Bangveti
128342782,1666790,is,Bandzak
128343013,1666793,is,Beja
128343167,1666795,is,balkho
128343475,1666799,is,balghojiani
128343552,1666800,is,balebiskhevi
128343629,1666801,is,balanta
128343706,1666802,is,bolajuri
128343783,1666803,is,baladzeebi
128343937,1666805,is,bak'urtsikhe
128344091,1666807,is,bak'urianis andezit'i
128344168,1666808,is,bak'uriani
128344476,1666812,is,bokhvauri
128344553,1666813,is,bakhioti
128344630,1666814,is,bakhchalari
128344707,1666815,is,bakhani
128344784,1666816,is,baisubani
128344861,1666817,is,baileti
128344938,1666818,is,Bani `Arji
128345015,1666819,is,bagvdanari
128345092,1666820,is,baghnari
128345169,1666821,is,baghmarani
128345323,1666823,is,bagineti
128345554,1666826,is,Jagdari
128345631,1666827,is,Bagdadí
128345708,1666828,is,Bagdadi
128345785,1666829,is,Baga
128345862,1666830,is,bajiti
128345939,1666831,is,bajikhevi
128346016,1666832,is,baji
128346247,1666835,is,Al `Usharah
128346324,1666836,is,baboti
128346478,1666838,is,babi
128346555,1666839,is,babaneuri
128346709,1666841,is,azmana
128346863,1666843,is,Akziyaret
128346940,1666844,is,azanta
128347017,1666845,is,aiazmi
128347094,1666846,is,avranlo
128347171,1666847,is,avnevi
128347248,1666848,is,avlevi
128347402,1666850,is,Kawanishi
128347787,1666855,is,ats'q'uri
128347864,1666856,is,atsana
128348326,1666862,is,somkhuri atara
128348403,1666863,is,atara
128348480,1666864,is,asureti
128348711,1666867,is,asp'indza
128348788,1666868,is,aspara
128349481,1666877,is,arzne
128349635,1666879,is,nakhiduri
128349712,1666880,is,artskheli
128350020,1666884,is,artana
128350097,1666885,is,arsha
128350174,1666886,is,Araptul
128350251,1666887,is,Armazi
128350636,1666892,is,argveti
128350713,1666893,is,argveta
128350867,1666895,is,arghuni
128350944,1666896,is,Yarokhivka
128351021,1666897,is,La Esperanza
128351098,1666898,is,arjevan-sarvani
128351252,1666900,is,ardisubani
128351560,1666904,is,archeuli
128351637,1666905,is,arboeti
128351791,1666907,is,Arbo
128351945,1666909,is,arashenda
128352407,1666915,is,Al Kanadih
128352484,1666916,is,Baranyntsi
128352561,1666917,is,arali
128352638,1666918,is,arak'ichi
128352715,1666919,is,arakhveti
128352792,1666920,is,dzedzvnariani
128352869,1666921,is,Avraga
128352946,1666922,is,aradu
128353100,1666924,is,Harabdeh
128353331,1666927,is,Na Pho
128353408,1666928,is,apnia
128353485,1666929,is,apieti
128353562,1666930,is,apeni
128353793,1666933,is,anukhva
128354178,1666938,is,Sani
128354332,1666940,is,andriats'minda
128354640,1666944,is,Anak
128354717,1666945,is,anda
128354871,1666947,is,Úananí
128354948,1666948,is,Zhana Kiima
128355025,1666949,is,anaga
128355179,1666951,is,amt'q'eli
128355256,1666952,is,amsaisi
128355410,1666954,is,amlevi
128355487,1666955,is,amkheri
128355564,1666956,is,zemo amirni
128355641,1666957,is,amgha
128355718,1666958,is,ambrolauri
128355795,1666959,is,ambartapa
128355949,1666961,is,amamlo
128356180,1666964,is,alp'uri
128356488,1666968,is,Al Masani
128356796,1666972,is,Ali
128356873,1666973,is,Al Miti`
128356950,1666974,is,algeti
128357027,1666975,is,algeti
128357335,1666979,is,aleksandrovk'a
128357489,1666981,is,alaverdi
128357566,1666982,is,alaverdi
128357720,1666984,is,alatumani
128357874,1666986,is,alambari
128358028,1666988,is,Al Makhadir
128358259,1666991,is,La Vasconia
128358567,1666995,is,akutsa
128358644,1666996,is,ak'usho
128359183,1667003,is,akhuti
128359414,1667006,is,akhshnisvelebi
128359491,1667007,is,akhshani
128359568,1667008,is,Akhtarín
128359645,1667009,is,Kahriz-e Salim
128359722,1667010,is,Pak Tho
128359799,1667011,is,akhmet'a
128360030,1667014,is,Ah Lel
128360261,1667017,is,akhasheni
128360338,1667018,is,akhalubani
128360877,1667025,is,Tahamlytske
128360954,1667026,is,akhalsopeli
128361031,1667027,is,Akhalsop'eli
128361416,1667032,is,akhalsopeli
128362109,1667041,is,akhalsopeli
128363264,1667056,is,Ah Ka La
128363418,1667058,is,akhali zirbiti
128363495,1667059,is,akhali terjola
128363572,1667060,is,Sadguri Sviri
128363649,1667061,is,Mahall Sabri
128363880,1667064,is,akhali osebi
128363957,1667065,is,akhali nichbisi
128364034,1667066,is,akhali marabda
128364111,1667067,is,akhlomakhmudlo
128364188,1667068,is,Al Wadi al A`la
128364419,1667071,is,Akhali Khurvaleti
128364496,1667072,is,akhali khulgumo
128364650,1667074,is,akhali burghuli
128364727,1667075,is,Stantsía Novyy Afon
128364804,1667076,is,akhalabastumani
128364881,1667077,is,Halor
128365266,1667082,is,akhaldaba
128365420,1667084,is,akhaldaba
128365497,1667085,is,akhalbediseuli
128365574,1667086,is,Akhadi
128365651,1667087,is,akha
128365882,1667090,is,Odishi
128366036,1667092,is,agudzera
128366113,1667093,is,agubedia
128366344,1667096,is,aghaiani
128366498,1667098,is,agarebi
128366575,1667099,is,agarak'i
128366652,1667100,is,Agaraki
128366806,1667102,is,Agara
128366883,1667103,is,Agara
128367191,1667107,is,agana
128367422,1667110,is,Adzyubzha
128367653,1667113,is,Gadavi
128367884,1667116,is,Adkidak
128368269,1667121,is,ach'arisaghmarti
128368654,1667126,is,adigeni
128368731,1667127,is,Hajji Rajab
128368808,1667128,is,Achmarda
128368962,1667130,is,achkhot'i
128369116,1667132,is,Kashiwabara
128369424,1667136,is,Avandar
128369655,1667139,is,abzhaq'va
128369809,1667141,is,abuli
128370117,1667145,is,tblukhvara
128370194,1667146,is,Abisistavi
128370271,1667147,is,abisi
128370502,1667150,is,abgharkhuki
128370656,1667152,is,abeliani
128370733,1667153,is,abedati
128370810,1667154,is,javshaniani
128371195,1667159,is,Sabahah
128371272,1667160,is,Abari
128371349,1667161,is,abanoeti
128371426,1667162,is,abano
128371580,1667164,is,abakhuamts'a
128371734,1667166,is,Ayatskiy
128372889,1667181,is,Incirli
128373505,1667189,is,Makuhari
128373659,1667191,is,Etseri
128374737,1667205,is,prezeti
128374814,1667206,is,aghmamedlo
128375430,1667214,is,Genikey
128375892,1667220,is,Grigorovskoye
128376046,1667222,is,atsijkva
128376200,1667224,is,pukhaantubani
128376431,1667227,is,kvakhvreli
128377201,1667237,is,khramhesi
128377278,1667238,is,Bel'dir-Aryg
128377586,1667242,is,abrameti
128380127,1667275,is,bazaklo
128381205,1667289,is,Khowsh Ab
128381744,1667296,is,Sabih
128381898,1667298,is,koreti
128383207,1667315,is,chazhashi
128383438,1667318,is,lampalashi
128384362,1667330,is,nebiereti
128385132,1667340,is,zemo nogha
128385286,1667342,is,mosabruni
128385517,1667345,is,Matsúda
128386518,1667358,is,bindaurta
128386595,1667359,is,kobulo
128387442,1667370,is,Petriani
128387673,1667373,is,khevsha
128389675,1667399,is,Kotianeti
128389906,1667402,is,vazisubani
128390753,1667413,is,nageberavo
128390984,1667416,is,khiblari
128391831,1667427,is,leksura
128391908,1667428,is,lamanashuri
128392216,1667432,is,Kolaki
128392755,1667439,is,Kursebi
128392909,1667441,is,mukhiani
128393063,1667443,is,saimedo
128393217,1667445,is,khalde
128395219,1667471,is,lashkhrashi
128395450,1667474,is,bzibta
128395527,1667475,is,gagrapst'a
128395604,1667476,is,Minari
128395681,1667477,is,Al Kanadih
128395758,1667478,is,Akvara
128395912,1667480,is,rapits'a
128395989,1667481,is,atidzta
128398530,1667514,is,Al Mazar
128398838,1667518,is,nigvziani
128401071,1667547,is,narazeni
128401148,1667548,is,Tíkori
128401302,1667550,is,Al Barasi`
128401456,1667552,is,lesema
128401533,1667553,is,mananauri
128401610,1667554,is,Kanchanabúrí
128401687,1667555,is,gvimbrala
128401764,1667556,is,ts'abliani
128401841,1667557,is,k'ult'ubani
128401918,1667558,is,Ts'alk'ot'i
128401995,1667559,is,zegani
128402072,1667560,is,Vinogradnoe
128402149,1667561,is,imerkhevi
128403304,1667576,is,zeda lia
128403381,1667577,is,lekharchile
128403458,1667578,is,Uhlia
128403612,1667580,is,nakhurtsilavo
128403689,1667581,is,kveda tsageri
128403766,1667582,is,mravaldzali
128403843,1667583,is,zemo kvaloni
128403997,1667585,is,GJak Hoa
128404074,1667586,is,ts'q'alt'ubo
128404305,1667589,is,salominao
128404459,1667591,is,naruja
128404536,1667592,is,khino
128404690,1667594,is,inasharidzeebi
128404844,1667596,is,godgadzeebi
128404921,1667597,is,abastumani
128405229,1667601,is,bak'urianis andezit'i
128405537,1667605,is,akhalsopeli
128405691,1667607,is,Sha'ajereh
128405845,1667609,is,Teliani
128405922,1667610,is,vachnadziani
128406230,1667614,is,lemshveniera
128406692,1667620,is,verkhviani
128406769,1667621,is,badiauri
128407000,1667624,is,Vardij
128407077,1667625,is,didik'urt'a
128407770,1667634,is,maghrani
128407924,1667636,is,tkhiliana
128408155,1667639,is,Síhan
128408309,1667641,is,iukho
128408386,1667642,is,Hoki
128409233,1667653,is,mejilaurni
128409387,1667655,is,Kilicanlar
128409772,1667660,is,meliaskhevi
128410311,1667667,is,k'elasuri
128410465,1667669,is,Alekseyevka
128410542,1667670,is,Hubur
128410696,1667672,is,Merhuk
128411004,1667676,is,zemo mach'ara
128414315,1667719,is,Labra
128415624,1667736,is,totiaurni
128415701,1667737,is,k'orsha
128416702,1667750,is,Mumlaantkari
128416933,1667753,is,Kvemo-Ikorta
128417395,1667759,is,sheerteba
128417703,1667763,is,akhali k'adoeti
128417934,1667766,is,Kanada de Lobo
128418011,1667767,is,okruaani
128418627,1667775,is,Kakhati
128419166,1667782,is,Chikhu
128419628,1667788,is,narazeni
128420244,1667796,is,Skuria
128421861,1667817,is,ch'q'onkhumla
128422015,1667819,is,kalaghali
128422939,1667831,is,Kortskheli
128423401,1667837,is,moedani
128423478,1667838,is,shromisubani
128423555,1667839,is,jikhanjiri
128423709,1667841,is,demerchentsi
128424633,1667853,is,zemo khevi
128424864,1667856,is,gruzinsk'oe-ushchelie
128424941,1667857,is,ojibina
128425018,1667858,is,vashlovani
128425095,1667859,is,Schodnia Stara
128425172,1667860,is,k'ldiani
128425249,1667861,is,mukhnari
128425326,1667862,is,Orekhovo
128425480,1667864,is,meore bighazhiashta
128425711,1667867,is,zeda tkhilnari
128425865,1667869,is,kheghru
128426096,1667872,is,kveda sameba
128426173,1667873,is,gogmachauri
128426250,1667874,is,aibga
128426558,1667878,is,motsvnari
128427020,1667884,is,shevaburi
128427251,1667887,is,sikhalidzeebi
128427328,1667888,is,chaisubani
128427559,1667891,is,ushguli
128428098,1667898,is,leburtskhila
128428329,1667901,is,Sadamitsu
128428560,1667904,is,saesebuo
128428791,1667907,is,durashi
128428945,1667909,is,khurcha
128429022,1667910,is,legogie
128429099,1667911,is,lejolikhe
128429253,1667913,is,lekobale
128429330,1667914,is,lesajaie
128429484,1667916,is,olori
128429792,1667920,is,Salameh
128430100,1667924,is,tavsurebi
128430177,1667925,is,mamulari
128430408,1667928,is,shvelaur-tsitsibauri
128430562,1667930,is,gaghma dobiro
128430639,1667931,is,gogouri
128430793,1667933,is,akhmet'a
128430870,1667934,is,kharagauli
128431024,1667936,is,Karelí
128431101,1667937,is,Gotav
128431178,1667938,is,arsenauli
128431255,1667939,is,Masaura
128431409,1667941,is,sirabidzeebi
128431717,1667945,is,jalabashvile
128431794,1667946,is,mosiashvilebi
128432641,1667957,is,mintadzeebi
128432718,1667958,is,ghorjomi
128433796,1667972,is,Zeda Tkhilvana
128433950,1667974,is,Merchkheti
128434027,1667975,is,Junmere
128434797,1667985,is,Gamoghma Dobiro
128435336,1667992,is,Nasak'irali
128435413,1667993,is,mshvidobauri
128435567,1667995,is,Hanfarah
128435644,1667996,is,Shabir
128435721,1667997,is,bulvani
128435798,1667998,is,Tkhmelari
128435875,1667999,is,Lemikave
128436183,1668003,is,majvdieri
128436260,1668004,is,gvalderi
128436645,1668009,is,babili
128436722,1668010,is,Skhirat
128437030,1668014,is,Ganisi
128437107,1668015,is,Nafetvrebi
128437261,1668017,is,Kotekhi
128437338,1668018,is,gogiashvilebi
128437877,1668025,is,goginidzeebi
128438493,1668033,is,ternali
128438647,1668035,is,tsivadzeebi
128438878,1668038,is,murvaneti
128438955,1668039,is,ombolo
128439109,1668041,is,shushaneti
128439186,1668042,is,dzablaveti
128439263,1668043,is,zanakidzeebi
128439340,1668044,is,Zavyika
128439417,1668045,is,duadzeebi
128439494,1668046,is,elelidzeebi
128439648,1668048,is,boghauri
128439802,1668050,is,ghorjomeladzeebi
128439879,1668051,is,zemo vashlovani
128440033,1668053,is,oshanakhevi
128440110,1668054,is,akhali ubani
128440341,1668057,is,Betanía
128440495,1668059,is,zurgovana
128440572,1668060,is,nasaguri
128440957,1668065,is,shua isnari
128441188,1668068,is,alismereti
128441573,1668073,is,tvrini
128441727,1668075,is,ajameti
128441804,1668076,is,Sahline
128441881,1668077,is,sasakhle
128441958,1668078,is,shimshilakedi
128442112,1668080,is,dzlourdaneti
128442497,1668085,is,separeti
128442574,1668086,is,gamochinebuli
128442882,1668090,is,jiktubani
128443344,1668096,is,ghvitori
128443421,1668097,is,begiauri
128443652,1668100,is,gharikhevi
128444114,1668106,is,japarauli
128444191,1668107,is,islari
128444268,1668108,is,ghudumekedi
128444422,1668110,is,kharabauli
128444499,1668111,is,lepilie
128444807,1668115,is,khveliandro
128445731,1668127,is,pirosmani
128445885,1668129,is,kvemo pona
128445962,1668130,is,Dona
128446039,1668131,is,kvemo samgori
128446193,1668133,is,erisimedi
128446270,1668134,is,shorokhi
128446424,1668136,is,disveli
128446809,1668141,is,savaneti
128446963,1668143,is,gamarjveba I
128447271,1668147,is,Zintsi
128447348,1668148,is,nagebi
128447425,1668149,is,angrevani
128447502,1668150,is,p'ant'iani
128447579,1668151,is,mamishlari
128447656,1668152,is,meore salamaleiki
128448580,1668164,is,Búrma
128448657,1668165,is,Khudayr
128448888,1668168,is,khikhani
128449042,1668170,is,norgiuli
128449196,1668172,is,tsivts'q'aro
128449350,1668174,is,lazviani
128449427,1668175,is,abanoskhevi
128449504,1668176,is,bakakurebi
128449581,1668177,is,Al Hanani
128449658,1668178,is,akhali t'oncha
128449735,1668179,is,mezvriantk'ari
128449966,1668182,is,karaulebi
128450043,1668183,is,migriaulebi
128450197,1668185,is,badaani
128450351,1668187,is,sajinibo
128450428,1668188,is,tetraulebi
128450505,1668189,is,Shevir
128450659,1668191,is,zurabebi
128451198,1668198,is,nakhshirgora
128451352,1668200,is,Khería
128451429,1668201,is,lagharvashi
128451506,1668202,is,naghomari
128451660,1668204,is,Bni Idder
128451737,1668205,is,lashkharashi
128451814,1668206,is,akhali chordi
128451891,1668207,is,gona
128451968,1668208,is,p'at'ara ghebi
128452045,1668209,is,Kerfú Kola
128452199,1668211,is,doghurashi
128452353,1668213,is,lekajaie
128452507,1668215,is,saberulavo
128452738,1668218,is,zeda luha
128452815,1668219,is,lukhi
128452969,1668221,is,lebaghature
128453046,1668222,is,zeda sachino
128453200,1668224,is,imertubani
128453431,1668227,is,Zazalar
128453508,1668228,is,Mashad
128453585,1668229,is,pia
128453662,1668230,is,gelsunda
128453739,1668231,is,nijgori
128453893,1668233,is,Al Batahi
128454124,1668236,is,gagloaantubani
128454201,1668237,is,gaichaantubani
128454278,1668238,is,Dhi Nakhlah
128454432,1668240,is,varianis meurneoba
128454663,1668243,is,Al Khinzirah
128455279,1668251,is,chobalauri
128455433,1668253,is,Perma
128455510,1668254,is,togoiani
128455664,1668256,is,lavriskhevi
128455741,1668257,is,apnisi
128455895,1668259,is,gulik'aantubani
128455972,1668260,is,bretis meurneoba
128456511,1668267,is,savanisubani
128457204,1668276,is,zemo gurgeniani
128457358,1668278,is,ets'eri
128457435,1668279,is,zeda mazandara
128458282,1668290,is,lakhami
128458590,1668294,is,gvimrala
128458667,1668295,is,gezruli
128458898,1668298,is,tsikhissopeli
128458975,1668299,is,zemo vedi
128459052,1668300,is,sagvichio
128459129,1668301,is,lekarche
128459437,1668305,is,Hara
