id,city_id,language_key,name
344709647,4476749,ny,Tucker
344709878,4476752,ny,Tula
344709955,4476753,ny,Tunica
344710109,4476755,ny,Tupelo
344710956,4476766,ny,Tutwiler
344711341,4476771,ny,Tylertown
344711880,4476778,ny,Union
344712496,4476786,ny,Upton
344712650,4476788,ny,Utica
344712804,4476790,ny,Vaiden
344713266,4476796,ny,Valley Park
344713497,4476799,ny,Van Vleet
344713728,4476802,ny,Vancleave
344713882,4476804,ny,Vardaman
344714806,4476816,ny,Verona
344715114,4476820,ny,Vicksburg
344715268,4476822,ny,Victoria
344715345,4476823,ny,Villanova
344715884,4476830,ny,Wade
344717039,4476845,ny,Makoma
344717116,4476846,ny,Walnut
344717193,4476847,ny,Walnut
344717424,4476850,ny,Walnut Grove
344717732,4476854,ny,Walthall
344718425,4476863,ny,Waterford
344718502,4476864,ny,Water Valley
344718887,4476869,ny,Waveland
344719195,4476873,ny,Waynesboro
344719426,4476876,ny,Webb
344719580,4476878,ny,Weir
344720042,4476884,ny,Wesson
344720119,4476885,ny,West
344720504,4476890,ny,West Gulfport
344720581,4476891,ny,West Hattiesburg
344720889,4476895,ny,West Lincoln
344720966,4476896,ny,West Point
344721505,4476903,ny,Wheeler
344722352,4476914,ny,White Oak
344723661,4476931,ny,Wiggins
344723969,4476935,ny,Willet
344724508,4476942,ny,Willing
344725432,4476954,ny,Winona
344725509,4476955,ny,Winstonville
344726048,4476962,ny,Woodland
344726510,4476968,ny,Woodville
344727357,4476979,ny,Yazoo City
344728820,4476998,ny,Zumbro
344729051,4477001,ny,Aberdeen
344730283,4477017,ny,Advance
344730360,4477018,ny,Ahoskie
344730745,4477023,ny,Alamance
344731053,4477027,ny,Albemarle
344731592,4477034,ny,Alexander Mills
344731669,4477035,ny,Alexis
344731823,4477037,ny,Allegheny
344732747,4477049,ny,Alliance
344733363,4477057,ny,Altamahaw
344734210,4477068,ny,Anderson Creek
344734441,4477071,ny,Andrews
344734595,4477073,ny,Angier
344734749,4477075,ny,Ansonville
344735288,4477082,ny,Apex
344735596,4477086,ny,Aquadale
344735904,4477090,ny,Arapahoe
344736212,4477094,ny,Archdale
344736289,4477095,ny,Archdale
344736443,4477097,ny,Archer Lodge
344736905,4477103,ny,Arlington
344737213,4477107,ny,Arrowhead Beach
344737906,4477116,ny,Asheboro
344738137,4477119,ny,Asheville
344738445,4477123,ny,Ashley Heights
344738830,4477128,ny,Askewville
344738984,4477130,ny,Atkinson
344739061,4477131,ny,Atlantic
344739138,4477132,ny,Atlantic Beach
344739446,4477136,ny,Aulander
344739677,4477139,ny,Aurora
344739908,4477142,ny,Autryville
344740139,4477145,ny,Avery Creek
344740293,4477147,ny,Avon
344740601,4477151,ny,Ayden
344740986,4477156,ny,Badin
344741371,4477161,ny,Bailey
344741833,4477167,ny,Bakersville
344742064,4477170,ny,Bald Head Island
344742295,4477173,ny,Balfour
344742680,4477178,ny,Balsam
344743373,4477187,ny,Banner Elk
344744297,4477199,ny,Barker Heights
344744374,4477200,ny,Barker Ten Mile
344744605,4477203,ny,Barnardsville
344745606,4477216,ny,Kusamba
344746299,4477225,ny,Bayboro
344746607,4477229,ny,Bayshore
344746684,4477230,ny,Bayview
344747531,4477241,ny,Bear Grass
344748224,4477250,ny,Beaufort
344749456,4477266,ny,Beech Mountain
344750149,4477275,ny,Belhaven
344750226,4477276,ny,Bell Arthur
344750842,4477284,ny,Bellemont
344750919,4477285,ny,Mabelu
344751381,4477291,ny,Belmont
344751766,4477296,ny,Belvidere
344751843,4477297,ny,Belville
344751920,4477298,ny,Belvoir
344751997,4477299,ny,Belwood
344752382,4477304,ny,Bennett
344752459,4477305,ny,Benson
344752613,4477307,ny,Bent Creek
344753075,4477313,ny,Bermuda Run
344753460,4477318,ny,Bessemer City
344753768,4477322,ny,Betania
344754230,4477328,ny,Beteli
344754461,4477331,ny,Beteli
344754692,4477334,ny,Bethesda
344754846,4477336,ny,Betelehemu
344755539,4477345,ny,Beulaville
344756540,4477358,ny,Biltmore Forest
344757079,4477365,ny,Biscoe
344757387,4477369,ny,Black Creek
344757541,4477371,ny,Black Mountain
344758388,4477382,ny,Bladenboro
344759543,4477397,ny,Blowing Rock
344759774,4477400,ny,Nkhalango ya Blue Ridge
344759851,4477401,ny,Blue Rock
344760082,4477404,ny,Boardman
344760313,4477407,ny,Boger City
344760390,4477408,ny,Bogue
344760544,4477410,ny,Boiling Spring Lakes
344760698,4477412,ny,Boiling Springs
344760775,4477413,ny,Bolivia
344760929,4477415,ny,Bolton
344761391,4477421,ny,Bonnetsville
344761853,4477427,ny,Boone
344762315,4477433,ny,Boonville
344762469,4477435,ny,Bostic
344762854,4477440,ny,Bowdens
344763239,4477445,ny,Bowmore
344764625,4477463,ny,Brevard
344765164,4477470,ny,Brices Creek
344765703,4477477,ny,Bridgeton
344766011,4477481,ny,Brightwater
344766088,4477482,ny,Brightwood
344766242,4477484,ny,Brindletown
344766781,4477491,ny,Broad Creek
344767089,4477495,ny,Broadview Acres
344767320,4477498,ny,Broadway
344767551,4477501,ny,Brogden
344767859,4477505,ny,Brookford
344769091,4477521,ny,Brownwood
344769322,4477524,ny,Brunswick
344769399,4477525,ny,Bryans Woods
344769553,4477527,ny,Bryson City
344769707,4477529,ny,Buck
344771401,4477551,ny,Buies Creek
344771786,4477556,ny,Bunn
344771863,4477557,ny,Bunnlevel
344772248,4477562,ny,Burgaw
344772633,4477567,ny,Burlington
344773018,4477572,ny,Burnsville
344773095,4477573,ny,Burnsville
344773788,4477582,ny,Butner
344773942,4477584,ny,Butters
344774019,4477585,ny,Buxton
344774866,4477596,ny,Cajahs Mountain
344774943,4477597,ny,Calabash
344776175,4477613,ny,Calypso
344776252,4477614,ny,Camden
344776714,4477620,ny,Cameron
344776868,4477622,ny,Camp Creek
344777484,4477630,ny,Campbells Crossroad
344778023,4477637,ny,Candor
344778331,4477641,ny,Cane River
344778870,4477648,ny,Canton
344778947,4477649,ny,Cape Carteret
344779024,4477650,ny,Cape Colony
344779871,4477661,ny,Caroleen
344780025,4477663,ny,Carolina Beach
344780256,4477666,ny,Carolina Forest
344780718,4477672,ny,Carolina Shores
344781257,4477679,ny,Carr
344781334,4477680,ny,Carrboro
344781719,4477685,ny,Carthage
344781873,4477687,ny,Cary
344782027,4477689,ny,Avsar
344782181,4477691,ny,Cashiers
344782335,4477693,ny,Castalia
344782412,4477694,ny,Castle Hayne
344782720,4477698,ny,Caswell Beach
344782951,4477701,ny,Catawba
344784568,4477722,ny,Cedar Hill
344785030,4477728,ny,Cedar Point
344785338,4477732,ny,Cedar Village
344786108,4477742,ny,Centerville
344786570,4477748,ny,Chadbourn
344786647,4477749,ny,Cerro Gordo
344787263,4477757,ny,Chapel Hill
344787648,4477762,ny,Charlotte
344788110,4477768,ny,Cherokee
344788803,4477777,ny,Cherryville
344788957,4477779,ny,Chesterfield
344789573,4477787,ny,Chimney Rock
344789650,4477788,ny,China Grove
344789727,4477789,ny,Chinqupin
344790035,4477793,ny,Chocowinity
344790189,4477795,ny,Chowan Beach
344791036,4477806,ny,Claremont
344791498,4477812,ny,Clarkton
344791883,4477817,ny,Clayton
344792114,4477820,ny,Clemmons
344792422,4477824,ny,Cleveland
344792730,4477828,ny,Cliffside
344793346,4477836,ny,Clinton
344793962,4477844,ny,Cloverdale
344794116,4477846,ny,Clyde
344794270,4477848,ny,Coats
344794886,4477856,ny,Cofield
344795117,4477859,ny,Coinjock
344795810,4477868,ny,Colerain
344796195,4477873,ny,Colington
344797196,4477886,ny,Zithunzi za Colony Estates
344797350,4477888,ny,Columbia
344797504,4477890,ny,Columbus
344797735,4477893,ny,Comet
344797889,4477895,ny,Como
344798043,4477897,ny,Concord
344798505,4477903,ny,Conetoe
344798736,4477906,ny,Connelly Springs
344798813,4477907,ny,Connor
344799044,4477910,ny,Conover
344799198,4477912,ny,Conway
344799891,4477921,ny,Cooleemee
344800430,4477928,ny,Cordova
344800969,4477935,ny,Cornelius
344801123,4477937,ny,Corolla
344803048,4477962,ny,Cove City
344803125,4477963,ny,Cove Creek
344803741,4477971,ny,Cox Mill
344804126,4477976,ny,Cozart
344804434,4477980,ny,Cramerton
344804973,4477987,ny,Creedmoor
344805743,4477997,ny,Creston
344806051,4478001,ny,Creswell
344806205,4478003,ny,Cricket
344806821,4478011,ny,Crossnore
344806975,4478013,ny,Crouse
344807899,4478025,ny,Cullowhee
344808284,4478030,ny,Currituck
344809285,4478043,ny,Dallas
344809593,4478047,ny,Dana
344809670,4478048,ny,Danbury
344810286,4478056,ny,Davidson
344810594,4478060,ny,Davis
344811980,4478078,ny,Deep Run
344812673,4478087,ny,Delco
344812750,4478088,ny,Dellview
344812904,4478090,ny,Dellwood
344813058,4478092,ny,Delway
344813443,4478097,ny,Denton
344813597,4478099,ny,Denver
344814290,4478108,ny,Dickerson
344814906,4478116,ny,Dillsboro
344815676,4478126,ny,Dobson
344816600,4478138,ny,Dortches
344816985,4478143,ny,Dover
344817062,4478144,ny,Dover
344817139,4478145,ny,Dover
344817832,4478154,ny,Drexel
344818525,4478163,ny,Dublin
344818679,4478165,ny,Duck
344818756,4478166,ny,Duck Creek
344819064,4478170,ny,Dudley
344819680,4478178,ny,Dundarrach
344819757,4478179,ny,Dunn
344820142,4478184,ny,Durham
344820758,4478192,ny,Earl
344821066,4478196,ny,East Arcadia
344821220,4478198,ny,East Bend
344821528,4478202,ny,East Flat Rock
344822221,4478211,ny,East Laurinburg
344822606,4478216,ny,East Rockingham
344822837,4478219,ny,East Spencer
344823607,4478229,ny,Pasaka
344824916,4478246,ny,Edeni
344825070,4478248,ny,Edenton
344826148,4478262,ny,Edneyville
344826610,4478268,ny,Efland
344826841,4478271,ny,Ela
344827842,4478284,ny,Elizabeth City
344827996,4478286,ny,Elizabethtown
344828150,4478288,ny,Elk Park
344828381,4478291,ny,Elkin
344828689,4478295,ny,Ellenboro
344828843,4478297,ny,Ellerbe
344829382,4478304,ny,Elm City
344829998,4478312,ny,Elon
344830075,4478313,ny,Elrod
344830152,4478314,ny,Elroy
344830306,4478316,ny,Emerald Isle
344831153,4478327,ny,Enfield
344831230,4478328,ny,Engelhard
344831692,4478334,ny,Eno
344832154,4478340,ny,Enochville
344832693,4478347,ny,Erwin
344833309,4478355,ny,Etowah
344833540,4478358,ny,Eureka
344834002,4478364,ny,Everetts
344834079,4478365,ny,Everetts Crossroads
344834233,4478367,ny,Evergreen
344834310,4478368,ny,Evergreen
344834618,4478372,ny,Ezzelltown
344834772,4478374,ny,Fair Bluff
344835234,4478380,ny,Fairfield
344835388,4478382,ny,Fairfield Harbour
344835696,4478386,ny,Fairmont
344835850,4478388,ny,Fairplains
344836004,4478390,ny,Fairview
344836389,4478395,ny,Fairview
344836851,4478401,ny,Falcon
344837005,4478403,ny,Falkland
344837082,4478404,ny,Faison
344837313,4478407,ny,Falls
344837390,4478408,ny,Fallston
344837929,4478415,ny,Farmville
344838006,4478416,ny,Farmville
344838545,4478423,ny,Fearrington Village
344838622,4478424,ny,Fayetteville
344840547,4478449,ny,Five Forks
344841240,4478458,ny,Mfundo Zisanu
344842087,4478469,ny,Flat Rock
344842241,4478471,ny,Flat Rock
344842934,4478480,ny,Fletcher
344844397,4478499,ny,Forest City
344844859,4478505,ny,Forest Hills
344845167,4478509,ny,Forest Hills
344845244,4478510,ny,Forest Oaks
344846091,4478521,ny,Foscoe
344846399,4478525,ny,Fountain
344846707,4478529,ny,Four Oaks
344847862,4478544,ny,Foxfire
344848401,4478551,ny,Franklin
344848478,4478552,ny,Franklin
344848709,4478555,ny,Franklinton
344848786,4478556,ny,Franklinville
344849248,4478562,ny,Fremont
344849941,4478571,ny,Frisco
344850172,4478574,ny,Frog Island
344850557,4478579,ny,Fruitland
344851327,4478589,ny,Fuquay-Varina
344851943,4478597,ny,Gamewell
344852328,4478602,ny,Garland
344852405,4478603,ny,Garner
344852636,4478606,ny,Garysburg
344852790,4478608,ny,Gastonia
344852867,4478609,ny,Gates
344852944,4478610,ny,Gatesville
344853175,4478613,ny,Gaston
344854561,4478631,ny,Germanton
344854715,4478633,ny,Gerton
344855023,4478637,ny,Gibson
344855254,4478640,ny,Gibsonville
344856178,4478652,ny,Glen Alpine
344856717,4478659,ny,Glen Raven
344857487,4478669,ny,Glenville
344857718,4478672,ny,Glenwood
344858180,4478678,ny,Gloucester
344858488,4478682,ny,Godwin
344858565,4478683,ny,Golide
344858719,4478685,ny,Gold Hill
344859335,4478693,ny,Goldsboro
344859489,4478695,ny,Goldston
344860028,4478702,ny,Gooseneck
344860259,4478705,ny,Gorman
344860875,4478713,ny,Graham
344860952,4478714,ny,Graingers
344861029,4478715,ny,Grand View Park
344861414,4478720,ny,Grandy
344861491,4478721,ny,Granite Falls
344861568,4478722,ny,Granite Quarry
344861799,4478725,ny,Grantsboro
344863262,4478744,ny,Green Level
344863339,4478745,ny,Green Level
344863416,4478746,ny,Green Mountain
344864186,4478756,ny,Greenevers
344864725,4478763,ny,Greensboro
344864879,4478765,ny,Greenville
344866034,4478780,ny,Grifton
344866188,4478782,ny,Grimesland
344866804,4478790,ny,Grover
344867497,4478799,ny,Gulf
344868960,4478818,ny,Half Moon
344869114,4478820,ny,Halifax
344869807,4478829,ny,Hallsboro
344870192,4478834,ny,Hamilton
344870269,4478835,ny,Hamlet
344870654,4478840,ny,Hampstead
344871501,4478851,ny,Hankins
344872733,4478867,ny,Harkers Island
344873041,4478871,ny,Harmony
344873503,4478877,ny,Harrells
344873657,4478879,ny,Harrellsville
344873811,4478881,ny,Harris
344874119,4478885,ny,Harrisburg
344874966,4478896,ny,Hassell
344875274,4478900,ny,Hatteras
344875428,4478902,ny,Havelock
344875659,4478905,ny,Haw Creek
344875736,4478906,ny,Haw River
344876506,4478916,ny,Hayesville
344876737,4478919,ny,Hays
344877276,4478926,ny,Hazelwood
344878585,4478943,ny,Hemby Bridge
344878739,4478945,ny,Henderson
344878816,4478946,ny,Hendersonville
344879124,4478950,ny,Henrietta
344879817,4478959,ny,Hertford
344880356,4478966,ny,Hickory
344881665,4478983,ny,Hiddenite
344882435,4478993,ny,High Point
344882666,4478996,ny,High Shoals
344883128,4479002,ny,Highlands
344883359,4479005,ny,Hightsville
344883436,4479006,ny,Hildebran
344884206,4479016,ny,Hills
344884514,4479020,ny,Hillsborough
344884668,4479022,ny,Hillsdale
344885900,4479038,ny,Hobgood
344885977,4479039,ny,Hobucken
344886285,4479043,ny,Hoffman
344886824,4479050,ny,Holden Beach
344887594,4479060,ny,Hollister
344888133,4479067,ny,Holly Ridge
344888210,4479068,ny,Holly Springs
344888518,4479072,ny,Holly Springs
344890058,4479092,ny,Hookerton
344890212,4479094,ny,Hoopers Creek
344890520,4479098,ny,Hope Mills
344891290,4479108,ny,Horse Shoe
344891521,4479111,ny,Hot Springs
344892291,4479121,ny,Hudson
344893138,4479132,ny,Huntersville
344894755,4479153,ny,Icard
344894909,4479155,ny,Indian Beach
344895679,4479165,ny,Indian Trail
344896064,4479170,ny,Ingold
344896680,4479178,ny,Iron Station
344897373,4479187,ny,Ivanhoe
344897450,4479188,ny,Ivey Crossroads
344897681,4479191,ny,Ivy Ridge
344897758,4479192,ny,Jalas
344897835,4479193,ny,Jackson
344897912,4479194,ny,Jackson
344898451,4479201,ny,Jackson Springs
344898836,4479206,ny,Jacksontown
344898913,4479207,ny,Jacksonville
344899221,4479211,ny,James City
344899298,4479212,ny,Jamestown
344899375,4479213,ny,Jamesville
344899914,4479220,ny,Jefferson
344902917,4479259,ny,Jonesville
344903918,4479272,ny,Jubilee
344904611,4479281,ny,Kannapolis
344905150,4479288,ny,Keener
344905227,4479289,ny,Kelford
344905535,4479293,ny,Kelly
344905689,4479295,ny,Kenansville
344905920,4479298,ny,Kenly
344906536,4479306,ny,Zithunzi za Kenwood Estates
344906767,4479309,ny,Kernersville
344907152,4479314,ny,Kill Devil Hills
344907614,4479320,ny,Mfumu
344908076,4479326,ny,Kings Grant
344908230,4479328,ny,Kings Mountain
344908307,4479329,ny,Kingstown
344908538,4479332,ny,Kinston
344908846,4479336,ny,Kirkland
344909154,4479340,ny,Kittrell
344909308,4479342,ny,Kitty Hawk
344909616,4479346,ny,Knightdale
344910463,4479357,ny,Kure Beach
344910848,4479362,ny,La Grange
344911695,4479373,ny,Lake Junaluska
344911849,4479375,ny,Lake Lure
344912080,4479378,ny,Lake Norman of Catawba
344912157,4479379,ny,Nyanja Sarah
344912542,4479384,ny,Lake Waccamaw
344914313,4479407,ny,Landis
344914775,4479413,ny,Lansing
344914929,4479415,ny,Lasker
344915468,4479422,ny,Lattimore
344915776,4479426,ny,Laurel Hill
344915853,4479427,ny,Laurel Hill
344916007,4479429,ny,Laurel Park
344916546,4479436,ny,Laurinburg
344916623,4479437,ny,Lawndale
344917855,4479453,ny,Leggett
344918317,4479459,ny,Leland
344918625,4479463,ny,Lenoir
344919549,4479475,ny,Lewiston Woodville
344919626,4479476,ny,Lewisville
344919780,4479478,ny,Lexington
344920011,4479481,ny,Liberty
344920704,4479490,ny,Light Oak
344920858,4479492,ny,Lilesville
344920935,4479493,ny,Lillington
344921705,4479503,ny,Lincolnton
344921859,4479505,ny,Linden
344922090,4479508,ny,Linville
344923630,4479528,ny,Littleton
344924169,4479535,ny,Dzombe
344924708,4479542,ny,Logsboro
344925940,4479558,ny,Longview
344926325,4479563,ny,Louisburg
344926556,4479566,ny,Love Valley
344926787,4479569,ny,Lowell
344927095,4479573,ny,Lowesville
344927172,4479574,ny,Lowgap
344927249,4479575,ny,Lowland
344927480,4479578,ny,Lucama
344927788,4479582,ny,Lumber Bridge
344927942,4479584,ny,Lumberton
344928866,4479596,ny,Macclesfield
344929328,4479602,ny,Mackeys
344929559,4479605,ny,Macon
344929636,4479606,ny,Madison
344929713,4479607,ny,Maggie Valley
344929790,4479608,ny,Magnolia
344929944,4479610,ny,Maiden
344930637,4479619,ny,Malvern Hills
344930714,4479620,ny,Mamers
344931330,4479628,ny,Manns Harbor
344931484,4479630,ny,Manteo
344932177,4479639,ny,Mapleville
344932331,4479641,ny,Mar-Mac
344932408,4479642,ny,Marble
344932793,4479647,ny,Marietta
344932947,4479649,ny,Marion
344933717,4479659,ny,Mars Hill
344933794,4479660,ny,Marshall
344933871,4479661,ny,Marshallberg
344933948,4479662,ny,Marshville
344934025,4479663,ny,Marston
344934333,4479667,ny,Marvin
344934641,4479671,ny,Masonboro
344935180,4479678,ny,Matthews
344935334,4479680,ny,Maury
344935488,4479682,ny,Maxton
344935873,4479687,ny,Mayodan
344936181,4479691,ny,Maysville
344936489,4479695,ny,McAdenville
344937028,4479702,ny,McConnell
344937644,4479710,ny,McDonald
344937721,4479711,ny,McFarlan
344938645,4479723,ny,McLeansville
344939415,4479733,ny,Meadows
344939646,4479736,ny,Mebane
344939723,4479737,ny,Mechanic
344939800,4479738,ny,Medfield
344940724,4479750,ny,Mesic
344941263,4479757,ny,Micro
344941417,4479759,ny,Middle River
344941494,4479760,ny,Middleburg
344941571,4479761,ny,Middlesex
344941802,4479764,ny,Midland
344942033,4479767,ny,Midway
344942341,4479771,ny,Midway
344942957,4479779,ny,Miles
344944189,4479795,ny,Millboro
344944343,4479797,ny,Millers Creek
344944651,4479801,ny,Millingport
344944805,4479803,ny,Mills River
344944882,4479804,ny,Milton
344944959,4479805,ny,Milwaukee
344945267,4479809,ny,Mineral Springs
344945421,4479811,ny,Minnesott Beach
344945883,4479817,ny,Mint Hill
344945960,4479818,ny,Misenheimer
344946345,4479823,ny,Mocksville
344946807,4479829,ny,Momeyer
344946884,4479830,ny,Moncure
344947192,4479834,ny,Monroe
344948116,4479846,ny,Montreat
344948886,4479856,ny,Mooresboro
344948963,4479857,ny,Mooresville
344949117,4479859,ny,Moravian Falls
344949194,4479860,ny,Morehead City
344949502,4479864,ny,Morganton
344949964,4479870,ny,Morrisville
344950349,4479875,ny,Morven
344950811,4479881,ny,Mount Airy
344951119,4479885,ny,Phiri la Gileadi
344951504,4479890,ny,Mount Holly
344951581,4479891,ny,Phiri la Mitchell
344952197,4479899,ny,Mount Pleasant
344952428,4479902,ny,Mount Pleasant
344952967,4479909,ny,Mount Rose
344954199,4479925,ny,Mountain Grove
344954276,4479926,ny,Mountain Home
344954815,4479933,ny,Mountain View
344954969,4479935,ny,Mountain View
344955431,4479941,ny,Moyock
344955585,4479943,ny,Muddy Creek
344955816,4479946,ny,Mulberry
344956355,4479953,ny,Murfreesboro
344956509,4479955,ny,Murphy
344956894,4479960,ny,Murraysville
344957125,4479963,ny,Myrtle Grove
344957433,4479967,ny,Nags Head
344957895,4479973,ny,Nashville
344958049,4479975,ny,Navassa
344958357,4479979,ny,Nebo
344959204,4479990,ny,Neuse
344959358,4479992,ny,Neuse Forest
344959589,4479995,ny,New Bern
344960513,4480007,ny,Chiyembekezo Chatsopano
344960821,4480011,ny,Chiyembekezo Chatsopano
344961437,4480019,ny,New London
344962515,4480033,ny,Newland
344962669,4480035,ny,Newport
344962900,4480038,ny,Newton
344962977,4480039,ny,Newton Grove
344963901,4480051,ny,Norlina
344963978,4480052,ny,Norman
344965364,4480070,ny,North Lakes
344965441,4480071,ny,North Hyde Park
344966057,4480079,ny,North Topsail Beach
344966211,4480081,ny,North Wilkesboro
344966365,4480083,ny,Northlakes
344966904,4480090,ny,Norwood
344967135,4480093,ny,Oak City
344968983,4480117,ny,Oak Island
344969291,4480121,ny,Oak Ridge
344969522,4480124,ny,Oak Villa
344969599,4480125,ny,Oakboro
344970831,4480141,ny,Oaks
344971524,4480150,ny,Ocean
344971755,4480153,ny,Ocean Isle Beach
344971986,4480156,ny,Ocracoke
344972448,4480162,ny,Ogden
344973526,4480176,ny,Old Fort
344973757,4480179,ny,Old Hundred
344976452,4480214,ny,Oriental
344976837,4480219,ny,Ore Knob
344976914,4480220,ny,Orrum
344977530,4480228,ny,Ossipee
344978839,4480245,ny,Oxford
344979378,4480252,ny,Paige
344980379,4480265,ny,Pantego
344980456,4480266,ny,Panther Creek
344981534,4480280,ny,Parkton
344981919,4480285,ny,Parkwood Lake
344981996,4480286,ny,Parmele
344982920,4480298,ny,Patterson Springs
344983690,4480308,ny,Peachland
344984306,4480316,ny,Peletier
344984460,4480318,ny,Pembroke
344988079,4480365,ny,Pikeville
344988464,4480370,ny,Pilot Mountain
344989080,4480378,ny,Pine Haven
344989465,4480383,ny,Pine Knoll Shores
344989696,4480386,ny,Pine Level
344990466,4480396,ny,Pinebluff
344990697,4480399,ny,Pinecroft
344991005,4480403,ny,Pinehurst
344991390,4480408,ny,Pinetops
344991467,4480409,ny,Pinetown
344991544,4480410,ny,Pineville
344992391,4480421,ny,Piney Green
344993546,4480436,ny,Pinnacle
344993623,4480437,ny,Pink Hill
344994393,4480447,ny,Pittsboro
344994624,4480450,ny,Plain View
344995086,4480456,ny,Pleasant Garden
344995163,4480457,ny,Pleasant Gardens
344995856,4480466,ny,Pleasant Hill
344996241,4480471,ny,Pleasant Hill
344997165,4480483,ny,Plymouth
344997781,4480491,ny,Polkton
344997858,4480492,ny,Pollocksville
344998243,4480497,ny,Poor Town
344999937,4480519,ny,Potters Hill
345000476,4480526,ny,Powellsville
345001246,4480536,ny,Princeton
345001323,4480537,ny,Princeville
345001554,4480540,ny,Proctorville
345001862,4480544,ny,Prospect
345002709,4480555,ny,Dzungu Center
345002786,4480556,ny,Dzungu Center
345003094,4480560,ny,Purlear
345004711,4480581,ny,Raeford
345004788,4480582,ny,Rainbow Springs
345004942,4480584,ny,Rainbow Springs
345005250,4480588,ny,Raleigh
345005558,4480592,ny,Ramseur
345005789,4480595,ny,Randleman
345006097,4480599,ny,Ranlo
345006790,4480608,ny,Raynham
345007637,4480619,ny,Red Cross
345008176,4480626,ny,Red Oak
345008330,4480628,ny,Red Springs
345009100,4480638,ny,Reeds Crossroads
345010332,4480654,ny,Rennert
345010717,4480659,ny,Reidsville
345011102,4480664,ny,Rex
345011795,4480673,ny,Rhodhiss
345012565,4480683,ny,Rich Square
345012719,4480685,ny,Richfield
345012950,4480688,ny,Richlands
345014028,4480702,ny,Riegelwood
345014567,4480709,ny,River Bend
345014952,4480714,ny,River Road
345015876,4480726,ny,Roanoke Rapids
345015953,4480727,ny,Mtsinje Wobangula
345016184,4480730,ny,Robbins
345016261,4480731,ny,Robbinsville
345016338,4480732,ny,Roberdell
345016492,4480734,ny,Robersonville
345017493,4480747,ny,Rockfish
345017724,4480750,ny,Rockingham
345017801,4480751,ny,Rockwell
345018263,4480757,ny,Rocky Point
345018340,4480758,ny,Rocky Mount
345018648,4480762,ny,Rodanthe
345019110,4480768,ny,Rolesville
345020111,4480781,ny,Ronda
345020265,4480783,ny,Roper
345020496,4480786,ny,Rose Hill
345020804,4480790,ny,Roseboro
345021574,4480800,ny,Rosemont
345022113,4480807,ny,Rosman
345022498,4480812,ny,Rougemont
345022729,4480815,ny,Rountree
345023114,4480820,ny,Rowland
345023345,4480823,ny,Roxboro
345023422,4480824,ny,Roxobel
345023576,4480826,ny,Royal
345023730,4480828,ny,Royal Pines
345024192,4480834,ny,Ruffin
345024423,4480837,ny,Ma Ruggles
345024577,4480839,ny,Rural Hall
345024962,4480844,ny,Rute
345025039,4480845,ny,Rutherford College
345025116,4480846,ny,Rutherfordton
345025886,4480856,ny,Saint Helena
345025963,4480857,ny,Yakobo Woyera
345026425,4480863,ny,Paulo Woyera
345026502,4480864,ny,Salem
345027118,4480872,ny,Salemburg
345027272,4480874,ny,Salisbury
345027580,4480878,ny,Salvo
345027657,4480879,ny,Saluda
345028350,4480888,ny,Mchenga
345028427,4480889,ny,Sandy Creek
345029890,4480908,ny,Sandyfield
345029967,4480909,ny,Sanford
345030121,4480911,ny,Lake Santeetlah
345030429,4480915,ny,Saratoga
345031353,4480927,ny,Sawmills
345031430,4480928,ny,Saxapahaw
345032046,4480936,ny,Scotland Neck
345033047,4480949,ny,Nyanja Breeze
345033355,4480953,ny,Seaboard
345033586,4480956,ny,Seagate
345033663,4480957,ny,Seagrove
345034356,4480966,ny,Sedalia
345034664,4480970,ny,Selma
345035126,4480976,ny,Seven Devils
345035357,4480979,ny,Seven Springs
345035434,4480980,ny,Seven Lakes
345035511,4480981,ny,Severn
345036666,4480996,ny,Shallotte
345037128,4481002,ny,Shannon
345037898,4481012,ny,Sharpsburg
345038514,4481020,ny,Shelby
345039130,4481028,ny,Sherrills Ford
345040516,4481046,ny,Shines Crossroads
345042287,4481069,ny,Siler City
345042595,4481073,ny,Silver City
345042903,4481077,ny,Silver Lake
345043519,4481085,ny,Simpson
345043596,4481086,ny,Sims
345043673,4481087,ny,Sioux
345043904,4481090,ny,Six Forks Crossroads
345044520,4481098,ny,Skippers Corner
345046060,4481118,ny,Smithfield
345046445,4481123,ny,Smithtown
345046984,4481130,ny,Sneads Ferry
345047369,4481135,ny,Snow Hill
345048524,4481150,ny,Somers Crossroads
345049602,4481164,ny,South Henderson
345049833,4481167,ny,South Mills
345050141,4481171,ny,South Rosemary
345050526,4481176,ny,South Weldon
345050680,4481178,ny,Southern Pines
345050757,4481179,ny,Southern Shores
345050988,4481182,ny,Southmont
345051065,4481183,ny,Southport
345051450,4481188,ny,Sparta
345051527,4481189,ny,Spear
345051604,4481190,ny,Speed
345051912,4481194,ny,Spencer
345052066,4481196,ny,Spencer Mountain
345052451,4481201,ny,Spindale
345052528,4481202,ny,Spiveys Corner
345052759,4481205,ny,Spout Springs
345053298,4481212,ny,Spring Hill
345053452,4481214,ny,Springhope
345053606,4481216,ny,Spring Lake
345053760,4481218,ny,Springdale
345054222,4481224,ny,Spruce Pine
345054299,4481225,ny,Saint Stephens
345054761,4481231,ny,Staley
345054838,4481232,ny,Stallings
345055300,4481238,ny,Stanfield
345055454,4481240,ny,Stanley
345055608,4481242,ny,Stantonsburg
345055685,4481243,ny,Nyenyezi
345056224,4481250,ny,Statesville
345056686,4481256,ny,Stedman
345056840,4481258,ny,Steele Creek
345057148,4481262,ny,Stem
345058226,4481276,ny,Stokes
345058380,4481278,ny,Stokesdale
345058842,4481284,ny,Stoneville
345058919,4481285,ny,Stonewall
345059073,4481287,ny,Stoney Creek
345059766,4481296,ny,Stony Point
345059920,4481298,ny,Storys
345060151,4481301,ny,Stovall
345060228,4481302,ny,Strabane
345060690,4481308,ny,Strawberry Ridge
345061614,4481320,ny,Sugar Mountain
345062307,4481329,ny,Summerfield
345062769,4481335,ny,Sunbury
345063539,4481345,ny,Sunrise Acres
345063693,4481347,ny,Sunset Beach
345064001,4481351,ny,Surf City
345065079,4481365,ny,Swannanoa
345065310,4481368,ny,Swan Quarter
345065387,4481369,ny,Swansboro
345065695,4481373,ny,Swepsonville
345066080,4481378,ny,Sylva
345066311,4481381,ny,Tabor City
345066619,4481385,ny,Tapoco
345066773,4481387,ny,Tar Heel
345067004,4481390,ny,Tarboro
345067774,4481400,ny,Taylorsville
345067928,4481402,ny,Taylortown
345068005,4481403,ny,Teachey
345069853,4481427,ny,The Pines
345070469,4481435,ny,Thomasville
345070777,4481439,ny,Thurmond
345071624,4481450,ny,Toast
345071778,4481452,ny,Tobaccoville
345072933,4481467,ny,Topsail Beach
345074704,4481490,ny,Trent Woods
345074781,4481491,ny,Trenton
345075012,4481494,ny,Trinity
345075551,4481501,ny,Tokluman
345075705,4481503,ny,Troy
345075859,4481505,ny,Tryon
345075936,4481506,ny,Tryon
345076937,4481519,ny,Turkey
345078400,4481538,ny,Tyro
345079401,4481551,ny,Union Cross
345080479,4481565,ny,Unionville
345081634,4481580,ny,Valdese
345081942,4481584,ny,Valle Crucis
345082173,4481587,ny,Valley Hill
345082789,4481595,ny,Vanceboro
345082943,4481597,ny,Vandemere
345083020,4481598,ny,Vander
345083097,4481599,ny,Vann Crossroads
345083328,4481602,ny,Varnamtown
345085176,4481626,ny,Wako
345085330,4481628,ny,Wade
345085561,4481631,ny,Wadesboro
345085946,4481636,ny,Wake Forest
345086100,4481638,ny,Wakulla
345086177,4481639,ny,Wagram
345086485,4481643,ny,Walkertown
345086562,4481644,ny,Walkertown
345086716,4481646,ny,Wallace
345086947,4481649,ny,Wallburg
345087101,4481651,ny,Walnut
345087178,4481652,ny,Walnut Cove
345087409,4481655,ny,Walnut Creek
345087563,4481657,ny,Walstonburg
345087871,4481661,ny,Wanchese
345087948,4481662,ny,Walton Crossroads
345088333,4481667,ny,Warne
345088564,4481670,ny,Warrenton
345088795,4481673,ny,Warsaw
345089026,4481676,ny,Washington
345089257,4481679,ny,Washington Park
345089334,4481680,ny,Washington Park
345089488,4481682,ny,Water Oak
345089873,4481687,ny,Watha
345090720,4481698,ny,Waxhaw
345091028,4481702,ny,Waynesville
345091336,4481706,ny,Weaverville
345091644,4481710,ny,Webster
345091798,4481712,ny,Weddington
345092106,4481716,ny,Takulandirani
345092183,4481717,ny,Weldon
345092645,4481723,ny,Wentworth
345092799,4481725,ny,Wesley Chapel
345092876,4481726,ny,Wendell
345093492,4481734,ny,West Canton
345094031,4481741,ny,West Jefferson
345094185,4481743,ny,West Marion
345095802,4481764,ny,Westport
345096803,4481777,ny,Kunong'oneza Pines
345096880,4481778,ny,Whitakers
345097188,4481782,ny,White Lake
345097573,4481787,ny,White Oak
345097727,4481789,ny,White Oak
345098035,4481793,ny,White Plains
345098189,4481795,ny,White Plains
345098266,4481796,ny,White Pond
345099344,4481810,ny,Whiteville
345099806,4481816,ny,Whitsett
345101423,4481837,ny,Wilkesboro
345102655,4481853,ny,Williamston
345103656,4481866,ny,Wilmington
345104041,4481871,ny,Wilson
345104349,4481875,ny,Wilsons Mills
345105042,4481884,ny,Windsor
345105119,4481885,ny,Windsor
345105504,4481890,ny,Winfall
345105658,4481892,ny,Wingate
345106120,4481898,ny,Winston-Salem
345106351,4481901,ny,Winterville
345106428,4481902,ny,Winton
345107891,4481921,ny,Woodfin
345108122,4481924,ny,Woodland
345108430,4481928,ny,Woodlawn
345108507,4481929,ny,Woodlawn
345109431,4481941,ny,Woodville
345110432,4481954,ny,Wrightsboro
345110586,4481956,ny,Wrightsville Beach
345111202,4481964,ny,Yadkinville
345111356,4481966,ny,Yanceyville
345111587,4481969,ny,Yaupon Beach
345112357,4481979,ny,Youngsville
345112511,4481981,ny,Zebulon
345112588,4481982,ny,Zephyr
345113050,4481988,ny,Absecon
345113127,4481989,ny,Absecon Highlands
345113358,4481992,ny,Aldine
345113512,4481994,ny,Alloway
345114128,4482002,ny,Ashland
345114205,4482003,ny,Atco
345114282,4482004,ny,Atlantic City
345114436,4482006,ny,Auburn
345114513,4482007,ny,Audubon
345114590,4482008,ny,Audubon Park
345114744,4482010,ny,Avalon
345115283,4482017,ny,Bargaintown
345115437,4482019,ny,Barnegat
345115822,4482024,ny,Barnegat Light
345116053,4482027,ny,Barrington
345116130,4482028,ny,Mtsinje wa Bass
345116823,4482037,ny,Beach Haven
345117285,4482043,ny,Beach Haven West
345117439,4482045,ny,Beachwood
345117747,4482049,ny,Beckett
345117978,4482052,ny,Belleplain
345118055,4482053,ny,Bellmawr
345118209,4482055,ny,Beesleys Point
345118517,4482059,ny,Berlin
345119056,4482066,ny,Birchfield
345119518,4482072,ny,Blackwood
345120442,4482084,ny,Brant Beach
345120596,4482086,ny,Bridgeport
345120750,4482088,ny,Brigantine
345121058,4482092,ny,Bridgeton
345121212,4482094,ny,Brooklyn
345121443,4482097,ny,Brookfield
345121520,4482098,ny,Browns Mills
345121751,4482101,ny,Brownsville
345122059,4482105,ny,Buena
345122290,4482108,ny,Burleigh
345122367,4482109,ny,Bulltown
345122675,4482113,ny,Camden
345123137,4482119,ny,Cape May Court House
345123214,4482120,ny,Cape May Point
345123368,4482122,ny,Cape May
345123445,4482123,ny,Carlls Corner
345123676,4482126,ny,Carneys Point
345124138,4482132,ny,Cedar Glen Lakes
345125139,4482145,ny,Centre Grove
345125447,4482149,ny,Cedarville
345125909,4482155,ny,Cherry Hill
345126063,4482157,ny,Cherry Hill Mall
345126217,4482159,ny,Chesilhurst
345126679,4482165,ny,Cinnaminson
345127064,4482170,ny,Clarkstown
345127218,4482172,ny,Clayton
345127295,4482173,ny,Clementon
345128065,4482183,ny,Collings Lakes
345128142,4482184,ny,Collingswood
345128219,4482185,ny,Cologne
345128989,4482195,ny,Corbin City
345129066,4482196,ny,Country Lake Estates
345129759,4482205,ny,Crestwood Village
345130221,4482211,ny,Crowfoot
345131607,4482229,ny,Delmont
345131684,4482230,ny,Deerfield
345131761,4482231,ny,Dennisville
345131915,4482233,ny,Diamond Beach
345132377,4482239,ny,Dividing Creek
345132531,4482241,ny,Dorchester
345132608,4482242,ny,Dorothy
345132839,4482245,ny,Dover Beaches North
345132916,4482246,ny,Dover Beaches South
345134148,4482262,ny,East Vineland
345134302,4482264,ny,Echelon
345134379,4482265,ny,Egg Harbor City
345134456,4482266,ny,Eldora
345134687,4482269,ny,Ellisburg
345134764,4482270,ny,Elmer
345134918,4482272,ny,Elwood
345135149,4482275,ny,English Creek
345135380,4482278,ny,Erma
345135534,4482280,ny,Estell Manor
345136073,4482287,ny,Fairton
345137228,4482302,ny,Folsom
345137613,4482307,ny,Forked River
345137921,4482311,ny,Fortescue
345138614,4482320,ny,Franklinville
345139307,4482329,ny,Gandys Beach
345139846,4482336,ny,Germany
345140000,4482338,ny,Gibbsboro
345140077,4482339,ny,Gibbstown
345140385,4482343,ny,Glassboro
345140616,4482346,ny,Glendora
345140770,4482348,ny,Gloucester City
345141078,4482352,ny,Golden Triangle
345141386,4482356,ny,Gosheni
345141463,4482357,ny,Gouldtown
345142464,4482370,ny,Greentree
345142695,4482373,ny,Greenwich
345142849,4482375,ny,Grenloch
345143080,4482378,ny,Hadoni
345143157,4482379,ny,Haddon Heights
345143465,4482383,ny,Haddonfield
345143696,4482386,ny,Hainesport
345143927,4482389,ny,Hammonton
345144312,4482394,ny,Hancocks Bridge
345144851,4482401,ny,Harrisonville
345145159,4482405,ny,Harvey Cedars
345145313,4482407,ny,Heislerville
345145698,4482412,ny,Hi-Nella
345146776,4482426,ny,Holiday Heights
345147700,4482438,ny,Island Heights
345147931,4482441,ny,Jackson
345149471,4482461,ny,Kingston Estates
345150318,4482472,ny,Laurel Lake
345150549,4482475,ny,Lavallette
345150626,4482476,ny,Lawnside
345150780,4482478,ny,Laurel Springs
345151011,4482481,ny,Leeds Point
345151165,4482483,ny,Lesburg
345151242,4482484,ny,Leisuretowne
345151627,4482489,ny,Lindenwold
345151704,4482490,ny,Linwood
345152012,4482494,ny,Longport
345152628,4482502,ny,Lumberton
345152782,4482504,ny,Magnolia
345152859,4482505,ny,Magnolia
345153090,4482508,ny,Malaga
345153167,4482509,ny,Manahawkin
345153860,4482518,ny,Maple Shade
345153937,4482519,ny,Margate City
345154168,4482522,ny,Marlton
345154476,4482526,ny,Marmora
345154938,4482532,ny,Maurice River
345155015,4482533,ny,Mauricetown
345155246,4482536,ny,Mays Landing
345155477,4482539,ny,McKee City
345155785,4482543,ny,Medford
345155862,4482544,ny,Medford Lakes
345156401,4482551,ny,Mickleton
345156709,4482555,ny,Millville
345156786,4482556,ny,Milmay
345156940,4482558,ny,Mizpah
345157325,4482563,ny,Moorestown
345157479,4482565,ny,Morris
345157787,4482569,ny,Mount Ephraim
345157864,4482570,ny,Mount Holly
345157941,4482571,ny,Phiri la Laurel
345158249,4482575,ny,Mount Royal
345158403,4482577,ny,Mullica Hill
345158711,4482581,ny,Mystic Island
345158788,4482582,ny,National Park
345158942,4482584,ny,Nesco
345159250,4482588,ny,New Gretna
345159789,4482595,ny,Newfield
345159866,4482596,ny,Newport
345160020,4482598,ny,Newtonville
345160328,4482602,ny,North Beach Haven
345160405,4482603,ny,North Cape May
345160790,4482608,ny,North Wildwood
345160867,4482609,ny,North Woodbury
345160944,4482610,ny,Northfield
345161714,4482620,ny,Oaklyn
345161791,4482621,ny,Oakville
345162022,4482624,ny,Ocean Acres
345162176,4482626,ny,Ocean City
345162253,4482627,ny,Ocean Gate
345162407,4482629,ny,Ocean View
345162484,4482630,ny,Oceanville
345162638,4482632,ny,\N
345162792,4482634,ny,Azitona
345164717,4482659,ny,Paulsboro
345165179,4482665,ny,Pedricktown
345165256,4482666,ny,Pemberton
345165333,4482667,ny,Pemberton Heights
345165718,4482672,ny,Penns Grove
345165795,4482673,ny,Pennsauken
345165872,4482674,ny,Pennsville
345166565,4482683,ny,Pine Beach
345166719,4482685,ny,Pine Hill
345166950,4482688,ny,Pine Ridge at Crestwood
345167335,4482693,ny,Piney Hollow
345167489,4482695,ny,Pitman
345167720,4482698,ny,Pleasantville
345168259,4482705,ny,Pomona
345168413,4482707,ny,Port Elizabeth
345168490,4482708,ny,Port Norris
345168567,4482709,ny,Port Republic
345168952,4482714,ny,Presidential Lakes Estates
345169183,4482717,ny,Quinton
345169337,4482719,ny,Ramblewood
345170415,4482733,ny,Richland
345170569,4482735,ny,Richwood
345170723,4482737,ny,Rio Grande
345171108,4482742,ny,Roadstown
345171416,4482746,ny,Rosenhayn
345171647,4482749,ny,Salem
345171724,4482750,ny,Runnemede
345172109,4482755,ny,Schellenger Landing
345172648,4482762,ny,Sea Isle City
345172725,4482763,ny,Seabrook
345172802,4482764,ny,Seabrook Farms
345172879,4482765,ny,Seaside Heights
345173033,4482767,ny,Seaside Park
345173495,4482773,ny,Sewell
345174034,4482780,ny,Shilo
345174111,4482781,ny,Sheppard Mill
345174188,4482782,ny,Ship Bottom
345174419,4482785,ny,Sicklerville
345174573,4482787,ny,Silver Ridge
345175189,4482795,ny,Smithville
345175497,4482799,ny,Somerdale
345175574,4482800,ny,Somers Point
345175728,4482802,ny,South Dennis
345176113,4482807,ny,South Seaville
345176190,4482808,ny,South Toms River
345176267,4482809,ny,South Vineland
345176652,4482814,ny,Springdale
345177730,4482828,ny,Stone Harbor
345178115,4482833,ny,Stratford
345178192,4482834,ny,Strathmere
345178654,4482840,ny,Surf City
345178885,4482843,ny,Swedesboro
345178962,4482844,ny,Madzi okoma
345179347,4482849,ny,Tavistock
345179809,4482855,ny,West Deptford Township
345180117,4482859,ny,Toms River
345180348,4482862,ny,Tuckahoe
345180425,4482863,ny,Tuckerton
345180656,4482866,ny,Turnersville
345181426,4482876,ny,Ventnor City
345181734,4482880,ny,Victory Lakes
345181965,4482883,ny,Villas
345182042,4482884,ny,Vincentown
345182119,4482885,ny,Vineland
345182350,4482888,ny,Waretown
345183351,4482901,ny,Wenonah
345183736,4482906,ny,West Berlin
345183967,4482909,ny,West Cape May
345184506,4482916,ny,West Village
345184583,4482917,ny,West Wildwood
345184737,4482919,ny,West Creek
345184814,4482920,ny,Westmont
345184891,4482921,ny,Westville
345185430,4482928,ny,Whitesboro
345185507,4482929,ny,Manchester Township
345185815,4482933,ny,Wildwood
345185892,4482934,ny,Wildwood Crest
345186277,4482939,ny,Williamstown
345186431,4482941,ny,Willis Corner
345187278,4482952,ny,Wood-Lynne
345187355,4482953,ny,Woodbine
345187509,4482955,ny,Woodbury
345187663,4482957,ny,Woodbury Heights
345188356,4482966,ny,Woodstown
345188895,4482973,ny,Yorktown
345188972,4482974,ny,Aberdeen
345189126,4482976,ny,Addison
345189203,4482977,ny,Addyston
345189280,4482978,ny,Adelphi
345189665,4482983,ny,Albany
345190974,4483000,ny,Amanda
345191051,4483001,ny,Amberley
345191128,4483002,ny,Amelia
345191205,4483003,ny,Amesville
345191436,4483006,ny,Amsterdam
345191821,4483011,ny,Andersonville
345192283,4483017,ny,Antiokeya
345192360,4483018,ny,Antiokeya
345192976,4483026,ny,Arcanum
345193438,4483032,ny,Zithunzi za Arlington Heights
345194131,4483041,ny,Ashville
345194208,4483042,ny,Athalia
345194285,4483043,ny,Athens
345195748,4483062,ny,Bainbridge
345195902,4483064,ny,Baltimore
345196287,4483069,ny,Barlow
345196441,4483071,ny,Barnesville
345196980,4483078,ny,Batavia
345197057,4483079,ny,Batesville
345197211,4483081,ny,Beallsville
345197673,4483087,ny,Beaver
345197904,4483090,ny,Beavercreek
345198212,4483094,ny,Beckett Ridge
345198982,4483104,ny,Belle Valley
345199136,4483106,ny,Bellbrook
345199213,4483107,ny,Belmont
345199290,4483108,ny,Belpre
345199367,4483109,ny,Bentonville
345199675,4483113,ny,Beteli
345199752,4483114,ny,Beteli
345200060,4483118,ny,Beverly
345200291,4483121,ny,Bexley
345200368,4483122,ny,Bidwell
345200522,4483124,ny,Big Rock
345201138,4483132,ny,Blacklick
345201292,4483134,ny,Blacklick Estates
345201523,4483137,ny,Blanchester
345201908,4483142,ny,Bloomfield
345201985,4483143,ny,Bloomingburg
345202139,4483145,ny,Blue Ash
345202370,4483148,ny,Blue Jay
345202447,4483149,ny,Blue Rock
345203448,4483162,ny,Bourneville
345203525,4483163,ny,Bowersville
345204064,4483170,ny,Brandt
345204218,4483172,ny,Brecon
345204372,4483174,ny,Brentwood
345204680,4483178,ny,Brice
345204757,4483179,ny,Bridgeport
345204911,4483181,ny,Bridgetown
345205219,4483185,ny,Briggsdale
345205681,4483191,ny,Bristol
345206605,4483203,ny,Brookville
345206836,4483206,ny,Brown
345207144,4483210,ny,Brownsville
345207529,4483215,ny,Brush Creek
345207606,4483216,ny,Buchtel
345207914,4483220,ny,Buckeye Lake
345208607,4483229,ny,Buffalo
345208684,4483230,ny,Buford
345208992,4483234,ny,Burlington
345209531,4483241,ny,Butlerville
345209685,4483243,ny,Byesville
345210070,4483248,ny,Caldwell
345210301,4483251,ny,Camden
345210378,4483252,ny,'Aramu
345210532,4483254,ny,Camp Dennison
345210917,4483259,ny,Canal Winchester
345211456,4483266,ny,Carbon Hill
345211841,4483271,ny,Carlisle
345212380,4483278,ny,Carroll
345212688,4483282,ny,Castine
345212842,4483284,ny,Catawba
345213535,4483293,ny,Cedarville
345213766,4483296,ny,Cedar Springs
345214305,4483303,ny,Centerville
345215075,4483313,ny,Chauncey
345215306,4483316,ny,Cherry Fork
345215383,4483317,ny,Cherry Grove
345215537,4483319,ny,Chesapeake
345215614,4483320,ny,Cheshire
345215768,4483322,ny,Chester
345215845,4483323,ny,Chesterhill
345216076,4483326,ny,Cheviot
345216153,4483327,ny,Chilo
345216230,4483328,ny,Choctaw Lake
345216538,4483332,ny,Cincinnati
345216692,4483334,ny,Circleville
345216923,4483337,ny,Clarington
345217077,4483339,ny,Clarksburg
345217154,4483340,ny,Clarksville
345217231,4483341,ny,Clarktown
345217385,4483343,ny,Clarksville
345217616,4483346,ny,Clayton
345218155,4483353,ny,Cleves
345218309,4483355,ny,Clifton
345219079,4483365,ny,Coal Grove
345219387,4483369,ny,Coalton
345219849,4483375,ny,College Corner
345220311,4483381,ny,Columbus
345220542,4483384,ny,Commercial Point
345221543,4483397,ny,Coolville
345222005,4483403,ny,Corning
345222390,4483408,ny,Corwin
345222929,4483415,ny,Covedale
345224007,4483429,ny,Crooksville
345224315,4483433,ny,Crown City
345224546,4483436,ny,Crystal Lakes
345224777,4483439,ny,Cumberland
345225162,4483444,ny,Cynthiana
345226009,4483455,ny,Darbydale
345226086,4483456,ny,Darbyville
345226240,4483458,ny,Darrtown
345226548,4483462,ny,Day Heights
345226625,4483463,ny,Dayton
345227164,4483470,ny,Deer Park
345227395,4483473,ny,Delhi
345227703,4483477,ny,Dent
345227857,4483479,ny,Derby
345228088,4483482,ny,Devola
345228165,4483483,ny,Dexter City
345228396,4483486,ny,Dillonvale
345228550,4483488,ny,Dillonvale
345229397,4483499,ny,Donnelsville
345229705,4483503,ny,Drexel
345229859,4483505,ny,Dry Ridge
345229936,4483506,ny,Dry Run
345230475,4483513,ny,Duncan Falls
345230783,4483517,ny,Dunham
345230937,4483519,ny,Dunlap
345231707,4483529,ny,Eagle City
345232323,4483537,ny,East Fultonham
345233555,4483553,ny,Eaton
345234171,4483561,ny,Edgefield
345235326,4483576,ny,Eldorado
345235403,4483577,ny,Eldorado
345235634,4483580,ny,Elizabethtown
345235711,4483581,ny,Elk
345235865,4483583,ny,Elk Lick
345236481,4483591,ny,Elmwood
345236558,4483592,ny,Elmwood Place
345236789,4483595,ny,Englewood
345237097,4483599,ny,Enon
345237867,4483609,ny,Etna
345238175,4483613,ny,Evendale
345238637,4483619,ny,Excello
345238868,4483622,ny,Fairborn
345238945,4483623,ny,Fairfax
345239099,4483625,ny,Fairfield
345239253,4483627,ny,Fairfield Beach
345240408,4483642,ny,Farmersville
345240793,4483647,ny,Fayetteville
345241024,4483650,ny,Felicity
345241717,4483659,ny,Finneytown
345242564,4483670,ny,Mfundo Zisanu
345243873,4483687,ny,Forest Park
345244104,4483690,ny,Forestville
345244489,4483695,ny,Fort McKinley
345244951,4483701,ny,Frankfort
345245028,4483702,ny,Franklin
345245105,4483703,ny,Franklin Furnace
345245567,4483709,ny,Ubwenzi
345245798,4483712,ny,Fruit Hill
345246183,4483717,ny,Fultonham
345246568,4483722,ny,Gallipolis
345247569,4483735,ny,Geneva
345247723,4483737,ny,Georgetown
345248185,4483743,ny,Germantown
345248339,4483745,ny,Germany
345250033,4483767,ny,Glendale
345250264,4483770,ny,Glenford
345250495,4483773,ny,Glouster
345250803,4483777,ny,Golf Manor
345250957,4483779,ny,Chiyembekezo Chabwino
345251188,4483782,ny,Gordon
345251265,4483783,ny,Gosheni
345251496,4483786,ny,Grandview
345251573,4483787,ny,Grandview
345251727,4483789,ny,Zithunzi za Grandview Heights
345251958,4483792,ny,Gratiot
345252035,4483793,ny,Gratis
345252112,4483794,ny,Graysville
345252574,4483800,ny,Green Meadows
345253113,4483807,ny,Greenfield
345253267,4483809,ny,Greenhills
345253883,4483817,ny,Groesbeck
345254114,4483820,ny,Grove City
345254268,4483822,ny,Groveport
345255192,4483834,ny,Bhamdoun
345255269,4483835,ny,Hamersville
345255346,4483836,ny,Hamilton
345255962,4483844,ny,Hanging Rock
345256116,4483846,ny,Hannibal
345256578,4483852,ny,Harbor Hills
345256809,4483855,ny,Harmar
345256963,4483857,ny,Harmony
345257502,4483864,ny,Harrisburg
345257656,4483866,ny,Harrison
345258272,4483874,ny,Harveysburg
345258888,4483882,ny,Haydenville
345259504,4483890,ny,Hebron
345259735,4483893,ny,Hemlock
345260659,4483905,ny,Hide-A-Way Hills
345260890,4483908,ny,Higginsport
345261044,4483910,ny,Highland
345261429,4483915,ny,Highpoint
345261506,4483916,ny,Hill Craft Acres
345261891,4483921,ny,Hillsboro
345262584,4483930,ny,Hocking
345262661,4483931,ny,Hockingport
345262969,4483935,ny,Holiday Valley
345263123,4483937,ny,Hollansburg
345263816,4483946,ny,Hooker
345264047,4483949,ny,Hooven
345264278,4483952,ny,Hopewell
345264894,4483960,ny,Huber Heights
345265587,4483969,ny,Hunter
345265895,4483973,ny,Huntsville
345266126,4483976,ny,Idaho
345266588,4483982,ny,Indian Hill
345266665,4483983,ny,Indian Hill
345266973,4483987,ny,Ironton
345267281,4483991,ny,Ithaca
345267589,4483995,ny,Jackson
345267820,4483998,ny,Jacksonburg
345267897,4483999,ny,Jacksontown
345268051,4484001,ny,Jacksonville
345268359,4484005,ny,Jamestown
345268744,4484010,ny,Jefferson
345268898,4484012,ny,Jeffersonville
345269283,4484017,ny,Yerusalemu
345270284,4484030,ny,Junction City
345270438,4484032,ny,Kanauga
345271131,4484041,ny,Kenwood
345271670,4484048,ny,Kettering
345272440,4484058,ny,Kings Mills
345272671,4484061,ny,Kingston
345273133,4484067,ny,Kirkersville
345273749,4484075,ny,Knox
345274365,4484083,ny,Lafayette
345274519,4484085,ny,Lake Darby
345275135,4484093,ny,Lancaster
345275212,4484094,ny,Landen
345275674,4484100,ny,Laura
345275828,4484102,ny,Laurelville
345275982,4484104,ny,Lawrence
345276136,4484106,ny,Lawrenceville
345276213,4484107,ny,Lawshe
345276906,4484116,ny,Lebanon
345277137,4484119,ny,Lesburg
345277753,4484127,ny,Lewisburg
345277830,4484128,ny,Lewisville
345278523,4484137,ny,Lincoln Heights
345278754,4484140,ny,Lincoln Village
345279370,4484148,ny,Lisbon
345279524,4484150,ny,Lithopolis
345279832,4484154,ny,Little Hocking
345279909,4484155,ny,Little Walnut
345280063,4484157,ny,Lockbourne
345280217,4484159,ny,Lockland
345280910,4484168,ny,Logan
345280987,4484169,ny,Logan Elm Village
345281141,4484171,ny,London
345281603,4484177,ny,Lore City
345281988,4484182,ny,Loveland
345282065,4484183,ny,Loveland Park
345282219,4484185,ny,Lowell
345282373,4484187,ny,Lower Salem
345282527,4484189,ny,Lucasville
345282681,4484191,ny,Ludlow
345282758,4484192,ny,Ludlow Falls
345283297,4484199,ny,Lynchburg
345283605,4484203,ny,Lyra
345283682,4484204,ny,Lysander
345283990,4484208,ny,Mack
345284144,4484210,ny,Mad River
345284221,4484211,ny,Macksburg
345284298,4484212,ny,Madeira
345284606,4484216,ny,Maineville
345284760,4484218,ny,Malaga
345284837,4484219,ny,Malta
345284991,4484221,ny,Manchester
345285453,4484227,ny,Marathon
345285530,4484228,ny,Marble Cliff
345285761,4484231,ny,Mariemont
345285838,4484232,ny,Marietta
345286069,4484235,ny,Marshall
345286300,4484238,ny,Mason
345286377,4484239,ny,Martinsville
345286454,4484240,ny,Massieville
345287224,4484250,ny,McArthur
345287455,4484253,ny,McConnelsville
345287840,4484258,ny,McDermott
345288148,4484262,ny,McKendree
345288841,4484271,ny,Medway
345289765,4484283,ny,Miami Heights
345290073,4484287,ny,Miamisburg
345290150,4484288,ny,Miamitown
345290227,4484289,ny,Miamiville
345290458,4484292,ny,Middleport
345290612,4484294,ny,Middletown
345290689,4484295,ny,Midland
345290843,4484297,ny,Midway
345290997,4484299,ny,Milford
345291305,4484303,ny,Milledgeville
345291459,4484305,ny,Millersport
345291613,4484307,ny,Millfield
345291844,4484310,ny,Mills
345292152,4484314,ny,Miltonsburg
345292460,4484318,ny,Millville
345292614,4484320,ny,Minford
345293230,4484328,ny,Monroe
345293692,4484334,ny,Monfort Heights
345293769,4484335,ny,Montgomery
345294231,4484341,ny,Moraine
345294847,4484349,ny,Morristown
345295001,4484351,ny,Mawa
345295232,4484354,ny,Moscow
345295848,4484362,ny,Mount Airy Center
345296079,4484365,ny,Mount Carmel
345296541,4484371,ny,Mount Healthy
345296618,4484372,ny,Mount Healthy Heights
345297080,4484378,ny,Mount Orab
345297465,4484383,ny,Mount Repose
345297773,4484387,ny,Mount Sterling
345297850,4484388,ny,Mount Sterling
345298312,4484394,ny,Mowrystown
345298774,4484400,ny,Mulberry
345299159,4484405,ny,Murray City
345299698,4484412,ny,Nashville
345300160,4484418,ny,Nelsonville
345300237,4484419,ny,Neville
345300391,4484421,ny,New Baltimore
345300468,4484422,ny,New Boston
345300622,4484424,ny,New Burlington
345300699,4484425,ny,New Carlisle
345301007,4484429,ny,New Concord
345301469,4484435,ny,New Haven
345301546,4484436,ny,New Holland
345301777,4484439,ny,New Jasper
345301854,4484440,ny,New Lebanon
345301931,4484441,ny,New Lexington
345302085,4484443,ny,New Madison
345302239,4484445,ny,Msika Watsopano
345302316,4484446,ny,New Marshfield
345302470,4484448,ny,New Matamoras
345302547,4484449,ny,New Miami
345302778,4484452,ny,New Paris
345303163,4484457,ny,New Richmond
345303240,4484458,ny,New Rome
345303394,4484460,ny,New Straitsville
345303625,4484463,ny,New Vienna
345304010,4484468,ny,Newport
345304087,4484469,ny,Newtonsville
345304164,4484470,ny,Newtown
345304626,4484476,ny,North Bend
345304703,4484477,ny,North Berne
345304780,4484478,ny,North College Hill
345305011,4484481,ny,North Hampton
345305627,4484489,ny,North Zanesville
345305704,4484490,ny,Northbrook
345305781,4484491,ny,Northgate
345305858,4484492,ny,Northridge
345305935,4484493,ny,Northridge
345306320,4484498,ny,Norwich
345306397,4484499,ny,Norwood
345306859,4484505,ny,Oak Hill
345307860,4484518,ny,Mtengo wa Oakwood
345307937,4484519,ny,Obetz
345308014,4484520,ny,Octa
345308553,4484527,ny,Olde West Chester
345309554,4484540,ny,Orient
345310016,4484546,ny,Otway
345310324,4484550,ny,Owensville
345310478,4484552,ny,Oxford
345311017,4484559,ny,Pancoastburg
345311402,4484564,ny,Park Layne
345311941,4484571,ny,Pataskala
345312634,4484580,ny,Peebles
345313481,4484591,ny,Phillipsburg
345313558,4484592,ny,Philo
345313712,4484594,ny,Pickerington
345313866,4484596,ny,Piketon
345314405,4484603,ny,Pinegrove
345314867,4484609,ny,Pitsburg
345315098,4484612,ny,Plainville
345315406,4484616,ny,Plantsville
345315714,4484620,ny,Pleasant City
345315868,4484622,ny,Pleasant Grove
345316099,4484625,ny,Pleasant Hills
345316176,4484626,ny,Pleasant Plain
345316407,4484629,ny,Pleasant Run
345316484,4484630,ny,Pleasant Run Farm
345316946,4484636,ny,Pleasantville
345317485,4484643,ny,Pomeroy
345317793,4484647,ny,Port William
345318178,4484652,ny,Portsmouth
345318486,4484656,ny,Potsdam
345318794,4484660,ny,Powhatan Point
345319487,4484669,ny,Proctorville
345320257,4484679,ny,Quaker City
345321027,4484689,ny,Range
345321258,4484692,ny,Rarden
345321489,4484695,ny,Rathbone
345321643,4484697,ny,Reading
345322798,4484712,ny,Reily
345323029,4484715,ny,Remington
345323260,4484718,ny,Rendville
345323491,4484721,ny,Reno
345323799,4484725,ny,Reynoldsburg
345323953,4484727,ny,Rich Valley
345324030,4484728,ny,Richmond Dale
345324107,4484729,ny,Richland
345324646,4484736,ny,Rio Grande
345324723,4484737,ny,Ripley
345325185,4484743,ny,Riverside
345325878,4484752,ny,Roachester
345326725,4484763,ny,Rockbridge
345327726,4484776,ny,Roma
345327880,4484778,ny,Rose Farm
345328265,4484783,ny,Rosemount
345328419,4484785,ny,Ross
345328496,4484786,ny,Roseville
345328650,4484788,ny,Rossmoyne
345329805,4484803,ny,Rushville
345330113,4484807,ny,Russellville
345330190,4484808,ny,Saint Albans
345330267,4484809,ny,Sabina
345330344,4484810,ny,Saint Bernard
345330652,4484814,ny,Martin Woyera
345331037,4484819,ny,Salem Heights
345331114,4484820,ny,Salesville
345332192,4484834,ny,Sarahsville
345332269,4484835,ny,Sardinia
345332346,4484836,ny,Sarde
345333424,4484850,ny,Sciotodale
345333732,4484854,ny,Seaman
345334271,4484861,ny,Senecaville
345334502,4484864,ny,Seven Mile
345335041,4484871,ny,Shadyside
345335349,4484875,ny,Sharon
345335503,4484877,ny,Sharonville
345335657,4484879,ny,Shawnee
345335734,4484880,ny,Shawnee Hills
345336196,4484886,ny,Sherwood
345336427,4484889,ny,Shilo
345336889,4484895,ny,Silverton
345337197,4484899,ny,Sinking Spring
345337505,4484903,ny,Sixteen Mile Stand
345337582,4484904,ny,Skyline Acres
345338737,4484919,ny,Somerset
345338891,4484921,ny,Somerville
345339199,4484925,ny,North Bloomfield
345339353,4484927,ny,South Charleston
345339815,4484933,ny,South Lebanon
345340354,4484940,ny,South Point
345340431,4484941,ny,South Salem
345340508,4484942,ny,South Vienna
345340585,4484943,ny,South Webster
345340662,4484944,ny,South Zanesville
345341432,4484954,ny,Spring Valley
345341586,4484956,ny,Springboro
345341663,4484957,ny,Springdale
345341971,4484961,ny,Springfield
345342125,4484963,ny,Stafford
345342433,4484967,ny,Starr
345343049,4484975,ny,Stewart
345343203,4484977,ny,Stockdale
345343357,4484979,ny,Stockport
345343588,4484982,ny,Stonelick
345343819,4484985,ny,Stout
345343973,4484987,ny,Stoutsville
345345205,4485003,ny,Sugar Grove
345345359,4485005,ny,Sugar Tree Ridge
345345898,4485012,ny,Summerfield
345346129,4485015,ny,Summerside
345347977,4485039,ny,Symmes
345348131,4485041,ny,Syracuse
345348516,4485046,ny,Tarlton
345348670,4485048,ny,Taylors Creek
345349363,4485057,ny,Terrace Park
345349748,4485062,ny,Zigwa
345349902,4485064,ny,\N
345350133,4485067,ny,Thornport
345350210,4485068,ny,Thornville
345350595,4485073,ny,Thurman
345350672,4485074,ny,Thurston
345350980,4485078,ny,Tipp City
345351827,4485089,ny,Trenton
345351981,4485091,ny,Trimble
345352135,4485093,ny,Trotwood
345352520,4485098,ny,Tuppers Plains
345352982,4485104,ny,Tylerville
345353136,4485106,ny,Union
345353367,4485109,ny,Unionville
345353521,4485111,ny,Upper Arlington
345353906,4485116,ny,Urbancrest
345354599,4485125,ny,Valley View
345355138,4485132,ny,Vandalia
345355677,4485139,ny,Verona
345356062,4485144,ny,Vincent
345356139,4485145,ny,Vicksville
345356216,4485146,ny,Vinton
345356293,4485147,ny,Vinton
345357063,4485157,ny,Walnut
345357371,4485161,ny,Wardwood Acres
345357525,4485163,ny,Washington Court House
345357910,4485168,ny,Waterford
345358141,4485171,ny,Watertown
345358218,4485172,ny,Waverly
345358449,4485175,ny,Waynesville
345358911,4485181,ny,Wellston
345359527,4485189,ny,West Alexandria
345359681,4485191,ny,West Carrollton City
345359835,4485193,ny,West Elkton
345360066,4485196,ny,West Jefferson
345360374,4485200,ny,West Manchester
345360605,4485203,ny,West Milton
345360682,4485204,ny,West Portsmouth
345360759,4485205,ny,West Rushville
345360990,4485208,ny,West Union
345361683,4485217,ny,Wetherington
345361991,4485221,ny,Wheelersburg
345362684,4485230,ny,White Oak
345363069,4485235,ny,Whitehall
345363608,4485242,ny,Wilberforce
345363839,4485245,ny,Wilkesville
345364070,4485248,ny,Williamsburg
345364147,4485249,ny,Williamsdale
345364224,4485250,ny,Williamsport
345364532,4485254,ny,Wilmington
345364609,4485255,ny,Wilson
345364686,4485256,ny,Winchester
345364917,4485259,ny,Wingett Run
345365379,4485265,ny,Withamsville
345365533,4485267,ny,Wittens
345365918,4485272,ny,Zithunzi za Woodland Hills
345366072,4485274,ny,Woodlawn
345366303,4485277,ny,Woodsdale
345366457,4485279,ny,Woodsfield
345366919,4485285,ny,Wyoming
345367073,4485287,ny,Xenia
345367612,4485294,ny,Yatesville
345367689,4485295,ny,Yellow Springs
345367997,4485299,ny,Young Hickory
345368305,4485303,ny,Zaleski
345368382,4485304,ny,Zanesville
345368459,4485305,ny,Zanesville Terrace
345368921,4485311,ny,Achille
345369075,4485313,ny,Ada
345369152,4485314,ny,Adair
345369383,4485317,ny,Addington
345369537,4485319,ny,Afton
345369691,4485321,ny,Agra
345369845,4485323,ny,Akins
345369922,4485324,ny,Albany
345370076,4485326,ny,Albion
345370307,4485329,ny,Alderson
345370461,4485331,ny,Alex
345370692,4485334,ny,Aline
345370769,4485335,ny,Allen
345371462,4485344,ny,Altus
345371539,4485345,ny,Alva
345371693,4485347,ny,Amber
345371847,4485349,ny,Amene
345371924,4485350,ny,Amorita
345372232,4485354,ny,Anadarko
345372309,4485355,ny,Anthon
345372540,4485358,ny,Antlers
345372617,4485359,ny,Apache
345372848,4485362,ny,Aqua Park
345372925,4485363,ny,Arapaho
345373002,4485364,ny,Arcadia
345373156,4485366,ny,Ardmore
345373233,4485367,ny,Arkoma
345373387,4485369,ny,Armstrong
345373464,4485370,ny,Arnett
345373695,4485373,ny,Arpelar
345373849,4485375,ny,Aseri
345373926,4485376,ny,Ashland
345374234,4485380,ny,Atoka
345374311,4485381,ny,Atwood
345374465,4485383,ny,Avant
345374542,4485384,ny,Avard
345375004,4485390,ny,Bache
345375543,4485397,ny,Balo
345375928,4485402,ny,Barnsdall
345376005,4485403,ny,Baron
345376159,4485405,ny,Bartlesville
345376544,4485410,ny,Bearden
345376775,4485413,ny,Bee
345376929,4485415,ny,Beggs
345377083,4485417,ny,Belfonte
345377160,4485418,ny,Bell
345377776,4485426,ny,Bennington
345377930,4485428,ny,Bernice
345378084,4485430,ny,Bessie
345378161,4485431,ny,Betaniya
345378315,4485433,ny,Bethel Acres
345378392,4485434,ny,Big Cabin
345378700,4485438,ny,Billings
345378854,4485440,ny,Binger
345378931,4485441,ny,Bison
345379085,4485443,ny,Bixby
345379162,4485444,ny,Blackburn
345379239,4485445,ny,Blackgum
345379470,4485448,ny,Blackwell
345379547,4485449,ny,Blair
345379701,4485451,ny,Blanchard
345379778,4485452,ny,Blanco
345380086,4485456,ny,Blue
345380163,4485457,ny,Bluejacket
345380471,4485461,ny,Bokchito
345380548,4485462,ny,Bokoshe
345380702,4485464,ny,Boley
345381164,4485470,ny,Boswell
345381703,4485477,ny,Bowlegs
345381857,4485479,ny,Bowring
345382011,4485481,ny,Bokosi
345382088,4485482,ny,Boynton
345382242,4485484,ny,Bradley
345382396,4485486,ny,Braggs
345382627,4485489,ny,Ramain
345382704,4485490,ny,Bray
345382781,4485491,ny,Breckinridge
345382858,4485492,ny,Brent
345383089,4485495,ny,Bridge Creek
345383166,4485496,ny,Bridgeport
345383243,4485497,ny,Briggs
345383474,4485500,ny,Bristow
345383782,4485504,ny,Broken Arrow
345383859,4485505,ny,Broken Bow
345384013,4485507,ny,Bromide
345384090,4485508,ny,Brooksville
345384475,4485513,ny,Brush Creek
345384552,4485514,ny,Brushy
345384860,4485518,ny,Buffalo
345384937,4485519,ny,Bug Tussle
345385014,4485520,ny,Bull Hollow
345385091,4485521,ny,Bunch
345385168,4485522,ny,Burbank
345385322,4485524,ny,Burlington
345385553,4485527,ny,Burneyville
345385630,4485528,ny,Burns Flat
345385861,4485531,ny,Bushyhead
345385938,4485532,ny,Butler
345386092,4485534,ny,Byars
345386169,4485535,ny,Byng
345386246,4485536,ny,Byron
345386400,4485538,ny,Camp Pendleton North
345386554,4485540,ny,Caddo
345386785,4485543,ny,Kalera
345387093,4485547,ny,Calumet
345387247,4485549,ny,Camargo
345387401,4485551,ny,Calvin
345387478,4485552,ny,Cameron
345387555,4485553,ny,Canadian
345387709,4485555,ny,Canadian Shores
345387786,4485556,ny,Caney
345387863,4485557,ny,Caney Ridge
345387940,4485558,ny,Canton
345388017,4485559,ny,Canute
345388094,4485560,ny,Capron
345388479,4485565,ny,Carlisle
345388633,4485567,ny,Carmen
345388710,4485568,ny,Carnegie
345388787,4485569,ny,Carney
345388941,4485571,ny,Carrier
345389095,4485573,ny,Carter
345389557,4485579,ny,Cartwright
345389865,4485583,ny,Cashion
345389942,4485584,ny,Castle
345390250,4485588,ny,Catoosa
345390404,4485590,ny,Cayuga
345390481,4485591,ny,Cedar Crest
345390789,4485595,ny,Cedar Valley
345391020,4485598,ny,Cement
345391482,4485604,ny,Centrahoma
345391559,4485605,ny,Central High
345392021,4485611,ny,Chandler
345392252,4485614,ny,Chattanooga
345392483,4485617,ny,Checotah
345392560,4485618,ny,Chelsea
345392637,4485619,ny,Cherokee
345392714,4485620,ny,Cherry Tree
345392791,4485621,ny,Chester
345392868,4485622,ny,Cheyenne
345392945,4485623,ny,Chewey
345393099,4485625,ny,Chickasha
345393792,4485634,ny,Choctaw
345393946,4485636,ny,Chouteau
345394023,4485637,ny,Cimarron City
345394331,4485641,ny,Claremore
345394485,4485643,ny,Clarita
345394562,4485644,ny,Clayton
345394639,4485645,ny,Clearview
345394793,4485647,ny,Cleo Springs
345394870,4485648,ny,Cleora
345394947,4485649,ny,Cleveland
345395332,4485654,ny,Cloud Creek
345395409,4485655,ny,Clinton
345396179,4485665,ny,Cogar
345396333,4485667,ny,Colbert
345396487,4485669,ny,Colcord
345396564,4485670,ny,Coleman
345396641,4485671,ny,Collinsville
345396718,4485672,ny,Colony
345396795,4485673,ny,Comanche
345396872,4485674,ny,Zamalonda
345397103,4485677,ny,Connerville
345397488,4485682,ny,Cookson
345397642,4485684,ny,Cooperton
345397719,4485685,ny,Copeland
345397796,4485686,ny,Copan
345398104,4485690,ny,Cordell
345398181,4485691,ny,Corn
345398412,4485694,ny,Cornish
345398951,4485701,ny,Council Hill
345399336,4485706,ny,Covington
345399567,4485709,ny,Coweta
345399644,4485710,ny,Cowlington
345399875,4485713,ny,Coyle
345400106,4485716,ny,Creata
345400260,4485718,ny,Crescent
345400568,4485722,ny,Cromwell
345400876,4485726,ny,Crowder
345401184,4485730,ny,Cumberland
345401415,4485733,ny,Cushing
345401492,4485734,ny,Custer City
345401569,4485735,ny,Cyril
345401646,4485736,ny,Dacoma
345402108,4485742,ny,Davenport
345402185,4485743,ny,Davidson
345402262,4485744,ny,Davis
345402570,4485748,ny,Deer Creek
345402724,4485750,ny,Del City
345402878,4485752,ny,Delaware
345403263,4485757,ny,Dennis
345403648,4485762,ny,Depew
345403725,4485763,ny,Devol
345403802,4485764,ny,Dewar
345403879,4485765,ny,Dewey
345403956,4485766,ny,Dibble
345404033,4485767,ny,Dickson
345404187,4485769,ny,Dill City
345404418,4485772,ny,Disney
345404649,4485775,ny,Dodge
345404803,4485777,ny,Dotyville
345404880,4485778,ny,Dougherty
345404957,4485779,ny,Douglas
345405111,4485781,ny,Dover
345405727,4485789,ny,Dripping Springs
345405804,4485790,ny,Drummond
345405881,4485791,ny,Drumright
345406035,4485793,ny,Dry Creek
345406112,4485794,ny,Duchess Landing
345406420,4485798,ny,Duke
345406574,4485800,ny,Duncan
345406959,4485805,ny,Durant
345407113,4485807,ny,Durwood
345407190,4485808,ny,Dustin
345407344,4485810,ny,Dwight Mission
345407498,4485812,ny,Eagletown
345407575,4485813,ny,Eakly
345407729,4485815,ny,Earlsboro
345408730,4485828,ny,Edmond
345408884,4485830,ny,El Reno
345409038,4485832,ny,Eldon
345409115,4485833,ny,Eldorado
345409192,4485834,ny,Elgin
345409346,4485836,ny,Elk Lake
345409654,4485840,ny,Elmer
345409731,4485841,ny,Elmore City
345409808,4485842,ny,Emet
345409885,4485843,ny,Empire City
345410193,4485847,ny,Enid
345410578,4485852,ny,Ericek
345410655,4485853,ny,Erin Springs
345410809,4485855,ny,Estella
345411040,4485858,ny,Etowah
345411271,4485861,ny,Eufaula
345411425,4485863,ny,Evening Shade
345411502,4485864,ny,Fair Oaks
345411579,4485865,ny,Fairfax
345411656,4485866,ny,Fairfield
345411733,4485867,ny,Fairland
345411810,4485868,ny,Fairmont
345411964,4485870,ny,Fairview
345412041,4485871,ny,Fallis
345412349,4485875,ny,Fargo
345412657,4485879,ny,Fanshawe
345412811,4485881,ny,Faxon
345413427,4485889,ny,Fittstown
345413504,4485890,ny,Fitzhugh
345413812,4485894,ny,Fletcher
345413966,4485896,ny,Flint Creek
345414197,4485899,ny,Flute Springs
345414813,4485907,ny,Foraker
345414967,4485909,ny,Forest Park
345415198,4485912,ny,Fort Cobb
345415275,4485913,ny,Fort Coffee
345415352,4485914,ny,Fort Gibson
345415429,4485915,ny,Fort Supply
345415506,4485916,ny,Fort Towson
345415660,4485918,ny,Foss
345415737,4485919,ny,Foster
345415968,4485922,ny,Fox
345416045,4485923,ny,Francis
345416122,4485924,ny,Foyil
345416430,4485928,ny,Frederick
345416507,4485929,ny,Ufulu
345416661,4485931,ny,Ubwenzi
345417277,4485939,ny,Gage
345417508,4485942,ny,Gans
345417816,4485946,ny,Garber
345418047,4485949,ny,Garvin
345418278,4485952,ny,Geary
345418355,4485953,ny,Gene Autry
345418509,4485955,ny,Geronimo
345418586,4485956,ny,Gerty
345418817,4485959,ny,Gideon
345419125,4485963,ny,Glencoe
345419356,4485966,ny,Glenpool
345419587,4485969,ny,Golide
345419664,4485970,ny,Goltry
345419741,4485971,ny,Goldsby
345419895,4485973,ny,Goodland
345420126,4485976,ny,Gore
345420357,4485979,ny,Gotebo
345420434,4485980,ny,Gould
345420588,4485982,ny,Gracemont
345420819,4485985,ny,Grainola
345420973,4485987,ny,Grand Lake Towne
345421050,4485988,ny,Grandfield
345421204,4485990,ny,Granite
345421358,4485992,ny,Grant
345421589,4485995,ny,Grayson
345421666,4485996,ny,Greasy
345421820,4485998,ny,Green
345422128,4486002,ny,Greenfield
345422359,4486005,ny,Gregory
345422590,4486008,ny,Grove
345422744,4486010,ny,Guthrie
345422898,4486012,ny,Haileyville
345423129,4486015,ny,Hallett
345423360,4486018,ny,Hammon
345423514,4486020,ny,Hana
345424130,4486028,ny,Harrah
345424438,4486032,ny,Hartshorne
345424515,4486033,ny,Haskell
345424592,4486034,ny,Hastings
345424900,4486038,ny,Haworth
345425131,4486041,ny,Haywood
345425362,4486044,ny,Healdton
345425439,4486045,ny,Headrick
345425516,4486046,ny,Heavener
345425670,4486048,ny,Helena
345425747,4486049,ny,Hendrix
345425824,4486050,ny,Hennepin
345425901,4486051,ny,Hennessey
345425978,4486052,ny,Henryetta
345426748,4486062,ny,Hickory
345427287,4486069,ny,Hillsdale
345427441,4486071,ny,Hinton
345427672,4486074,ny,Hitchcock
345427749,4486075,ny,Hitchita
345427826,4486076,ny,Hobart
345427980,4486078,ny,Hochatown
345428134,4486080,ny,Hoffman
345428211,4486081,ny,Hodgen
345428365,4486083,ny,Holdenville
345428442,4486084,ny,Hollis
345428519,4486085,ny,Hollister
345428596,4486086,ny,Hollow
345428904,4486090,ny,Hominy
345429212,4486094,ny,Hoot Owl
345429443,4486097,ny,Hopeton
345429597,4486099,ny,Horntown
345429751,4486101,ny,Momwe
345430136,4486106,ny,Hugo
345430290,4486108,ny,Hulbert
345430598,4486112,ny,Hunter
345430829,4486115,ny,Hydro
345430906,4486116,ny,IXL
345431060,4486118,ny,Idabel
345431368,4486122,ny,Indiahoma
345431984,4486130,ny,Indianola
345432215,4486133,ny,Ingersoll
345432369,4486135,ny,Inola
345432523,4486137,ny,Iron Post
345432600,4486138,ny,Iron Post
345432908,4486142,ny,Isabella
345433447,4486149,ny,Jay
345433601,4486151,ny,Jefferson
345433678,4486152,ny,Jenks
345433755,4486153,ny,Jennings
345433909,4486155,ny,Jeti
345434217,4486159,ny,Johnson
345434525,4486163,ny,Jones
345434833,4486167,ny,Justice
345434910,4486168,ny,Kansas
345434987,4486169,ny,Karns
345435064,4486170,ny,Katie
345435141,4486171,ny,Kaw City
345435218,4486172,ny,Keefton
345435603,4486177,ny,Kellyville
345435834,4486180,ny,Kemp
345435911,4486181,ny,Kendrick
345435988,4486182,ny,Kenefic
345436296,4486186,ny,Kenwood
345436450,4486188,ny,Keota
345436527,4486189,ny,Ketchum
345436604,4486190,ny,Keys
345436912,4486194,ny,Kildare
345436989,4486195,ny,Kiefer
345437066,4486196,ny,Kingfisher
345437143,4486197,ny,Kingston
345437220,4486198,ny,Kinta
345437297,4486199,ny,Kiowa
345437451,4486201,ny,Konawa
345437605,4486203,ny,Krebs
345437682,4486204,ny,Kremlin
345438221,4486211,ny,Lake Aluma
345438298,4486212,ny,Lahoma
345438452,4486214,ny,Lake Ellsworth Addition
345438991,4486221,ny,Lamar
345439145,4486223,ny,Lambert
345439222,4486224,ny,Lamont
345439299,4486225,ny,Lane
345439376,4486226,ny,Langley
345439453,4486227,ny,Langston
345439761,4486231,ny,Laverne
345439992,4486234,ny,Lawrence Creek
345440146,4486236,ny,Lawton
345440223,4486237,ny,Lawtonka Acres
345440300,4486238,ny,Leach
345440531,4486241,ny,Lebanon
345440685,4486243,ny,Leedey
345440762,4486244,ny,Leflore
345440839,4486245,ny,Lehigh
345441070,4486248,ny,Lenapah
345441378,4486252,ny,Leon
345441455,4486253,ny,Leonard
345441686,4486256,ny,Lequire
345441994,4486260,ny,Lexington
345442225,4486263,ny,Liberty
345442302,4486264,ny,Liberty
345442379,4486265,ny,Liberty
345442610,4486268,ny,Lima
345442687,4486269,ny,Limestone
345443072,4486274,ny,Lindsay
345443457,4486279,ny,\N
345443534,4486280,ny,Loco
345443611,4486281,ny,Locust Grove
345443765,4486283,ny,Lone Grove
345443996,4486286,ny,Long
345444073,4486287,ny,Lone Wolf
345444150,4486288,ny,Longdale
345444227,4486289,ny,Longtown
345444304,4486290,ny,Lookeba
345444381,4486291,ny,Lost City
345444458,4486292,ny,Lotsee
345444612,4486294,ny,Loveland
345444920,4486298,ny,Loyal
345444997,4486299,ny,Lucien
345445382,4486304,ny,Luther
345445844,4486310,ny,Macomb
345445998,4486312,ny,Madge
345446075,4486313,ny,M'dhilla
345446229,4486315,ny,Malard Bay
345446306,4486316,ny,Manchester
345446383,4486317,ny,Mangum
345446460,4486318,ny,Manitou
345446537,4486319,ny,Mannford
345446614,4486320,ny,Mannsville
345446768,4486322,ny,Maramec
345446845,4486323,ny,Marble City
345446922,4486324,ny,Marena
345446999,4486325,ny,Marietta
345447076,4486326,ny,Marietta
345447230,4486328,ny,Marland
345447307,4486329,ny,Marlow
345447461,4486331,ny,Marshall
345447538,4486332,ny,Martha
345448077,4486339,ny,Maud
345448308,4486342,ny,Mayi
345448539,4486345,ny,Maysville
345448616,4486346,ny,\N
345448693,4486347,ny,McAlester
345448770,4486348,ny,McBride
345449001,4486351,ny,McCord
345449078,4486352,ny,McCurtain
345449386,4486356,ny,McKey
345449694,4486360,ny,McLoud
345450079,4486365,ny,Mead
345450156,4486366,ny,Medford
345450233,4486367,ny,Medicine Park
345450310,4486368,ny,Meeker
345450387,4486369,ny,Meers
345450464,4486370,ny,Mehan
345450695,4486373,ny,Meno
345450772,4486374,ny,Meridian
345450926,4486376,ny,Meridian
345451311,4486381,ny,Miami
345451465,4486383,ny,Middleberg
345452081,4486391,ny,Midwest City
345452158,4486392,ny,Milburn
345452235,4486393,ny,Milfay
345452312,4486394,ny,Mill Creek
345452389,4486395,ny,Millerton
345452620,4486398,ny,Minco
345452851,4486401,ny,Moffett
345452928,4486402,ny,Monroe
345453082,4486404,ny,Moore
345453159,4486405,ny,Moodys
345453236,4486406,ny,Mooreland
345453621,4486411,ny,Morris
345453698,4486412,ny,Morrison
345453929,4486415,ny,Mounds
345454314,4486420,ny,Mountain Park
345454391,4486421,ny,Mountain View
345454468,4486422,ny,Moyers
345454545,4486423,ny,Muldrow
345454699,4486425,ny,Mulhall
345454776,4486426,ny,Murphy
345454930,4486428,ny,Muskogee
345455084,4486430,ny,Mustang
345455161,4486431,ny,Mutual
345455315,4486433,ny,Nanos
345455392,4486434,ny,Narcissa
345455469,4486435,ny,Nardin
345455623,4486437,ny,Nash
345456316,4486446,ny,Nelagoney
345457009,4486455,ny,Newalla
345457163,4486457,ny,Newcastle
345457240,4486458,ny,Newkirk
345457471,4486461,ny,Nichols Hills
345457548,4486462,ny,Nicoma Park
345457625,4486463,ny,Nicut
345457856,4486466,ny,Ninnekah
345457933,4486467,ny,Noble
345458318,4486472,ny,Norge
345458395,4486473,ny,Norman
345458626,4486476,ny,North Enid
345458780,4486478,ny,North Miami
345459088,4486482,ny,Notiechtown
345459165,4486483,ny,Nowata
345459627,4486489,ny,Oak Grove
345459858,4486492,ny,Oakhurst
345459935,4486493,ny,Oakland
345460166,4486496,ny,Oaks
345460243,4486497,ny,Mtengo wa Oakwood
345460397,4486499,ny,Ochelata
345461013,4486507,ny,Oilton
345461090,4486508,ny,Okarche
345461167,4486509,ny,Okay
345461244,4486510,ny,Okeene
345461321,4486511,ny,Okemah
345461552,4486514,ny,Oklahoma City
345461706,4486516,ny,Okmulgee
345461860,4486518,ny,Oktaha
345462168,4486522,ny,Old Eucha
345462630,4486528,ny,Azitona
345462784,4486530,ny,Olustee
345463246,4486536,ny,Oologah
345463323,4486537,ny,Oowala
345463554,4486540,ny,Orienta
345463785,4486543,ny,Orlando
345463939,4486545,ny,Osage
345464555,4486553,ny,Owasso
345464786,4486556,ny,Paden
345464863,4486557,ny,Panama
345464940,4486558,ny,Panola
345465094,4486560,ny,Paoli
345465171,4486561,ny,Paradise Hill
345465402,4486564,ny,Park Hill
345466018,4486572,ny,Pawo Pa
345466095,4486573,ny,Pawhuska
345466172,4486574,ny,Pawuni
345466249,4486575,ny,Pauls Valley
345466788,4486582,ny,Peavine
345466865,4486583,ny,Peckham
345466942,4486584,ny,Peggs
345467173,4486587,ny,Pensacola
345467250,4486588,ny,Peoria
345467327,4486589,ny,Perkins
345467481,4486591,ny,Perry
345468020,4486598,ny,Pettit
345468174,4486600,ny,Phillips
345468328,4486602,ny,Pickett
345468405,4486603,ny,Piedmont
345468713,4486607,ny,Pin Oak Acres
345469021,4486611,ny,Piney
345469098,4486612,ny,Pinhook Corner
345469175,4486613,ny,Pink
345469406,4486616,ny,Pittsburgh
345469714,4486620,ny,Platter
345470099,4486625,ny,Pocasset
345470176,4486626,ny,Pocola
345470330,4486628,ny,Ponca City
345470407,4486629,ny,Pond Creek
345470715,4486633,ny,Porter
345470869,4486635,ny,Porum
345471023,4486637,ny,Poteau
345471254,4486640,ny,Prague
345471562,4486644,ny,Preston
345471793,4486647,ny,Proctor
345471947,4486649,ny,Prue
345472101,4486651,ny,Pryor
345472409,4486655,ny,Purcell
345472563,4486657,ny,Putnam
345472794,4486660,ny,Quapaw
345472871,4486661,ny,Quay
345472948,4486662,ny,Quinlan
345473025,4486663,ny,Quinton
345473333,4486667,ny,Ralston
345473410,4486668,ny,Ramona
345473487,4486669,ny,Randlett
345473641,4486671,ny,Rattan
345473718,4486672,ny,Ratliff City
345473795,4486673,ny,Ravia
345473949,4486675,ny,Reagan
345474103,4486677,ny,Red Bird
345474334,4486680,ny,Red Oak
345474411,4486681,ny,Red Rock
345474488,4486682,ny,Redbird Smith
345475181,4486691,ny,Remy
345475258,4486692,ny,Renfrow
345475335,4486693,ny,Rentiesville
345475643,4486697,ny,Reydon
345476259,4486705,ny,Ringling
345476413,4486707,ny,Ringwood
345476490,4486708,ny,Ripley
345476952,4486714,ny,Rock Island
345477029,4486715,ny,Rocky
345477106,4486716,ny,Rocky Ford
345477183,4486717,ny,Rocky Mountain
345477260,4486718,ny,Rocky Point
345477337,4486719,ny,Rocky Ford
345477414,4486720,ny,Roff
345477491,4486721,ny,Roland
345477876,4486726,ny,Roosevelt
345477953,4486727,ny,Rose
345478030,4486728,ny,Rosedale
345478184,4486730,ny,Rosston
345478646,4486736,ny,Rush Springs
345478954,4486740,ny,Ryan
345479262,4486744,ny,Saint Louis
345479339,4486745,ny,Salem
345479416,4486746,ny,Salem
345479493,4486747,ny,Salina
345479570,4486748,ny,Sallisaw
345479955,4486753,ny,Mchenga Springs
345480417,4486759,ny,Sapulpa
345480571,4486761,ny,Sasakwa
345480725,4486763,ny,Savanna
345480802,4486764,ny,Sayre
345480879,4486765,ny,Sawyer
345481110,4486768,ny,Schulter
345481341,4486771,ny,Scraper
345481649,4486775,ny,Seiling
345481803,4486777,ny,Seminole
345481880,4486778,ny,Sentinel
345481957,4486779,ny,Sequoyah
345482342,4486784,ny,Shady Grove
345482419,4486785,ny,Shady Grove
345482650,4486788,ny,Shady Point
345482727,4486789,ny,Shamrock
345482804,4486790,ny,Sharon
345482881,4486791,ny,Shattuck
345482958,4486792,ny,Shawnee
345483266,4486796,ny,Shidler
345483728,4486802,ny,Short
345484036,4486806,ny,Silo
345484267,4486809,ny,Skedee
345484344,4486810,ny,Skiatook
345484498,4486812,ny,Slaughterville
345484575,4486813,ny,Slick
345484806,4486816,ny,Smith Village
345484960,4486818,ny,Smithville
345485037,4486819,ny,Snake Creek
345485268,4486822,ny,Snyder
345485653,4486827,ny,Soper
345485807,4486829,ny,South Coffeyville
345486038,4486832,ny,Sparks
345486115,4486833,ny,Spaulding
345486192,4486834,ny,Spavinaw
345486423,4486837,ny,Spencer
345486577,4486839,ny,Sperry
345486654,4486840,ny,Spiro
345486808,4486842,ny,Sportsmen Acres
345487039,4486845,ny,Springer
345488117,4486859,ny,Sterling
345488194,4486860,ny,Stidham
345488271,4486861,ny,Stigler
345488348,4486862,ny,Stillwater
345488425,4486863,ny,Stilwell
345488656,4486866,ny,Stonewall
345488733,4486867,ny,Stoney Point
345489041,4486871,ny,Strang
345489118,4486872,ny,Stratford
345489272,4486874,ny,Stringtown
345489426,4486876,ny,Strong City
345489503,4486877,ny,Stroud
345489580,4486878,ny,Stuart
345489811,4486881,ny,Sugden
345489888,4486882,ny,Sulfure
345490042,4486884,ny,Summit
345490273,4486887,ny,Sunray
345490889,4486895,ny,Madzi okoma
345491043,4486897,ny,Swink
345491120,4486898,ny,Sycamore
345491428,4486902,ny,Taft
345491505,4486903,ny,Tahlequah
345491582,4486904,ny,Tagg Flats
345491813,4486907,ny,Talala
345491890,4486908,ny,Talihina
345492121,4486911,ny,Taloga
345492198,4486912,ny,Tamaha
345492352,4486914,ny,Tatums
345492737,4486919,ny,Taylor Ferry
345492814,4486920,ny,Tecumseh
345492968,4486922,ny,Temple
345493045,4486923,ny,Tenkiller
345493122,4486924,ny,Teresita
345493199,4486925,ny,Terlton
345493276,4486926,ny,Tersoal
345493353,4486927,ny,Texanna
345493430,4486928,ny,Texola
345493507,4486929,ny,Thackerville
345493661,4486931,ny,Mudzi
345493738,4486932,ny,Tomasi
345494123,4486937,ny,Tiawah
345494508,4486942,ny,Tipton
345494585,4486943,ny,Tishomingo
345494662,4486944,ny,Titanic
345494970,4486948,ny,Tonkawa
345495278,4486952,ny,Toppers
345495432,4486954,ny,Tribbey
345495740,4486958,ny,Tryon
345495971,4486961,ny,Tullahassee
345496048,4486962,ny,Tulsa
345496125,4486963,ny,Tupelo
345496279,4486965,ny,Turley
345496356,4486966,ny,Tushka
345496433,4486967,ny,Tuskahoma
345496664,4486970,ny,Tuttle
345496818,4486972,ny,Twin Oaks
345497511,4486981,ny,Union City
345497665,4486983,ny,Union Valley
345497819,4486985,ny,Utica
345497896,4486986,ny,Valley Brook
345497973,4486987,ny,Valley Park
345498050,4486988,ny,Valliant
345498204,4486990,ny,Vanoss
345498281,4486991,ny,Velma
345498358,4486992,ny,Vera
345498435,4486993,ny,Verden
345498512,4486994,ny,Verdigris
345498743,4486997,ny,Vian
345498820,4486998,ny,Vici
345499205,4487003,ny,Vinita
345499667,4487009,ny,Wagoner
345499744,4487010,ny,Wainwright
345499821,4487011,ny,Wakita
345500052,4487014,ny,Walters
345500206,4487016,ny,Wanette
345500283,4487017,ny,Wann
345500360,4487018,ny,Wapanucka
345500514,4487020,ny,Wardville
345500591,4487021,ny,Warr Acres
345500745,4487023,ny,Warner
345500822,4487024,ny,Washington
345500899,4487025,ny,Warwick
345500976,4487026,ny,Washita
345501438,4487032,ny,Watonga
345501515,4487033,ny,Watova
345501746,4487036,ny,Wauhillau
345501823,4487037,ny,Waukomis
345501900,4487038,ny,Waurika
345501977,4487039,ny,Wayne
345502054,4487040,ny,Waynoka
345502131,4487041,ny,Weatherford
345502208,4487042,ny,Nyengo
345502285,4487043,ny,Webb City
345502439,4487045,ny,Webbers Falls
345502670,4487048,ny,Welch
345502747,4487049,ny,Weleetka
345502824,4487050,ny,Welling
345502901,4487051,ny,Wellston
345503055,4487053,ny,Welty
345503748,4487062,ny,West Siloam Springs
345503902,4487064,ny,Westport
345503979,4487065,ny,Westville
345504056,4487066,ny,Wetumka
345504133,4487067,ny,Wewoka
345504441,4487071,ny,White Eagle
345504595,4487073,ny,White Oak
345504749,4487075,ny,Whitefield
345504826,4487076,ny,Whitesboro
345504903,4487077,ny,Wilburton
345504980,4487078,ny,Wildhorse
345505288,4487082,ny,Msondodzi
345505519,4487085,ny,Wilson
345505596,4487086,ny,Wilson
345505750,4487088,ny,Winchester
345506135,4487093,ny,Wister
345506520,4487098,ny,Woodall
345506674,4487100,ny,Woodlawn Park
345506905,4487103,ny,New Woodville
345506982,4487104,ny,Woodward
345507136,4487106,ny,Wright City
345507213,4487107,ny,Wyandotte
345507367,4487109,ny,Wynnewood
345507444,4487110,ny,Wynona
345507598,4487112,ny,Yale
345507829,4487115,ny,Yeager
345507906,4487116,ny,Yerby
345508214,4487120,ny,Yukon
345508445,4487123,ny,Zeb
345508522,4487124,ny,Zena
345508599,4487125,ny,Zioni
345508753,4487127,ny,Abbottstown
345508984,4487130,ny,Adamsville
345509138,4487132,ny,Addison
345509446,4487136,ny,Airville
345509600,4487138,ny,Al `Adan
345509677,4487139,ny,Aleppo
345509754,4487140,ny,Allison
345511063,4487157,ny,Arendtsville
345511140,4487158,ny,Arensburg
345511602,4487164,ny,Aspers
345511679,4487165,ny,Aston
345511756,4487166,ny,Atglen
345511987,4487169,ny,Avondale
345514220,4487198,ny,Bendersville
345514528,4487202,ny,Berlin
345515452,4487214,ny,Biglerville
345515606,4487216,ny,Birmingham
345516761,4487231,ny,Blue Ridge Summit
345516838,4487232,ny,Bobtown
345517146,4487236,ny,Bonneauville
345517377,4487239,ny,Boothwyn
345518224,4487250,ny,Brave
345519456,4487266,ny,Brookhaven
345519687,4487269,ny,Broomall
345521150,4487288,ny,Buffington
345521766,4487296,ny,Buzz
345521997,4487299,ny,Callimont
345522074,4487300,ny,Caln
345522613,4487307,ny,Carmichaels
345522767,4487309,ny,Carroll Valley
345522844,4487310,ny,Cashtown
345522998,4487312,ny,Casselman
345523922,4487324,ny,Chadds Ford
345524230,4487328,ny,Chalkhill
345524307,4487329,ny,Chambersburg
345524769,4487335,ny,\N
345525154,4487340,ny,Chester
345525385,4487343,ny,Chester Heights
345525693,4487347,ny,Cheyney
345525770,4487348,ny,Christiana
345526078,4487352,ny,Clarksville
345526694,4487360,ny,Clearville
345526771,4487361,ny,Clifton Heights
345526925,4487363,ny,Coatesville
345527079,4487365,ny,Cochranville
345527310,4487368,ny,Collingdale
345527541,4487371,ny,Colwyn
345527926,4487376,ny,Conestoga
345528003,4487377,ny,Confluence
345528234,4487380,ny,Coolspring
345529697,4487399,ny,Misewu Yodutsa
345529851,4487401,ny,Cross Keys
345529928,4487402,ny,Crucible
345530544,4487410,ny,Dallastown
345530698,4487412,ny,Darby
345531391,4487421,ny,Deep Valley
345531468,4487422,ny,Deer Lake
345531853,4487427,ny,Delta
345532161,4487431,ny,Dilworthtown
345532777,4487439,ny,Drexel Hill
345532854,4487440,ny,Drumore
345533316,4487446,ny,Dunbar
345533393,4487447,ny,Dunkard
345533470,4487448,ny,Dry Tavern
345533855,4487453,ny,East Berlin
345534086,4487456,ny,East Lansdowne
345534240,4487458,ny,East Prospect
345534394,4487460,ny,East Uniontown
345534471,4487461,ny,East View
345534625,4487463,ny,East York
345534933,4487467,ny,Edenborn
345535087,4487469,ny,Edenville
345535241,4487471,ny,Edgmont
345535318,4487472,ny,Eddystone
345536396,4487486,ny,Embreeville
345537474,4487500,ny,Fairchance
345537628,4487502,ny,Fairdale
345537705,4487503,ny,Fairfield
345538706,4487516,ny,Fawn Grove
345538937,4487519,ny,Fayetteville
345539091,4487521,ny,Felton
345539399,4487525,ny,Farmington
345540939,4487545,ny,Folsom
345541016,4487546,ny,Folcroft
345541401,4487551,ny,Fort Loudon
345542248,4487562,ny,Franklin
345542864,4487570,ny,Gap
345543249,4487575,ny,Garrett
345543634,4487580,ny,Georgetown
345543942,4487584,ny,Gettysburg
345544866,4487596,ny,Glen Rock
345545328,4487602,ny,Glenolden
345546483,4487617,ny,Grantley
345547869,4487635,ny,Greencastle
345548100,4487638,ny,Greensboro
345548947,4487649,ny,Guilford Siding
345549332,4487654,ny,Hamorton
345549486,4487656,ny,Hanover
345549948,4487662,ny,Havertown
345550410,4487668,ny,Hayti
345550564,4487670,ny,Heidlersburg
345551488,4487682,ny,Hickory Hill
345553259,4487705,ny,Homeville
345553567,4487709,ny,Hopwood
345554029,4487715,ny,Huston
345554183,4487717,ny,Hyndman
345554491,4487721,ny,Hunterstown
345554645,4487723,ny,Irishtown
345555492,4487734,ny,Jacobus
345555646,4487736,ny,Jefferson
345555723,4487737,ny,Jefferson
345557571,4487761,ny,Kellyville
345557725,4487763,ny,Kennett Square
345558110,4487768,ny,Kimmel
345558572,4487774,ny,Kirkwood
345559342,4487784,ny,Lake Heritage
345559496,4487786,ny,Lake Meade
345559650,4487788,ny,Lampeter
345559727,4487789,ny,Landenberg
345559804,4487790,ny,Lansdowne
345561190,4487808,ny,Lehman
345561729,4487815,ny,Lemont Furnace
345562576,4487826,ny,Lima
345562653,4487827,ny,Linwood
345562884,4487830,ny,Little Britain
345563115,4487833,ny,Littlestown
345563808,4487842,ny,Loganville
345564347,4487849,ny,Luzerne
345565117,4487859,ny,Mapletown
345565271,4487861,ny,Marcus Hook
345565579,4487865,ny,Marion
345565887,4487869,ny,Markleysburg
345566041,4487871,ny,Marple
345566503,4487877,ny,Martin
345566734,4487880,ny,Masontown
345566811,4487881,ny,Mather
345567119,4487885,ny,McConnellsburg
345567504,4487890,ny,McKnightstown
345567658,4487892,ny,McSherrystown
345567966,4487896,ny,Media
345568505,4487903,ny,Mercersburg
345568967,4487909,ny,Meyersdale
345569121,4487911,ny,Midway
345569198,4487912,ny,Milford
345569429,4487915,ny,Millbourne
345569506,4487916,ny,Millersville
345569583,4487917,ny,Millsboro
345569968,4487922,ny,Modena
345570199,4487925,ny,Mont Alto
345570738,4487932,ny,Morrisville
345570815,4487933,ny,Morton
345571431,4487941,ny,Phiri la Independence
345571585,4487943,ny,Mount Morris
345571739,4487945,ny,Mount Pleasant
345572278,4487952,ny,Moylan
345572894,4487960,ny,Needmore
345573125,4487963,ny,Nemacolin
345573279,4487965,ny,New Baltimore
345573510,4487968,ny,New Centerville
345573741,4487971,ny,New Freedom
345573818,4487972,ny,New Freeport
345573895,4487973,ny,Munda Watsopano
345574126,4487976,ny,New London
345574203,4487977,ny,New Oxford
345574434,4487980,ny,New Salem
345574511,4487981,ny,New Salem
345575743,4487997,ny,North York
345575974,4488000,ny,Norwood
345576051,4488001,ny,Nottingham
345577052,4488014,ny,Ohiopyle
345577437,4488019,ny,Oliver
345577668,4488022,ny,Orrtanna
345578053,4488027,ny,Oxford
345578361,4488031,ny,Palo Alto
345578592,4488034,ny,Parkesburg
345578669,4488035,ny,Parkside
345578746,4488036,ny,Parkville
345578977,4488039,ny,Peach Bottom
345579131,4488041,ny,Pen Mar
345579670,4488048,ny,Penn Wynne
345579901,4488051,ny,Pennville
345580055,4488053,ny,Pequea
345580286,4488056,ny,Philadelphia
345581903,4488077,ny,Pocopson
345582134,4488080,ny,Point Marion
345582211,4488081,ny,Point View
345582519,4488085,ny,Pomeroy
345582904,4488090,ny,Prospect Park
345583289,4488095,ny,Quarryville
345583443,4488097,ny,Quincy
345583597,4488099,ny,Railroad
345583674,4488100,ny,Rainsburg
345583828,4488102,ny,Ramu
345584290,4488108,ny,Red Lion
345584444,4488110,ny,Refton
345584598,4488112,ny,Republic
345584906,4488116,ny,Rices Landing
345585368,4488122,ny,Ridley Park
345586369,4488135,ny,Rockwood
345586754,4488140,ny,Rogersville
345586985,4488143,ny,Ronco
345587139,4488145,ny,Rose Valley
345587524,4488150,ny,Rouzerville
345588063,4488157,ny,Rutledge
345588448,4488162,ny,Sadsburyville
345588987,4488169,ny,Salisbury
345589680,4488178,ny,Scotland
345590527,4488189,ny,Seven Valleys
345590681,4488191,ny,Seal
345591066,4488196,ny,Shaft
345591143,4488197,ny,Sharon Hill
345591297,4488199,ny,Shilo
345591605,4488203,ny,Shrewsbury
345592914,4488220,ny,Smithfield
345593145,4488223,ny,Smock
345593607,4488229,ny,South Connellsville
345593684,4488230,ny,South Coatesville
345593838,4488232,ny,South Mountain
345593992,4488234,ny,South Uniontown
345594377,4488239,ny,Spring Grove
345594685,4488243,ny,Springfield
345594762,4488244,ny,Springhill
345595070,4488248,ny,Spruce Grove
345595301,4488251,ny,Spry
345595378,4488252,ny,Square Corner
345595686,4488256,ny,State Line
345595917,4488259,ny,Stewartstown
345596456,4488266,ny,Stonybrook
345596918,4488272,ny,Strasburg
345598150,4488288,ny,Susquehanna Trails
345598227,4488289,ny,Swarthmore
345598920,4488298,ny,Table Rock
345599536,4488306,ny,Thorndale
345599767,4488309,ny,Toughkenamon
345600152,4488314,ny,Trainer
345601384,4488330,ny,Uniontown
345601461,4488331,ny,Unionville
345601538,4488332,ny,Upland
345601615,4488333,ny,Upland
345601692,4488334,ny,Upper Darby
345602000,4488338,ny,Upper Providence
345602154,4488340,ny,Ursina
345602462,4488344,ny,Valley View
345603309,4488355,ny,Wakefield
345603771,4488361,ny,Washington Boro
345604233,4488367,ny,Wayne Heights
345604387,4488369,ny,Waynesboro
345604464,4488370,ny,Waynesburg
345604541,4488371,ny,Weigelstown
345604695,4488373,ny,Wellersburg
345605234,4488380,ny,West Finley
345605311,4488381,ny,West Chester
345605388,4488382,ny,West Grove
345605619,4488385,ny,West Manheim
345606081,4488391,ny,West York
345606312,4488394,ny,West Waynesburg
345606389,4488395,ny,Westwood
345606543,4488397,ny,Westtown
345607390,4488408,ny,Willistown
345607544,4488410,ny,Willow Street
345608006,4488416,ny,Wind Ridge
345608083,4488417,ny,Windsor
345608391,4488421,ny,Winterstown
345608853,4488427,ny,Woodlyn
345609854,4488440,ny,Yoe
345609931,4488441,ny,York
345610162,4488444,ny,Yeadon
345610239,4488445,ny,Yorkana
345610316,4488446,ny,Yorklyn
345611163,4488457,ny,Abbeville
345611317,4488459,ny,Abney Crossroads
345611702,4488464,ny,Adams Run
345612087,4488469,ny,Aiken
345612395,4488473,ny,Alcolu
345612626,4488476,ny,Allendale
345613242,4488484,ny,Anderson
345613319,4488485,ny,Andrews
345614474,4488500,ny,Antreville
345614936,4488506,ny,Arcadia
345615090,4488508,ny,Arcadia Lakes
345615552,4488514,ny,Arial
345615860,4488518,ny,Armenia
345616399,4488525,ny,Arthurtown
345616938,4488532,ny,Ashdale
345618555,4488553,ny,Atlantic Beach
345619710,4488568,ny,Awendaw
345619787,4488569,ny,Aynor
345621019,4488585,ny,Bamberg
345621173,4488587,ny,Baptist Hill
345621943,4488597,ny,Barnwell
345622174,4488600,ny,Barrell Landing
345622944,4488610,ny,Batesburg
345623021,4488611,ny,Batesburg-Leesville
345624099,4488625,ny,Bayfront
345624484,4488630,ny,Beaufort
345625177,4488639,ny,Beech Island
345627256,4488666,ny,Belton
345627410,4488668,ny,Belvedere
345627795,4488673,ny,Bennettsville
345628103,4488677,ny,Berea
345629258,4488692,ny,Bethune
345630567,4488709,ny,Bishopville
345631106,4488716,ny,Blackville
345631183,4488717,ny,Blacksburg
345631876,4488726,ny,Blenheim
345632954,4488740,ny,Bluffton
345633031,4488741,ny,Blythewood
345633185,4488743,ny,Boiling Springs
345633262,4488744,ny,Boiling Springs
345634032,4488754,ny,Bonneau
345634109,4488755,ny,Bonneau Beach
345634340,4488758,ny,Bonniview Estates
345634648,4488762,ny,Bordeaux
345635418,4488772,ny,Bowman
345635880,4488778,ny,Boykin
345636111,4488781,ny,Bradley
345636496,4488786,ny,Branchville
345637959,4488805,ny,Briarcliffe Acres
345638113,4488807,ny,Briars
345640423,4488837,ny,Brookdale
345642117,4488859,ny,Browns Crossroads
345642656,4488866,ny,Brunson
345643426,4488876,ny,Bucksport
345643734,4488880,ny,Buffalo
345643888,4488882,ny,Buford
345645120,4488898,ny,Burnettown
345645197,4488899,ny,Burnt Church Crossroads
345645505,4488903,ny,Burton
345646198,4488912,ny,Caesars Head
345646275,4488913,ny,Cades
345646891,4488921,ny,Calhoun Falls
345647738,4488932,ny,Camden
345647969,4488935,ny,Cameron
345648354,4488940,ny,Camp Croft
345649124,4488950,ny,Campobello
345649432,4488954,ny,Kanani
345649740,4488958,ny,Cane Savannah
345651049,4488975,ny,Carlisle
345651280,4488978,ny,Carnes Crossroad
345653205,4489003,ny,Catawba
345653436,4489006,ny,Cateechee
345653975,4489013,ny,Cayce
345654668,4489022,ny,Cedar Grove
345655669,4489035,ny,Centenary
345655823,4489037,ny,Centerville
345656208,4489042,ny,Central
345656362,4489044,ny,Central Pacolet
345656670,4489048,ny,Chambert Forest
345657286,4489056,ny,Chapin
345657748,4489062,ny,Charleston
345658749,4489075,ny,Cheraw
345659211,4489081,ny,Cherokee Falls
345659904,4489090,ny,Cherryvale
345660058,4489092,ny,Chesnee
345660212,4489094,ny,Chesterfield
345660366,4489096,ny,Chester
345661983,4489117,ny,City View
345662368,4489122,ny,Clarks Hill
345663061,4489131,ny,Clearmont
345663369,4489135,ny,Clearwater
345663831,4489141,ny,Clemson
345664062,4489144,ny,Clifton
345664216,4489146,ny,Climax
345664293,4489147,ny,Clinton
345664370,4489148,ny,Clio
345664447,4489149,ny,Clover
345665910,4489168,ny,Cokesbury
345666834,4489180,ny,Colliers
345667219,4489185,ny,Mapiri a Atsamunda
345668143,4489197,ny,Columbia
345668374,4489200,ny,Concord
345668682,4489204,ny,Conestee
345668836,4489206,ny,Converse
345668990,4489208,ny,Conway
345669221,4489211,ny,Cook Landing
345669991,4489221,ny,Coosawhatchie
345670145,4489223,ny,Cope
345670376,4489226,ny,Cordova
345670530,4489228,ny,Coronaca
345670761,4489231,ny,Cottageville
345671146,4489236,ny,Country Club Estates
345672917,4489259,ny,Coward
345673071,4489261,ny,Cowpens
345673148,4489262,ny,Crane Forest
345673995,4489273,ny,Creston
345674996,4489286,ny,Mtanda
345675073,4489287,ny,Cross Anchor
345675227,4489289,ny,Cross Hill
345676305,4489303,ny,Cumberland
345677152,4489314,ny,Dacusville
345677383,4489317,ny,Dale
345677614,4489320,ny,Dalzell
345677922,4489324,ny,Darlington
345679000,4489338,ny,DeBordieu
345679924,4489350,ny,Deerwood Heights
345680232,4489354,ny,Delemar Crossroads
345680848,4489362,ny,Denmark
345681079,4489365,ny,Denny Terrace
345681156,4489366,ny,Dentsville
345681849,4489375,ny,Dillon
345683235,4489393,ny,Donalds
345684390,4489408,ny,Dovesville
345685006,4489416,ny,Drayton
345686007,4489429,ny,Due West
345686546,4489436,ny,Duncan
345686854,4489440,ny,Dunean
345688240,4489458,ny,Eagle Crest
345688702,4489464,ny,Easley
345688856,4489466,ny,East Gaffney
345689318,4489472,ny,East Sumter
345689703,4489477,ny,Pasaka
345690396,4489486,ny,Edgefield
345690781,4489491,ny,Edisto
345690858,4489492,ny,Edisto Beach
345691397,4489499,ny,Ehrhardt
345691782,4489504,ny,Elgin
345691859,4489505,ny,Elgin
345692244,4489510,ny,Elko
345692629,4489515,ny,Elloree
345693707,4489529,ny,Enoree
345694400,4489538,ny,Estill
345694708,4489542,ny,Eureka Mill
345694939,4489545,ny,Eutawville
345695863,4489557,ny,Fair Play
345695940,4489558,ny,Fairfax
345696325,4489563,ny,Fairforest
345697249,4489575,ny,Fairview Crossroads
345700098,4489612,ny,Fingerville
345700175,4489613,ny,Finklea
345700637,4489619,ny,Five Forks
345701715,4489633,ny,Florence
345701946,4489636,ny,Floydale
345702254,4489640,ny,Folly Beach
345702639,4489645,ny,Forest Acres
345704410,4489668,ny,Forestbrook
345705488,4489682,ny,Fort Lawn
345705565,4489683,ny,Fort Mill
345706258,4489692,ny,Fountain Inn
345709261,4489731,ny,Furman
345709569,4489735,ny,Gadsden
345709646,4489736,ny,Gaffney
345710185,4489743,ny,Gantt
345710416,4489746,ny,Garden City
345710493,4489747,ny,Garden City Beach
345711186,4489756,ny,Gaston
345711956,4489766,ny,Gayle Mill
345712110,4489768,ny,Georgetown
345712880,4489778,ny,Gilbert
345713034,4489780,ny,Gifford
345713265,4489783,ny,Gillisonville
345714189,4489795,ny,Glendale
345714497,4489799,ny,Glenn Springs
345714805,4489803,ny,Gloverville
345715421,4489811,ny,Golden Grove
345716191,4489821,ny,Goose Creek
345716730,4489828,ny,Govan
345717192,4489834,ny,Gramling
345717346,4489836,ny,Graniteville
345717731,4489841,ny,Gray Court
345718347,4489849,ny,Great Falls
345718424,4489850,ny,Greeleyville
345719964,4489870,ny,Green Sea
345721042,4489884,ny,Greenville
345721119,4489885,ny,Greenwood
345721735,4489893,ny,Greer
345723044,4489910,ny,Grover
345723429,4489915,ny,Guthries
345724661,4489931,ny,Hamer
345725200,4489938,ny,Hampton
345725508,4489942,ny,Hanahan
345726586,4489956,ny,Hardeeville
345726663,4489957,ny,Harleyville
345727510,4489968,ny,Hartsville
345728434,4489980,ny,Heath Springs
345728819,4489985,ny,Hebron
345728973,4489987,ny,Helena
345729204,4489990,ny,Hemingway
345730898,4490012,ny,Hickory Grove
345730975,4490013,ny,Hickory Grove
345732130,4490028,ny,High Point
345732361,4490031,ny,Highland Acres
345732900,4490038,ny,Hilda
345733824,4490050,ny,Hilltop
345734132,4490054,ny,Hilton
345734209,4490055,ny,Hilton Head Island
345734286,4490056,ny,Hilton Head
345734748,4490062,ny,Hodges
345735518,4490072,ny,Holly Hill
345736211,4490081,ny,Hollywood
345736750,4490088,ny,Homewood
345736981,4490091,ny,Honea Path
345737058,4490092,ny,Homeland Park
345737828,4490102,ny,Hopkins
345738213,4490107,ny,Horse Creek
345741832,4490154,ny,India Hook
345742910,4490168,ny,Inman
345742987,4490169,ny,Inman Mills
345743141,4490171,ny,Irmo
345743449,4490175,ny,Irving
345743526,4490176,ny,Irwin
345743988,4490182,ny,Islandton
345744065,4490183,ny,Isle of Palms
345744296,4490186,ny,Iva
345744527,4490189,ny,Jackson
345744758,4490192,ny,Jacksonboro
345745220,4490198,ny,Jamestown
345745990,4490208,ny,Jefferson
345746221,4490211,ny,Jenkinsville
345746837,4490219,ny,Joanna
345747607,4490229,ny,Johnsonville
345747684,4490230,ny,Johnston
345748454,4490240,ny,Jonesville
345749147,4490249,ny,Judson
345751303,4490277,ny,Ketchuptown
345751380,4490278,ny,Kershaw
345751611,4490281,ny,Kiawah Island
345752997,4490299,ny,Kingstree
345753998,4490312,ny,Kline
345754999,4490325,ny,La France
345755076,4490326,ny,Ladson
345755307,4490329,ny,Lafayette Village
345755384,4490330,ny,Lake City
345755923,4490337,ny,Lake Point
345756077,4490339,ny,Lake Secession
345756385,4490343,ny,Lake View
345756539,4490345,ny,Lake Wylie
345757771,4490361,ny,Lakeview of Lawton Bluff
345758387,4490369,ny,Lakewood
345758772,4490374,ny,Lamar
345759080,4490378,ny,Lancaster
345759157,4490379,ny,Lancaster Mill
345759465,4490383,ny,Landrum
345759927,4490389,ny,Lane
345760158,4490392,ny,Langley
345760697,4490399,ny,Latta
345760851,4490401,ny,Laurel Bay
345761544,4490410,ny,Laurens
345762853,4490427,ny,Lees
345763238,4490432,ny,Leesville
345763931,4490441,ny,Lesslie
345764547,4490449,ny,Lexington
345764778,4490452,ny,Liberty
345765933,4490467,ny,Lincolnville
345766164,4490470,ny,Litchfield Beach
345766780,4490478,ny,Little Mountain
345766857,4490479,ny,Mtsinje Wamng'ono
345767011,4490481,ny,Little Rock
345767627,4490489,ny,Livingston
345767704,4490490,ny,Lobeco
345767858,4490492,ny,Lockhart
345768474,4490500,ny,Lodge
345769244,4490510,ny,Nthambi Yaitali
345769860,4490518,ny,Longcreek
345770707,4490529,ny,Loris
345771015,4490533,ny,Lotts Crossroads
345771169,4490535,ny,Lowndesville
345771246,4490536,ny,Lowrys
345771708,4490542,ny,Luray
345771862,4490544,ny,Lydia
345772093,4490547,ny,Lyman
345772247,4490549,ny,Lynchburg
345774172,4490574,ny,Manning
345775019,4490585,ny,Marion
345776636,4490606,ny,Maryville
345777560,4490618,ny,Mauldin
345777714,4490620,ny,Mayesville
345778099,4490625,ny,Mayo
345778407,4490629,ny,McBee
345778638,4490632,ny,McClellanville
345778715,4490633,ny,McColl
345778869,4490635,ny,McConnells
345778946,4490636,ny,McCormick
345780178,4490652,ny,Meadow Brook
345781410,4490668,ny,Meggett
345781641,4490671,ny,Menriv Park
345782103,4490677,ny,Middleton Shores
345783181,4490691,ny,Milbury
345784336,4490706,ny,Millwood
345785799,4490725,ny,Modoc
345785953,4490727,ny,Monaghan
345786107,4490729,ny,Moncks Corner
345786184,4490730,ny,Monetta
345786261,4490731,ny,Mont Clare
345788417,4490759,ny,Moss Grove
345788802,4490764,ny,Mount Carmel
345788879,4490765,ny,Mount Croghan
345789495,4490773,ny,Mount Pleasant
345789880,4490778,ny,Phiri la Ziyoni
345790650,4490788,ny,Mountville
345790958,4490792,ny,Mulberry
345791266,4490796,ny,Mullins
345791497,4490799,ny,Murphys Estates
345791882,4490804,ny,Murrells Inlet
345792113,4490807,ny,Myrtle Beach
345792729,4490815,ny,Neeses
345793268,4490822,ny,New Ellenton
345794269,4490835,ny,New Prospect Estates
345794500,4490838,ny,Newberry
345794731,4490841,ny,Newry
345795039,4490845,ny,Newport
345795116,4490846,ny,Nichols
345795501,4490851,ny,Ninety Six
345795809,4490855,ny,Nixville
345796040,4490858,ny,Normandy Park Junior
345796117,4490859,ny,Norris
345796194,4490860,ny,North
345796348,4490862,ny,North Augusta
345796425,4490863,ny,North Charleston
345796964,4490870,ny,North Hartsville
345797195,4490873,ny,Zithunzi za North Hills Estates
345797426,4490876,ny,North Myrtle Beach
345797734,4490880,ny,North Santee
345798504,4490890,ny,Northlake
345798966,4490896,ny,Norway
345799813,4490907,ny,Oak Grove
345799890,4490908,ny,Oak Grove
345804125,4490963,ny,Olanta
345804202,4490964,ny,Olar
345804356,4490966,ny,Okatie
345805126,4490976,ny,Old Pickens
345806204,4490990,ny,Orangeburg
345806820,4490998,ny,Oswego
345807744,4491010,ny,Oyster Point
345807821,4491011,ny,Pacolet
345807898,4491012,ny,Pacolet Mills
345808360,4491018,ny,Pageland
345809361,4491031,ny,Pamplico
345810285,4491043,ny,Parker
345810901,4491051,ny,Parksville
345811902,4491064,ny,Patrick
345812056,4491066,ny,Pauline
345812133,4491067,ny,Pawleys Island
345812441,4491071,ny,Paxville
345812903,4491077,ny,Peak
345813596,4491086,ny,Pecan Terrace
345813981,4491091,ny,Pelion
345814058,4491092,ny,Pelzer
345814212,4491094,ny,Pendleton
345814905,4491103,ny,Perry
345815598,4491112,ny,Pickens
345815829,4491115,ny,Piedmont
345818832,4491154,ny,Pinebrook
345819987,4491169,ny,Pineridge
345820526,4491176,ny,Pinewood
345820834,4491180,ny,Pinewood South
345821142,4491184,ny,Pinopolis
345823914,4491220,ny,Plum Branch
345824761,4491231,ny,Pomaria
345826532,4491254,ny,Port Royal
345827302,4491264,ny,Powdersville
345827918,4491272,ny,Princeton
345828534,4491280,ny,Privateer
345828688,4491282,ny,Dziko Lolonjezedwa
345828842,4491284,ny,Prosperity
345831229,4491315,ny,Quinby
345831845,4491323,ny,Rains
345832384,4491330,ny,Ravenel
345832923,4491337,ny,Red Bank
345833539,4491345,ny,Red Hill
345833616,4491346,ny,Red Hill
345834617,4491359,ny,Reevesville
345834848,4491362,ny,Reidville
345835002,4491364,ny,Rembert
345836388,4491382,ny,Richburg
345837158,4491392,ny,Ridge Spring
345837466,4491396,ny,Ridgeland
345837697,4491399,ny,Ridgeville
345837774,4491400,ny,Ridgeway
345838159,4491405,ny,Rimini
345840315,4491433,ny,Riverview
345840392,4491434,ny,Riverview Park
345841547,4491449,ny,Rock Hill
345841932,4491454,ny,Rockville
345842317,4491459,ny,Roebuck
345844627,4491489,ny,Rowesville
345845089,4491495,ny,Ruby
345845859,4491505,ny,Russellville
345845936,4491506,ny,Saint Andrews
345846013,4491507,ny,Saint Andrews
345846167,4491509,ny,Saint George
345846475,4491513,ny,Saint Matthews
345846860,4491518,ny,Stefano Woyera
345847091,4491521,ny,Salem
345847245,4491523,ny,Salem
345847784,4491530,ny,Salley
345848246,4491536,ny,Saluda
345849940,4491558,ny,Sandy Springs
345850017,4491559,ny,Sangaree
345850171,4491561,ny,Sans Souci
345850402,4491564,ny,Santee
345851480,4491578,ny,Saxon
345852019,4491585,ny,Scotia
345852327,4491589,ny,Scranton
345852789,4491595,ny,Seabrook
345852943,4491597,ny,Seabrook Island
345854021,4491611,ny,Sellers
345854329,4491615,ny,Seneca
345854637,4491619,ny,Zisanu ndi ziwiri za Oaks
345855792,4491634,ny,Sharon
345855869,4491635,ny,Sharon
345856177,4491639,ny,Shaw Heights
345856408,4491642,ny,Sheldon
345856562,4491644,ny,Shell Point
345856639,4491645,ny,Shell Point
345857101,4491651,ny,Sherwood Acres
345858025,4491663,ny,Shilo
345859334,4491680,ny,Silver Leaf
345859488,4491682,ny,Silverstreet
345859950,4491688,ny,Simpsonville
345860258,4491692,ny,Singletary Forks
345860489,4491695,ny,Six Mile
345861798,4491712,ny,Smoaks
345862029,4491715,ny,Smurna
345862106,4491716,ny,Smurna
345862337,4491719,ny,Snelling
345862799,4491725,ny,Socastee
345862953,4491727,ny,Society Hill
345863107,4491729,ny,South Congaree
345864031,4491741,ny,South Sumter
345864570,4491748,ny,Southern Shops
345865032,4491754,ny,Spartanburg
345867111,4491781,ny,Springdale
345867188,4491782,ny,Springdale
345867958,4491792,ny,Springfield
345868420,4491798,ny,Springtown
345869498,4491812,ny,Startex
345869806,4491816,ny,Stateburg
345869883,4491817,ny,Starr
345872347,4491849,ny,Stony Landing
345873194,4491860,ny,Stuckey
345874041,4491871,ny,Sullivans Island
345874503,4491877,ny,Summerton
345874580,4491878,ny,Summerville
345874965,4491883,ny,Summit
345875042,4491884,ny,Sumter
345875966,4491896,ny,Sunrise Acres
345876736,4491906,ny,Surfside Beach
345876967,4491909,ny,Swansea
345877660,4491918,ny,Sycamore
345878507,4491929,ny,Tamassee
345879046,4491936,ny,Tatum
345879277,4491939,ny,Taylors
345879585,4491943,ny,Tega Cay
345882819,4491985,ny,Tigerville
345883512,4491994,ny,Timmonsville
345884898,4492012,ny,Townville
345885052,4492014,ny,Tradesville
345885283,4492017,ny,Travelers Rest
345885514,4492020,ny,Trenton
345886207,4492029,ny,Troy
345886515,4492033,ny,Turbeville
345887593,4492047,ny,Ulmer
345888055,4492053,ny,Union
345888517,4492059,ny,Utica
345888902,4492064,ny,Valley Falls
345889210,4492068,ny,Van Wyck
345889287,4492069,ny,Vance
345889595,4492073,ny,Varnville
345891135,4492093,ny,Wade Hampton
345891597,4492099,ny,Wagener
345891905,4492103,ny,Walhalla
345892136,4492106,ny,Wallace
345892752,4492114,ny,Walterboro
345893368,4492122,ny,Ward
345893522,4492124,ny,Ware Shoals
345893599,4492125,ny,Ware Place
345893907,4492129,ny,Warrenville
345895062,4492144,ny,Waterloo
345895909,4492155,ny,Wedgefield
345895986,4492156,ny,Wedgewood
345896448,4492162,ny,Takulandirani
345896602,4492164,ny,Wellford
345896910,4492168,ny,Zitsime
345897372,4492174,ny,West Columbia
345897988,4492182,ny,West Pelzer
345898296,4492186,ny,West Union
345898912,4492194,ny,Westminster
345902916,4492246,ny,Whitmire
345903840,4492258,ny,Wilkinson Heights
345904071,4492261,ny,Williams
345904302,4492264,ny,Williamston
345904533,4492267,ny,Willington
345904687,4492269,ny,Williston
345905996,4492286,ny,Windsor
345907074,4492300,ny,Winnsboro
345907151,4492301,ny,Winnsboro Mills
345907536,4492306,ny,Wisacky
345908768,4492322,ny,Woodfield
345909230,4492328,ny,Woodford
345909307,4492329,ny,Woodhaven
345910385,4492343,ny,Woodruff
345911386,4492356,ny,Workman
345912079,4492365,ny,Yemassee
345912310,4492368,ny,York
345913696,4492386,ny,Adams
345914004,4492390,ny,Adamsville
345915005,4492403,ny,Alamo
345915313,4492407,ny,Alcoa
345915929,4492415,ny,Alexandria
345916006,4492416,ny,Algood
345916083,4492417,ny,Allardt
345917238,4492432,ny,Altamont
345918778,4492452,ny,Andersonville
345920472,4492474,ny,Apison
345921473,4492487,ny,Ardmore
345921858,4492492,ny,Arlington
345923706,4492516,ny,Ashland City
345924399,4492525,ny,Athens
345924553,4492527,ny,Atwood
345924630,4492528,ny,Auburntown
345924784,4492530,ny,Atoka
345926632,4492554,ny,Baileyton
345928403,4492577,ny,Baneberry
345928634,4492580,ny,Banner Hill
345928711,4492581,ny,Banner Springs
345930097,4492599,ny,Bartlett
345930328,4492602,ny,Barton Mill
345931252,4492614,ny,Baxter
345932022,4492624,ny,Bean Station
345933716,4492646,ny,Beech Bluff
345934871,4492661,ny,Beechgrove
345935333,4492667,ny,Beersheba Springs
345935564,4492670,ny,Bel-Aire
345936026,4492676,ny,Bell Buckle
345936565,4492683,ny,Belle Meade
345936873,4492687,ny,Bellefounte
345937412,4492694,ny,Mabelu
345938644,4492710,ny,Belvidere
345939414,4492720,ny,Benton
345939568,4492722,ny,Benton Springs
345940338,4492732,ny,Berry Hill
345941108,4492742,ny,Beteli
345941724,4492750,ny,Beteli
345942109,4492755,ny,Bethel Springs
345942186,4492756,ny,Bethesda
345943033,4492767,ny,Bethpage
345944650,4492788,ny,Big Rock
345944804,4492790,ny,Big Sandy
345945882,4492804,ny,Binghampton
345947576,4492826,ny,Blaine
345947807,4492829,ny,Blanche
345948654,4492840,ny,Bloomingdale
345948885,4492843,ny,Bloomington Springs
345949116,4492846,ny,Blountville
345950733,4492867,ny,Bluff City
345951041,4492871,ny,Bluff View
345951657,4492879,ny,Boggs
345952042,4492884,ny,Bolivar
345952504,4492890,ny,Bon Aqua
345952581,4492891,ny,Bon Aqua Junction
345953967,4492909,ny,Borden Village
345954352,4492914,ny,Bowling
345954429,4492915,ny,Bowman
345955353,4492927,ny,Braden
345955430,4492928,ny,Braden
345955584,4492930,ny,Bradford
345956354,4492940,ny,Bransford
345957124,4492950,ny,Brentwood
345958048,4492962,ny,Briceville
345958587,4492969,ny,Brighton
345958664,4492970,ny,Brighton
345958895,4492973,ny,Bristol
345961436,4493006,ny,Brownsville
345961898,4493012,ny,Bruceton
345963130,4493028,ny,Brysonville
345963207,4493029,ny,Buchanan
345963669,4493035,ny,Buckeye
345965594,4493060,ny,Bulls Gap
345967134,4493080,ny,Burlison
345967288,4493082,ny,Burns
345968520,4493098,ny,Butler
345969059,4493105,ny,Byrdstown
345969444,4493110,ny,Caffey
345970214,4493120,ny,Calhoun
345970907,4493129,ny,Camden
345974834,4493180,ny,Carriage Hill
345975296,4493186,ny,Carter Crossroads
345975758,4493192,ny,Carthage
345976066,4493196,ny,Caryville
345976297,4493199,ny,Castalian Springs
345977375,4493213,ny,Caton
345977529,4493215,ny,Catoosa
345978376,4493226,ny,Cedar Chapel
345979993,4493247,ny,Cedar Hill
345980070,4493248,ny,Cedar Hill
345980224,4493250,ny,Cedar Hills
345980686,4493256,ny,Cedar Springs
345980994,4493260,ny,Celina
345982226,4493276,ny,Centertown
345982380,4493278,ny,Centerville
345982534,4493280,ny,Central
345982611,4493281,ny,Central
345983766,4493296,ny,Chapel Hill
345984151,4493301,ny,Charleston
345984382,4493304,ny,Charlotte
345984767,4493309,ny,Chattanooga
345985306,4493316,ny,Cherokee Gardens
345985768,4493322,ny,Cherokee Ridge
345985999,4493325,ny,Cherry Branch
345986846,4493336,ny,Chesterfield
345987385,4493343,ny,Mtengo wa Chestnut Grove
345988540,4493358,ny,Chestuee
345989002,4493364,ny,Childers Hill
345990388,4493382,ny,Christiana
345990773,4493387,ny,Chuckey
345990850,4493388,ny,Church Hill
345991158,4493392,ny,Citico Beach
345991543,4493397,ny,Clarkrange
345991620,4493398,ny,Clarksburg
345991697,4493399,ny,Clarksville
345993006,4493416,ny,Cleveland
345993468,4493422,ny,Clifton
345994084,4493430,ny,Clinton
345995470,4493448,ny,Coalfield
345995547,4493449,ny,Coalmont
345996009,4493455,ny,Coker Creek
345997318,4493472,ny,Collegedale
345997472,4493474,ny,Collierville
345997703,4493477,ny,Collinwood
345998165,4493483,ny,Mapiri a Atsamunda
345998473,4493487,ny,Columbia
345999320,4493498,ny,Conasauga
345999397,4493499,ny,Conasauga
346000475,4493513,ny,Condon
346000937,4493519,ny,Cookeville
346001399,4493525,ny,Coopertown
346001553,4493527,ny,Copperhill
346002246,4493536,ny,Cornersville
346002631,4493541,ny,Cosby
346002785,4493543,ny,Cottage Grove
346003093,4493547,ny,Cotton Patch Crossroads
346003170,4493548,ny,Cottontown
346003786,4493556,ny,Counce
346004864,4493570,ny,Covington
346004941,4493571,ny,Cowan
346005403,4493577,ny,Crab Orchard
346006558,4493592,ny,Mtsinje wa Creekside
346006789,4493595,ny,Crescent
346007482,4493604,ny,Crestwood Hills
346008483,4493617,ny,Cross Plains
346009869,4493635,ny,Crossville
346010331,4493641,ny,Crump
346011101,4493651,ny,Cumberland City
346011332,4493654,ny,Cumberland Gap
346013719,4493685,ny,Dallas Gardens
346014258,4493692,ny,Dandridge
346014335,4493693,ny,Dancyville
346014566,4493696,ny,Darden
346015644,4493710,ny,Dayton
346015798,4493712,ny,De Lap
346016414,4493720,ny,Deanburg
346016799,4493725,ny,Decatur
346016953,4493727,ny,Decaturville
346017030,4493728,ny,Decherd
346018031,4493741,ny,Delano
346018262,4493744,ny,Dellrose
346019648,4493762,ny,Dickson
346021188,4493782,ny,Dodson Branch
346023575,4493813,ny,Dover
346023729,4493815,ny,Dowelltown
346023883,4493817,ny,Doyle
346024268,4493822,ny,Dresden
346024422,4493824,ny,Drwning Creek
346025423,4493837,ny,Ducktown
346025808,4493842,ny,Dukedom
346026732,4493854,ny,Dunlap
346027656,4493866,ny,Dyer
346027733,4493867,ny,Dyersburg
346028811,4493881,ny,Eagleton Village
346028888,4493882,ny,Eagleville
346029273,4493887,ny,East Cleveland
346030505,4493903,ny,East Ridge
346031044,4493910,ny,East Village
346031198,4493912,ny,Eastdale
346031660,4493918,ny,Eastview
346035125,4493963,ny,Elgin
346035356,4493966,ny,Elizabethton
346036126,4493976,ny,Elkton
346036357,4493979,ny,Ellendale
346037050,4493988,ny,Elora
346037204,4493990,ny,Elmore Park
346037435,4493993,ny,Embreeville
346038205,4494003,ny,Englewood
346038282,4494004,ny,Englewood
346038975,4494013,ny,Enville
346039360,4494018,ny,Erin
346039591,4494021,ny,Erwin
346039745,4494023,ny,Essary Springs
346039976,4494026,ny,Ethridge
346040053,4494027,ny,Estill Springs
346040207,4494029,ny,Etowah
346040592,4494034,ny,Eureka
346040900,4494038,ny,Eva
346041747,4494049,ny,Fairgarden
346042286,4494056,ny,Fairfield
346042517,4494059,ny,Fairfield Glade
346042825,4494063,ny,Fairmount
346042902,4494064,ny,Fairmount
346044288,4494082,ny,Fairview
346044981,4494091,ny,Fairview
346045751,4494101,ny,Fall Branch
346046136,4494106,ny,Falling Water
346046906,4494116,ny,Farner
346046983,4494117,ny,Farragut
346047599,4494125,ny,Fayetteville
346047753,4494127,ny,February
346048677,4494139,ny,Fincastle
346048831,4494141,ny,Finger
346050910,4494168,ny,Flintville
346052835,4494193,ny,Forest Hills
346054683,4494217,ny,Fort Loudon Estates
346055992,4494234,ny,Fowlkes
346056300,4494238,ny,Fox Den
346056993,4494247,ny,Frankewing
346057147,4494249,ny,Franklin
346058687,4494269,ny,Ubwenzi
346059072,4494274,ny,Friendsville
346060304,4494290,ny,Gadsden
346060612,4494294,ny,Gainesboro
346060997,4494299,ny,Galeni
346061151,4494301,ny,Gallaway
346061228,4494302,ny,Gallatin
346062152,4494314,ny,Garland
346062229,4494315,ny,Garland
346062691,4494321,ny,Gates
346062845,4494323,ny,Gatlinburg
346062999,4494325,ny,Gause
346063769,4494335,ny,Georgetown
346063923,4494337,ny,Germantown
346064077,4494339,ny,Germantown
346064462,4494344,ny,Gibson
346065463,4494357,ny,Gilt Edge
346066002,4494364,ny,Gladeville
346066233,4494367,ny,Gleason
346069390,4494408,ny,Chiyembekezo Chabwino
346069544,4494410,ny,Good Luck
346069775,4494413,ny,Goodlettsville
346070622,4494424,ny,Gordonsville
346071007,4494429,ny,Graball
346071392,4494434,ny,Grand Junction
346072701,4494451,ny,Grassy Fork
346073394,4494460,ny,Imvi
346073856,4494466,ny,Graysville
346074857,4494479,ny,Green Hill
346074934,4494480,ny,Green Hill
346076166,4494496,ny,Greenback
346076320,4494498,ny,Greenbrier
346076397,4494499,ny,Greenbrier
346076551,4494501,ny,Greeneville
346076628,4494502,ny,Greenfield
346077475,4494513,ny,Greentown
346079246,4494536,ny,Griffith Creek
346079400,4494538,ny,Grimsley
346079785,4494543,ny,Gruetli-Laager
346081094,4494560,ny,Guys
346081941,4494571,ny,Haley
346082711,4494581,ny,Halls
346084020,4494598,ny,Hampton
346087254,4494640,ny,Harriman
346087639,4494645,ny,Harrison
346088024,4494650,ny,Harrogate
346088409,4494655,ny,Hartmantown
346088563,4494657,ny,Hartsville
346088948,4494662,ny,Havana
346090796,4494686,ny,Helenwood
346091566,4494696,ny,Henderson
346091797,4494699,ny,Hendersonville
346092105,4494703,ny,Henning
346092259,4494705,ny,Henry
346093645,4494723,ny,Hickman
346095647,4494749,ny,Hickory Valley
346095801,4494751,ny,Hickory Withe
346099574,4494800,ny,Hilham
346100729,4494815,ny,Hillsboro
346103270,4494848,ny,Hohenwald
346103809,4494855,ny,Holaday
346104117,4494859,ny,Hollow Rock
346107736,4494906,ny,Hopewell
346108814,4494920,ny,Hornbeak
346109122,4494924,ny,Hornsby
346110508,4494942,ny,Howell
346111817,4494959,ny,Humboldt
346112048,4494962,ny,Hunter
346112664,4494970,ny,Huntingdon
346112895,4494973,ny,Huntland
346113126,4494976,ny,Huntsville
346113203,4494977,ny,Huntsville
346113511,4494981,ny,Huron
346116745,4495023,ny,Iron City
346118439,4495045,ny,Jacks Creek
346118516,4495046,ny,Jacksboro
346118593,4495047,ny,Jackson
346119825,4495063,ny,Jamestown
346120133,4495067,ny,Jasper
346120903,4495077,ny,Jefferson City
346120980,4495078,ny,Jellico
346122058,4495092,ny,John Sevier
346122212,4495094,ny,Johnson City
346122674,4495100,ny,Johnsonville
346123367,4495109,ny,Jonesborough
346126524,4495150,ny,Kenton
346127602,4495164,ny,Kimball
346127987,4495169,ny,Kimbro
346128449,4495175,ny,King Arthur Court
346129065,4495183,ny,Kingsport
346129142,4495184,ny,Kingston
346129373,4495187,ny,Kingston Springs
346131375,4495213,ny,Knoxville
346131837,4495219,ny,La Grange
346131914,4495220,ny,La Vergne
346131991,4495221,ny,LaFollette
346132530,4495228,ny,Lafayette
346132607,4495229,ny,Lafayette
346132684,4495230,ny,Rocky Top
346134147,4495249,ny,Lake Tansi
346134224,4495250,ny,Lake Tansi
346134840,4495258,ny,Lakeland
346136072,4495274,ny,Lakesite
346136765,4495283,ny,Lakewood
346137073,4495287,ny,Zithunzi za Lakewood Estates
346140769,4495335,ny,Lavinia
346141231,4495341,ny,Lawrenceburg
346142463,4495357,ny,Lebanon
346143772,4495374,ny,Lenoir City
346143926,4495376,ny,Lenox
346144080,4495378,ny,Leoma
346144234,4495380,ny,Leoni
346144619,4495385,ny,Lewisburg
346144850,4495388,ny,Lexington
346145004,4495390,ny,Liberty
346145697,4495399,ny,Liberty
346148469,4495435,ny,Linden
346151164,4495470,ny,Livingston
346151318,4495472,ny,Lobelville
346151780,4495478,ny,Locust Mount
346152473,4495487,ny,Lone Oak
346153012,4495494,ny,Long Hollow
346153628,4495502,ny,Lookout Mountain
346153705,4495503,ny,Loretto
346154013,4495507,ny,Loudon
346154244,4495510,ny,Louisville
346155861,4495531,ny,Luray
346156246,4495536,ny,Luttrell
346156400,4495538,ny,Lyles
346156477,4495539,ny,Lynchburg
346156862,4495544,ny,Lynnville
346158402,4495564,ny,Madisonville
346159326,4495576,ny,Manchester
346159865,4495583,ny,Mansfield Gap
346160019,4495585,ny,Manson Manor
346160789,4495595,ny,Maplehurst
346162406,4495616,ny,Marmor
346163330,4495628,ny,Martin
346163946,4495636,ny,Maryville
346164023,4495637,ny,Mascot
346164177,4495639,ny,Mason
346164947,4495649,ny,Maury City
346165409,4495655,ny,Mayland
346165563,4495657,ny,Maynardville
346166718,4495672,ny,McDonald
346166949,4495675,ny,McEwen
346167411,4495681,ny,McKenzie
346167642,4495684,ny,McLemoresville
346167950,4495688,ny,McMinnville
346168566,4495696,ny,Meacham
346169644,4495710,ny,Madina
346169721,4495711,ny,Medon
346169952,4495714,ny,Melody Acres
346170337,4495719,ny,Memphis
346170568,4495722,ny,Mercer
346170953,4495727,ny,Michie
346171184,4495730,ny,Middle Creek
346171415,4495733,ny,Middle Valley
346171877,4495739,ny,Middleton
346172647,4495749,ny,Midway
346173956,4495766,ny,Midtown
346174110,4495768,ny,Milan
346175342,4495784,ny,Milledgeville
346175804,4495790,ny,Millersville
346176112,4495794,ny,Millington
346176266,4495796,ny,Millsfield
346177498,4495812,ny,Minor Hill
346177883,4495817,ny,Miston
346178191,4495821,ny,Mitchellville
346178576,4495826,ny,Moffatt
346179577,4495839,ny,Monteagle
346179654,4495840,ny,Monterey
346179885,4495843,ny,Montgomery
346181040,4495858,ny,Mooresburg
346182195,4495873,ny,Morris Chapel
346182272,4495874,ny,Morrison
346182503,4495877,ny,Morristown
346182657,4495879,ny,Moscow
346182734,4495880,ny,Mosheim
346183427,4495889,ny,Mount Carmel
346183658,4495892,ny,Mount Carmel
346184967,4495909,ny,Mount Juliet
346186507,4495929,ny,Mount Pleasant
346188817,4495959,ny,Mountain City
346189279,4495965,ny,Mountain View Acres
346190434,4495980,ny,Munford
346190511,4495981,ny,Murfreesboro
346192205,4496003,ny,Nashville
346193745,4496023,ny,Neptune
346194669,4496035,ny,New Deal
346196440,4496058,ny,Chiyembekezo Chatsopano
346196902,4496064,ny,New Johnsonville
346196979,4496065,ny,New Hopewell
346197210,4496068,ny,Msika Watsopano
346198134,4496080,ny,New Tazewell
346198442,4496084,ny,New Union
346198750,4496088,ny,Newbern
346199135,4496093,ny,Newmansville
346199212,4496094,ny,Newport
346199905,4496103,ny,Niota
346199982,4496104,ny,Nixon
346200136,4496106,ny,Nolensville
346200444,4496110,ny,Norene
346200675,4496113,ny,Normandy
346200752,4496114,ny,Norris
346203370,4496148,ny,Nutbush
346205603,4496177,ny,Oak Grove
346205834,4496180,ny,Oak Grove
346206373,4496187,ny,Oak Hill
346206450,4496188,ny,Oak Hill
346207836,4496206,ny,Oak Ridge
346208144,4496210,ny,Oakdale
346208452,4496214,ny,Oakland
346210608,4496242,ny,Obion
346210762,4496244,ny,Ocoee
346214073,4496287,ny,Azitona
346214150,4496288,ny,Oliver Springs
346214227,4496289,ny,Oneida
346214535,4496293,ny,Ooltewah
346214766,4496296,ny,Oral
346215151,4496301,ny,Orebank
346215305,4496303,ny,Orlinda
346215382,4496304,ny,Orme
346218308,4496342,ny,Palmer
346218385,4496343,ny,Palmersville
346219232,4496354,ny,Paris
346219386,4496356,ny,Park City
346220156,4496366,ny,Parker Crossroads
346221003,4496377,ny,Parrottsville
346221157,4496379,ny,Parsons
346223467,4496409,ny,Pegram
346223544,4496410,ny,Pelham
346224699,4496425,ny,Petersburg
346224776,4496426,ny,Petros
346225238,4496432,ny,Philadelphia
346226547,4496449,ny,Pigeon Forge
346226701,4496451,ny,Pikeville
346227163,4496457,ny,Pine Crest
346229242,4496484,ny,Pineville
346230089,4496495,ny,Piney Shores Estates
346230705,4496503,ny,Pinson
346231090,4496508,ny,Piperton
346231629,4496515,ny,Pittman Center
346231860,4496518,ny,Plain Grove
346232091,4496521,ny,Plainview
346233477,4496539,ny,Pleasant Hill
346233631,4496541,ny,Pleasant Hill
346233939,4496545,ny,Pleasant Hill
346235017,4496559,ny,Pleasant Vale
346235710,4496568,ny,Pleasant View
346235864,4496570,ny,Pleasant View
346236326,4496576,ny,Pocahontas
346236403,4496577,ny,Pocahontas
346236788,4496582,ny,Point Seven
346237173,4496587,ny,Pollards Mill
346238174,4496600,ny,Pope
346240638,4496632,ny,Portland
346241485,4496643,ny,Powell
346241793,4496647,ny,Powells Crossroads
346243256,4496666,ny,Prospect
346244488,4496682,ny,Michael Woyera
346245181,4496691,ny,Puryear
346247106,4496716,ny,Ramer
346247414,4496720,ny,Randolph
346249339,4496745,ny,Red Bank
346249416,4496746,ny,Red Boiling Springs
346252034,4496780,ny,Riceville
346253882,4496804,ny,Ridgely
346253959,4496805,ny,Ridgeside
346254036,4496806,ny,Ridgetop
346255268,4496822,ny,Ripley
346257732,4496854,ny,Rives
346257963,4496857,ny,Roan Mountain
346258194,4496860,ny,Robbins
346258733,4496867,ny,Robinson Mill
346259118,4496872,ny,Rock City
346259811,4496881,ny,Rock Island
346260504,4496890,ny,Rockford
346260966,4496896,ny,Rockvale
346261197,4496899,ny,Rockwood
346262891,4496921,ny,Rogersville
346264277,4496939,ny,Rosemark
346264662,4496944,ny,Rossville
346267049,4496975,ny,Rural Hill
346267742,4496984,ny,Russellville
346268050,4496988,ny,Rutherford
346268281,4496991,ny,Rutledge
346269667,4497009,ny,Joseph Woyera
346270283,4497017,ny,Sale Creek
346270899,4497025,ny,Saltillo
346271053,4497027,ny,Samburg
346272747,4497049,ny,Sarde
346272901,4497051,ny,Saulsbury
346273132,4497054,ny,Savannah
346274441,4497071,ny,Scotts Hill
346275288,4497082,ny,Selmer
346275596,4497086,ny,Sequatchie
346277290,4497108,ny,Sevierville
346277367,4497109,ny,Sewanee
346277829,4497115,ny,Shackle Island
346280370,4497148,ny,Sharon
346281448,4497162,ny,Shelbyville
346282526,4497176,ny,Sherwood
346283373,4497187,ny,Shilo
346284297,4497199,ny,Isla Holbox
346285144,4497210,ny,Signal Mountain
346285221,4497211,ny,Silerton
346286068,4497222,ny,Silverdale
346286761,4497231,ny,Sitka
346287377,4497239,ny,Slate Springs
346287762,4497244,ny,Smartt
346288609,4497255,ny,Smithville
346289225,4497263,ny,Smurna
346289379,4497265,ny,Smurna
346289610,4497268,ny,Sneedville
346290226,4497276,ny,Soddy-Daisy
346290457,4497279,ny,Somerville
346290611,4497281,ny,South Carthage
346290765,4497283,ny,South Cleveland
346291150,4497288,ny,South Fulton
346291304,4497290,ny,South Hills
346291689,4497295,ny,South Pittsburg
346291997,4497299,ny,Southbrook
346292844,4497310,ny,Spanish Grove
346293075,4497313,ny,Sparta
346293152,4497314,ny,\N
346293306,4497316,ny,Speedwell
346293460,4497318,ny,Spencer
346293922,4497324,ny,Spring City
346294769,4497335,ny,Spring Hill
346295616,4497346,ny,Springfield
346296309,4497355,ny,Spurgeon
346297156,4497366,ny,Stanton
346297233,4497367,ny,Stantonville
346297541,4497371,ny,Statesville
346297695,4497373,ny,Station West
346298619,4497385,ny,Stewart Hill
346300698,4497412,ny,Strawberry Plains
346300775,4497413,ny,Striggersville
346302623,4497437,ny,Sugarville
346302777,4497439,ny,Sullivan Gardens
346304086,4497456,ny,Summertown
346304548,4497462,ny,Sunbright
346306550,4497488,ny,Surgoinsville
346306704,4497490,ny,Sutherland
346307551,4497501,ny,Madzi okoma
346308629,4497515,ny,Taft
346309014,4497520,ny,Tampiko
346311555,4497553,ny,Tazewell
346311786,4497556,ny,Telford
346312017,4497559,ny,Tellico Plains
346312633,4497567,ny,Ten Mile
346313018,4497572,ny,Tennessee Ridge
346314866,4497596,ny,Thompson's Station
346315867,4497609,ny,Three Way
346316868,4497622,ny,\N
346318254,4497640,ny,Tiptonville
346318485,4497643,ny,Tobaccoport
346319101,4497651,ny,Toqua
346319255,4497653,ny,Toone
346319794,4497660,ny,Townsend
346320025,4497663,ny,Tracy City
346320256,4497666,ny,Trails West
346320872,4497674,ny,Trenton
346321026,4497676,ny,Trezevant
346321257,4497679,ny,Trimble
346321719,4497685,ny,Troy
346321796,4497686,ny,Trundle Crossroad
346322181,4497691,ny,Tuckers Crossroads
346322489,4497695,ny,Tullahoma
346323259,4497705,ny,Tusculum
346325030,4497728,ny,Unicoi
346325261,4497731,ny,Union
346326801,4497751,ny,Union City
346327109,4497755,ny,Unionville
346328341,4497771,ny,Vale
346328495,4497773,ny,Valley Forge
346329111,4497781,ny,Valleyview
346329804,4497790,ny,Vanleer
346332037,4497819,ny,Viola
346332268,4497822,ny,Vonore
346332961,4497831,ny,Walden
346333115,4497833,ny,Waldensia
346333577,4497839,ny,Walland
346334116,4497846,ny,Walnut Grove
346334578,4497852,ny,Walnut Grove
346334886,4497856,ny,Phiri la Walnut
346335040,4497858,ny,Phiri la Walnut
346335656,4497866,ny,Walterhill
346335810,4497868,ny,Warren
346336041,4497871,ny,Wartrace
346336118,4497872,ny,Wartburg
346336272,4497874,ny,Washburn
346336734,4497880,ny,Watauga
346337581,4497891,ny,Watertown
346338351,4497901,ny,Waverly
346338582,4497904,ny,Waynesboro
346339198,4497912,ny,Webbtown
346341893,4497947,ny,West Myers
346342586,4497956,ny,West Union
346343587,4497969,ny,Westmoreland
346343895,4497973,ny,Westpoint
346345358,4497992,ny,White Bluff
346346051,4498001,ny,White House
346346205,4498003,ny,White Oak
346346744,4498010,ny,White Pine
346347283,4498017,ny,Whiteoak Creek Subdivision
346347668,4498022,ny,Whiteside
346347745,4498023,ny,Whiteville
346347976,4498026,ny,Whitlock
346348284,4498030,ny,Whitwell
346348823,4498037,ny,Wildersville
346349131,4498041,ny,Wildwood Lake
346349285,4498043,ny,Wildwood
346350286,4498056,ny,Williams Crossroads
346351364,4498070,ny,Williston
346351749,4498075,ny,Wills
346352365,4498083,ny,Winchester
346352442,4498084,ny,Winchester
346353597,4498099,ny,Winfield
346355137,4498119,ny,Wolf River
346355676,4498126,ny,Woodbury
346356908,4498142,ny,Woodland Mills
346358756,4498166,ny,Wrigley
346359064,4498170,ny,Wynnburg
346359295,4498173,ny,Yager
346360373,4498187,ny,Yorkville
346360912,4498194,ny,Yuma
346362452,4498214,ny,Asherton
346362760,4498218,ny,Abbott
346362991,4498221,ny,Abilene
346363222,4498224,ny,Abram
346363761,4498231,ny,Acevedo Colonia Number 4
346364685,4498243,ny,Addison
346365378,4498252,ny,\N
346365532,4498254,ny,Agua Dulce
346365994,4498260,ny,Aguilares
346366687,4498269,ny,Airport Road Addition
346367765,4498283,ny,Alamo Beach
346367996,4498286,ny,Alamo
346368150,4498288,ny,Alba
346368227,4498289,ny,Albany
346368843,4498297,ny,Aledo
346369382,4498304,ny,Alfred
346369921,4498311,ny,Alice
346369998,4498312,ny,Alice Acres
346370152,4498314,ny,Allen
346370922,4498324,ny,Alma
346371846,4498336,ny,Alto
346371923,4498337,ny,Alto Bonito
346372000,4498338,ny,Alto Bonito Colonia
346372462,4498344,ny,Mathithi aku America
346372539,4498345,ny,Alton North (historical)
346372770,4498348,ny,Alum Creek
346372924,4498350,ny,Alvarado
346373001,4498351,ny,Alvin
346373078,4498352,ny,Alvord
346373309,4498355,ny,Amargosa Colonia
346373386,4498356,ny,Amaya Colonia
346374002,4498364,ny,Amene
346374079,4498365,ny,Amene
346374926,4498376,ny,Anahuac
346375311,4498381,ny,Anderson
346375850,4498388,ny,Angus
346376004,4498390,ny,Angleton
346376081,4498391,ny,Anna
346376389,4498395,ny,Annetta
346376466,4498396,ny,Annetta North
346376543,4498397,ny,Annetta South
346376620,4498398,ny,Annona
346376697,4498399,ny,Anson
346378006,4498416,ny,Apple Springs
346378083,4498417,ny,Appleby
346378160,4498418,ny,Aquilla
346378237,4498419,ny,Aransas Pass
346378699,4498425,ny,Archer City
346378930,4498428,ny,Arcola
346379469,4498435,ny,Argyle
346379931,4498441,ny,Arlington
346380624,4498450,ny,Arp
346380778,4498452,ny,Arroyo Alto
346381086,4498456,ny,Arroyo Colorado Estates Colonia
346382472,4498474,ny,Athens
346382626,4498476,ny,Atlanta
346383011,4498481,ny,Aubrey
346383242,4498484,ny,Aurora
346383396,4498486,ny,Austin
346383627,4498489,ny,Austwell
346383935,4498493,ny,Avery
346384012,4498494,ny,Avinger
346384474,4498500,ny,Azle
346384628,4498502,ny,B and E Colonia
346384859,4498505,ny,Bacliff
346385090,4498508,ny,Bader
346385244,4498510,ny,Bailey
346385321,4498511,ny,Bailey Prairie
346385475,4498513,ny,Baird
346385706,4498516,ny,Balch Springs
346386322,4498524,ny,Ballinger
346386630,4498528,ny,Bandera
346386707,4498529,ny,Bandera Falls
346386784,4498530,ny,Bangs
346387015,4498533,ny,Banquete
346387785,4498543,ny,Bardwell
346388324,4498550,ny,Barrett
346388632,4498554,ny,Barry
346388786,4498556,ny,Bartlett
346389017,4498559,ny,Barton Creek
346389094,4498560,ny,Bartons Chapel
346389171,4498561,ny,Bartonville
346389941,4498571,ny,Basham Number 18 Colonia
346390942,4498584,ny,Bastrop
346391250,4498588,ny,Batesville
346391635,4498593,ny,Bausell and Ellis Colonia
346392174,4498600,ny,Bayside
346392328,4498602,ny,Baytown
346392405,4498603,ny,Bayview
346392482,4498604,ny,Bayview
346392713,4498607,ny,Beach City
346392790,4498608,ny,Bayou Vista
346393098,4498612,ny,Bear Creek
346393560,4498618,ny,Beaumont
346393714,4498620,ny,Beauxart Gardens
346394022,4498624,ny,Bedford
346394099,4498625,ny,Beckville
346394176,4498626,ny,Bedias
346394253,4498627,ny,Bee Cave
346394715,4498633,ny,Beeville
346394869,4498635,ny,Belcherville
346395485,4498643,ny,Bellevue
346395562,4498644,ny,Bellmead
346395639,4498645,ny,Mabelu
346395793,4498647,ny,Bellville
346396178,4498652,ny,Belton
346396409,4498655,ny,Ben Arnold
346396486,4498656,ny,Ben Bolt
346396717,4498659,ny,Ben Wheeler
346396794,4498660,ny,Benavides
346396948,4498662,ny,Benbrook
346397102,4498664,ny,Benda
346397564,4498670,ny,Benjamin
346399104,4498690,ny,Berryville
346399258,4498692,ny,Bertram
346401183,4498717,ny,Beverly
346401337,4498719,ny,Beverly Hills
346401414,4498720,ny,Bevil Oaks
346402492,4498734,ny,Big Sandy
346402877,4498739,ny,Big Wells
346402954,4498740,ny,Bigfoot
346403031,4498741,ny,Birch
346403416,4498746,ny,Bishop
346403570,4498748,ny,Bivins
346403647,4498749,ny,Bixby
346404186,4498756,ny,Blackberry
346404956,4498766,ny,Blanco
346405341,4498771,ny,Blanket
346405726,4498776,ny,Blessing
346406265,4498783,ny,Bloomburg
346406342,4498784,ny,Blooming Grove
346406419,4498785,ny,Bloomington
346406496,4498786,ny,Blossom
346406804,4498790,ny,Blue Berry Hill
346406958,4498792,ny,Blue Mound
346407035,4498793,ny,Blue Ridge
346407112,4498794,ny,Blue Ridge
346407497,4498799,ny,Bluetown
346407574,4498800,ny,Bluetown Colonia
346407728,4498802,ny,Bluff Dale
346407959,4498805,ny,Blum
346408729,4498815,ny,Boerne
346408806,4498816,ny,Bogata
346409191,4498821,ny,Boling
346409422,4498824,ny,Bolivar Peninsula
346409961,4498831,ny,Bonham
346410346,4498836,ny,Bonney
346411424,4498850,ny,Boston
346411578,4498852,ny,Botines
346411809,4498855,ny,Bowie
346412348,4498862,ny,Boyd
346413195,4498873,ny,Brady
346413426,4498876,ny,Branch
346414042,4498884,ny,Brazoria
346414119,4498885,ny,Brazos
346414196,4498886,ny,Brazos Country
346414427,4498889,ny,Breckenridge
346414504,4498890,ny,Bremond
346414658,4498892,ny,Brenham
346414812,4498894,ny,Briar
346414966,4498896,ny,Briarcliff
346415043,4498897,ny,Briaroaks
346415274,4498900,ny,Bridge City
346415351,4498901,ny,Bridgeport
346415505,4498903,ny,Briggs
346415736,4498906,ny,Bristol
346415890,4498908,ny,Broaddus
346416275,4498913,ny,Bronson
346416660,4498918,ny,Brookshire
346416737,4498919,ny,Brookside Village
346416814,4498920,ny,Brookston
346417199,4498925,ny,Browndell
346417507,4498929,ny,Brownsboro
346417584,4498930,ny,Brownsville
346417815,4498933,ny,Bruceville
346417892,4498934,ny,Bruceville-Eddy
346417969,4498935,ny,Brownwood
346418123,4498937,ny,Brundage
346418200,4498938,ny,Bruni
346418662,4498944,ny,Brushy Creek
346418739,4498945,ny,Bryan
346418816,4498946,ny,Bryan Acres Colonia
346419124,4498950,ny,Bryan
346419355,4498953,ny,Bryson
346419432,4498954,ny,Buchanan Dam
346419509,4498955,ny,Buchanan Lake Village
346419740,4498958,ny,Buckholts
346420125,4498963,ny,Buena Vista
346420433,4498967,ny,Buena Vista Colonia
346420818,4498972,ny,Buffalo
346420972,4498974,ny,Buffalo Gap
346421049,4498975,ny,Buffalo Gap
346421511,4498981,ny,Bullard
346421742,4498984,ny,Bulverde
346421819,4498985,ny,Buna
346422435,4498993,ny,Burke
346422512,4498994,ny,Burkburnett
346422820,4498998,ny,Burleson
346422897,4498999,ny,Burlington
346422974,4499000,ny,Burnet
346423590,4499008,ny,Burton
346424052,4499014,ny,Butler
346424129,4499015,ny,Byers
346424206,4499016,ny,Bynum
346424668,4499022,ny,Cactus
346424822,4499024,ny,Caddo
346424899,4499025,ny,Caddo Mills
346425592,4499034,ny,Caldwell
346426516,4499046,ny,Callisburg
346426901,4499051,ny,Calvert
346427209,4499055,ny,Cameron
346427363,4499057,ny,Cameron Park
346427440,4499058,ny,Cameron Park Colonia
346428056,4499066,ny,Camp Swift
346428287,4499069,ny,Campbell
346428364,4499070,ny,Campbellton
346429596,4499086,ny,Caney City
346429750,4499088,ny,Canton
346429827,4499089,ny,Cantu Addition
346430289,4499095,ny,Canyon Lake
346431136,4499106,ny,Carbon
346431444,4499110,ny,Carlisle
346431829,4499115,ny,Carls Corner
346431983,4499117,ny,Carlton
346432060,4499118,ny,Carmine
346432984,4499130,ny,Carrizo Hill
346433061,4499131,ny,Carrizo Springs
346433292,4499134,ny,Carrollton
346433600,4499138,ny,Carter Settlement
346433831,4499141,ny,Carthage
346434139,4499145,ny,Casa Blanca
346434678,4499152,ny,Cashion Community
346435140,4499158,ny,Castroville
346435371,4499161,ny,Catarina
346436141,4499171,ny,Cedar Creek
346436449,4499175,ny,Cedar Hill
346436834,4499180,ny,Cedar Park
346436911,4499181,ny,Cedar Point
346437681,4499191,ny,Celeste
346437758,4499192,ny,Celina
346437989,4499195,ny,Center
346438066,4499196,ny,Center
346438759,4499205,ny,Center Point
346439375,4499213,ny,Centerville
346439683,4499217,ny,Central Gardens
346439914,4499220,ny,Centralia
346439991,4499221,ny,Central
346440145,4499223,ny,Cesar Chavez
346440992,4499234,ny,Chandler
346441223,4499237,ny,Channelview
346441762,4499244,ny,Chapel Hill
346442301,4499251,ny,Charlotte
346443225,4499263,ny,Chester
346443456,4499266,ny,Chiko
346443764,4499270,ny,Chillicothe
346443841,4499271,ny,Chilton
346443918,4499272,ny,China
346444072,4499274,ny,China Grove
346444226,4499276,ny,China Springs
346444534,4499280,ny,Chireno
346444688,4499282,ny,Chita
346445304,4499290,ny,Christine
346445535,4499293,ny,Chula Vista Colonia
346445612,4499294,ny,Chula Vista Colonia
346445920,4499298,ny,Cibolo
346446151,4499301,ny,Cinco Ranch
346446459,4499305,ny,Cisco
346446844,4499310,ny,Citrus City
346447768,4499322,ny,DISH
346448230,4499328,ny,Clarksville
346448307,4499329,ny,Clarksville City
346448769,4499335,ny,Clear Lake
346448846,4499336,ny,Clear Lake Shores
346449308,4499342,ny,Cleburne
346449693,4499347,ny,Cleveland
346449847,4499349,ny,Clifton
346450617,4499359,ny,Clute
346450771,4499361,ny,Clyde
346451310,4499368,ny,Coffee City
346451695,4499373,ny,Coldspring
346451849,4499375,ny,Coleman
346452157,4499379,ny,College Mound
346452234,4499380,ny,College Station
346452388,4499382,ny,Colleyville
346452696,4499386,ny,Collinsville
346452773,4499387,ny,Colmesneil
346452927,4499389,ny,Colonia Allende
346453851,4499401,ny,Colonia Iglesia Antigua
346455083,4499417,ny,Colorado
346455391,4499421,ny,Columbus
346455622,4499424,ny,Comanche
346456007,4499429,ny,Combes
346456161,4499431,ny,Combine
346456238,4499432,ny,Comfort
346456315,4499433,ny,Zamalonda
346456392,4499434,ny,Como
346456623,4499437,ny,Concepcion
346457547,4499449,ny,Connor
346457701,4499451,ny,Conroe
346457855,4499453,ny,Converse
346458471,4499461,ny,Cool
346458548,4499462,ny,Coolidge
346458625,4499463,ny,Cooper
346458702,4499464,ny,Cooper
346459087,4499469,ny,Coppell
346459164,4499470,ny,Copper Canyon
346459241,4499471,ny,Copperas Cove
346459626,4499476,ny,Korinto
346460473,4499487,ny,Corpus Christi
346460550,4499488,ny,Mzinda wa Corral
346460627,4499489,ny,Corrigan
346460704,4499490,ny,Corsicana
346461705,4499503,ny,Cottonwood
346462090,4499508,ny,Cottonwood Shores
346462167,4499509,ny,Cotulla
346463630,4499528,ny,Country Village Colonia Number 1
346463707,4499529,ny,Country Village Colonia Number 2
346464092,4499534,ny,Coupland
346464246,4499536,ny,Cove
346464477,4499539,ny,Covington
346464939,4499545,ny,Coyote Acres
346465016,4499546,ny,Coyote Acres Colonia
346465709,4499555,ny,Crandall
346465940,4499558,ny,Cranfills Gap
346466017,4499559,ny,Crawford
346466325,4499563,ny,Creedmoor
346466787,4499569,ny,Crockett
346466941,4499571,ny,Crosby
346467095,4499573,ny,Mtanda
346467172,4499574,ny,Cross Mountain
346467249,4499575,ny,Cross Plains
346467788,4499582,ny,Cross Timber
346468712,4499594,ny,Crowell
346468789,4499595,ny,Crowley
346469251,4499601,ny,Crystal City
346470098,4499612,ny,Cuero
346470175,4499613,ny,Cuevitas
346470406,4499616,ny,Cumby
346470483,4499617,ny,Cumings
346470714,4499620,ny,Cuney
346471176,4499626,ny,Cushing
346471407,4499629,ny,Cut
346471561,4499631,ny,Cut and Shoot
346471792,4499634,ny,Cypress
346471869,4499635,ny,Cypress Creek
346471946,4499636,ny,Cypress Mill
346472100,4499638,ny,D'Hanis
346472562,4499644,ny,Daingerfield
346472639,4499645,ny,Daisetta
346473024,4499650,ny,Dallas
346473409,4499655,ny,Dalworthington Gardens
346473563,4499657,ny,Damoni
346473640,4499658,ny,Danbury
346475257,4499679,ny,Dawson
346475334,4499680,ny,Dayton
346475411,4499681,ny,Dayton Lakes
346475642,4499684,ny,De Kalb
346475950,4499688,ny,De Leon
346476181,4499691,ny,DeCordova
346476258,4499692,ny,DeSoto
346476412,4499694,ny,Dean
346476566,4499696,ny,Deanville
346476643,4499697,ny,Decatur
346476951,4499701,ny,Deer Park
346477182,4499704,ny,Del Mar Heights
346477490,4499708,ny,Del Sol Colonia
346478029,4499715,ny,Delmita
346478876,4499726,ny,Dennis
346478953,4499727,ny,Denison
346479030,4499728,ny,Denton
346479184,4499730,ny,Deport
346479877,4499739,ny,Detroit
346480031,4499741,ny,Devers
346480339,4499745,ny,Deweyville
346481340,4499758,ny,Diboll
346481571,4499761,ny,Dickinson
346482264,4499770,ny,Dime Box
346483958,4499792,ny,Dodd City
346484266,4499796,ny,Doffing
346484651,4499801,ny,Domino
346484959,4499805,ny,Donna
346485113,4499807,ny,Doolittle
346485267,4499809,ny,Dorchester
346485960,4499818,ny,Double Oak
346486268,4499822,ny,Douglassville
346486807,4499829,ny,Doyle
346486884,4499830,ny,Doyle
346487577,4499839,ny,Driftwood
346487731,4499841,ny,\N
346487808,4499842,ny,Driscoll
346488193,4499847,ny,Dublin
346488424,4499850,ny,Dude Hill Number 1 Colonia
346489348,4499862,ny,Duncanville
346489733,4499867,ny,Duplex
346490580,4499878,ny,Eagle Lake
346490657,4499879,ny,Eagle Mountain
346490811,4499881,ny,Early
346491119,4499885,ny,East Bernard
346491504,4499890,ny,East Columbia
346492120,4499898,ny,East Mountain
346492582,4499904,ny,East Tawakoni
346492967,4499909,ny,Eastland
346493121,4499911,ny,Easton
346494122,4499924,ny,Ector
346494199,4499925,ny,Edcouch
346494353,4499927,ny,Edeni
346494738,4499932,ny,Edgecliff Village
346495046,4499936,ny,Edgewater-Paisano
346495123,4499937,ny,Edgewood
346495354,4499940,ny,Edinburg
346495585,4499943,ny,Edroy
346495739,4499945,ny,Edom
346496894,4499960,ny,El Camino Angosto
346497048,4499962,ny,El Campo
346497433,4499967,ny,El Cenizo
346497510,4499968,ny,El Cenizo Colonia
346498280,4499978,ny,El Lago
346499127,4499989,ny,El Refugio
346499204,4499990,ny,El Refugio Colonia
346500590,4500008,ny,Electra
346500744,4500010,ny,Elgin
346500821,4500011,ny,Elbert
346501283,4500017,ny,Elkhart
346501514,4500020,ny,Ellinger
346502746,4500036,ny,Elmendorf
346503362,4500044,ny,Elmo
346503516,4500046,ny,Elsa
346504363,4500057,ny,Emhouse
346504671,4500061,ny,Emory
346504825,4500063,ny,Encantada-Ranchito-El Calaboz
346504902,4500064,ny,Enchanted Oaks
346505056,4500066,ny,Encinal
346505133,4500067,ny,Encino
346506134,4500080,ny,Ennis
346506750,4500088,ny,Enzan
346507058,4500092,ny,Erwin
346507135,4500093,ny,Escobares
346508598,4500112,ny,Euless
346508906,4500116,ny,Eureka
346509060,4500118,ny,Eustace
346509137,4500119,ny,Evadale
346509291,4500121,ny,Evant
346509522,4500124,ny,\N
346509676,4500126,ny,Everman
346510985,4500143,ny,Fair Oaks Ranch
346511139,4500145,ny,Fairchilds
346511216,4500146,ny,Fairfield
346511678,4500152,ny,Fairview
346511832,4500154,ny,Fairview
346512140,4500158,ny,Fairview
346512371,4500161,ny,Falcon Heights
346512525,4500163,ny,Falcon Lake Estates
346512602,4500164,ny,Falcon Mesa
346512756,4500166,ny,Falcon Village
346512910,4500168,ny,Falfurrias
346513218,4500172,ny,Falls City
346513295,4500173,ny,Fannett
346513680,4500178,ny,Farmers Branch
346513834,4500180,ny,Farmersville
346514219,4500185,ny,Fate
346514604,4500190,ny,Fayetteville
346514758,4500192,ny,Faysville
346515374,4500200,ny,Ferris
346515836,4500206,ny,Fifth Street
346517145,4500223,ny,Flat
346517376,4500226,ny,Flatonia
346518300,4500238,ny,Florence
346518762,4500244,ny,Floresville
346518993,4500247,ny,Flowella
346519147,4500249,ny,Flower Mound
346520533,4500267,ny,Forest Heights
346520687,4500269,ny,Forest Hill
346520918,4500272,ny,Forney
346520995,4500273,ny,Forreston
346521226,4500276,ny,Fort Gates
346521688,4500282,ny,Fort Worth
346522458,4500292,ny,Makona anayi
346523151,4500301,ny,Fowlerton
346524152,4500314,ny,Franklin
346524229,4500315,ny,Frankston
346524460,4500318,ny,Fredericksburg
346524922,4500324,ny,Freeneytown
346524999,4500325,ny,Freeport
346525076,4500326,ny,Freer
346525307,4500329,ny,Frelsburg
346525461,4500331,ny,Fresno
346526693,4500347,ny,Friendswood
346527155,4500353,ny,Frisco
346527463,4500357,ny,Fronton
346527694,4500360,ny,Frost
346527925,4500363,ny,Fruitvale
346528387,4500369,ny,Fulshear
346528464,4500370,ny,Fulton
346529003,4500377,ny,Gainesville
346529465,4500383,ny,Gallatin
346529927,4500389,ny,Galveston
346530081,4500391,ny,Ganado
346530235,4500393,ny,Garceno
346530389,4500395,ny,Garciasville
346530543,4500397,ny,Garden Ridge
346530697,4500399,ny,Gardendale
346530851,4500401,ny,Garfield
346531005,4500403,ny,Garland
346531082,4500404,ny,Garner
346531236,4500406,ny,Garrett
346531390,4500408,ny,Garrison
346531544,4500410,ny,Garwood
346531698,4500412,ny,Gary City
346532622,4500424,ny,Gatesville
346532699,4500425,ny,Gause
346533469,4500435,ny,George West
346533700,4500438,ny,Georgetown
346534008,4500442,ny,Geronimo
346534085,4500443,ny,Gholson
346534316,4500446,ny,Giddings
346534932,4500454,ny,Gilmer
346535240,4500458,ny,Givens
346535317,4500459,ny,Gladewater
346535548,4500462,ny,Gladstell
346536549,4500475,ny,Glen Rose
346536780,4500478,ny,Glenn Heights
346537088,4500482,ny,Glidden
346537165,4500483,ny,Globe
346537550,4500488,ny,Godley
346537781,4500491,ny,Golide
346537858,4500492,ny,Golden Acres
346538089,4500495,ny,Goldthwaite
346538243,4500497,ny,Goliad
346538320,4500498,ny,Golinda
346538551,4500501,ny,Gonzales
346539475,4500513,ny,Goodlow Park
346539629,4500515,ny,Goodrich
346540091,4500521,ny,Gordon
346540399,4500525,ny,Gore
346540476,4500526,ny,Gorman
346541400,4500538,ny,Graford
346541477,4500539,ny,Graham
346541631,4500541,ny,Granada Estates Colonia
346541708,4500542,ny,Granbury
346542016,4500546,ny,Grand Prairie
346542093,4500547,ny,Grand Saline
346542247,4500549,ny,Grandview
346542324,4500550,ny,Granger
346542401,4500551,ny,Grangerland
346542478,4500552,ny,Granite Shoals
346542555,4500553,ny,Granjeno
346542709,4500555,ny,Grapeland
346542863,4500557,ny,Grapevine
346543402,4500564,ny,Grayburg
346543633,4500567,ny,Grays Prairie
346543710,4500568,ny,Greatwood
346544018,4500572,ny,Green Valley
346544172,4500574,ny,Green Valley Farms
346544557,4500579,ny,Greens Crossing
346544634,4500580,ny,Greenview
346544711,4500581,ny,Greenville
346545327,4500589,ny,Gregory
346545481,4500591,ny,Grey Forest
346546020,4500598,ny,Groesbeck
346546328,4500602,ny,Groves
346546405,4500603,ny,Groveton
346547175,4500613,ny,Guerra
346548176,4500626,ny,Gun Barrel City
346548407,4500629,ny,Gunter
346548484,4500630,ny,Gunter
346548638,4500632,ny,Gustine
346549023,4500637,ny,H and B Colonia
346549639,4500645,ny,Hackberry
346549716,4500646,ny,Hackberry
346550255,4500653,ny,Hainesville
346550563,4500657,ny,Hallettsville
346550717,4500659,ny,Halls Bluff
346550794,4500660,ny,Hallsburg
346550871,4500661,ny,Hallsville
346551102,4500664,ny,Haltom City
346551256,4500666,ny,Hamilton
346551718,4500672,ny,Hamshire
346551872,4500674,ny,Handley
346552796,4500686,ny,Hardin
346553027,4500689,ny,Hargill
346553181,4500691,ny,Harker Heights
346553489,4500695,ny,Harlingen
346553566,4500696,ny,Harmel Colonia
346554182,4500704,ny,Harmony
346554413,4500707,ny,Harper
346554567,4500709,ny,Harpersville
346555106,4500716,ny,Harrold
346555799,4500725,ny,Harwood
346556030,4500728,ny,Haskell
346556184,4500730,ny,Haslet
346556646,4500736,ny,Havana
346556877,4500739,ny,Havana Lomas Number 3 Colonia
346557185,4500743,ny,Hawk Cove
346557262,4500744,ny,Hawkins
346557570,4500748,ny,Hawthorn
346557647,4500749,ny,Hawley
346557724,4500750,ny,Hayford Crossing
346557878,4500752,ny,Hays
346558417,4500759,ny,Hearne
346558494,4500760,ny,Heath
346558648,4500762,ny,Hebron
346558725,4500763,ny,Hebbronville
346559033,4500767,ny,Heidelberg
346559341,4500771,ny,Heldnfelt
346559649,4500775,ny,Helotes
346559803,4500777,ny,Hemphill
346559880,4500778,ny,Hempstead
346560188,4500782,ny,Henrietta
346561035,4500793,ny,Hewitt
346561343,4500797,ny,Hickory Creek
346561882,4500804,ny,Hico
346561959,4500805,ny,Hidalgo
346562498,4500812,ny,Hideaway
346563653,4500827,ny,Highland Haven
346563807,4500829,ny,Mudzi wa Highland
346563961,4500831,ny,Highlands
346564731,4500841,ny,Hilger
346565039,4500845,ny,Hillcrest
346565424,4500850,ny,Hills
346565578,4500852,ny,Hillsboro
346565886,4500856,ny,Hilltop
346566194,4500860,ny,Hilltop Colonia
346566425,4500863,ny,Hilltop Lakes
346567041,4500871,ny,Hitchcock
346567195,4500873,ny,\N
346568581,4500891,ny,Holiday Beach
346568658,4500892,ny,Holiday Lakes
346568735,4500893,ny,Holland
346568889,4500895,ny,Holliday
346570198,4500912,ny,Hondomachi-hondo
346570429,4500915,ny,Honey Grove
346570660,4500918,ny,Hooks
346570814,4500920,ny,Hoop and Holler
346571584,4500930,ny,Hornsby Bend
346571661,4500931,ny,Horseshoe Bay
346572508,4500942,ny,Houston
346572816,4500946,ny,Momwe
346573124,4500950,ny,Hoxie
346573355,4500953,ny,Hubbard
346573586,4500956,ny,Huckabay
346573663,4500957,ny,Hudson
346573740,4500958,ny,Hudson
346573817,4500959,ny,Hudson Bend
346574048,4500962,ny,Hudson Oaks
346574741,4500971,ny,Hughes Springs
346574818,4500972,ny,Hull
346574972,4500974,ny,Humble
346575203,4500977,ny,Hume
346575280,4500978,ny,Hungerford
346575511,4500981,ny,Huntington
346575588,4500982,ny,Huntsville
346575819,4500985,ny,Hurst
346576050,4500988,ny,Hutchins
346576127,4500989,ny,Hutto
346576204,4500990,ny,Huxley
346576281,4500991,ny,Hyatt
346576358,4500992,ny,Hye
346576589,4500995,ny,Iago
346577051,4501001,ny,Impact
346577590,4501008,ny,Indian Hills
346577744,4501010,ny,Indian Lake
346578206,4501016,ny,Industry
346578283,4501017,ny,Inez
346578360,4501018,ny,Ingle-Doolittle Colonia
346578437,4501019,ny,Ingleside
346578514,4501020,ny,Ingleside On-the-Bay
346578591,4501021,ny,Ingram
346579130,4501028,ny,Iola
346579284,4501030,ny,Iowa Colony
346579361,4501031,ny,Iowa Park
346579515,4501033,ny,Iredell
346579900,4501038,ny,Irving
346580285,4501043,ny,Israeli
346580439,4501045,ny,Italy
346580516,4501046,ny,Itasca
346580747,4501049,ny,Ivanhoe
346581363,4501057,ny,J and E Junction
346581517,4501059,ny,Jacksboro
346581594,4501060,ny,Jackson
346582056,4501066,ny,Jacksonville
346582210,4501068,ny,Jacobia
346582595,4501073,ny,Jamaica Beach
346583288,4501082,ny,Jarrell
346583442,4501084,ny,Jasper
346583981,4501091,ny,Jefferson
346584597,4501099,ny,Jersey Village
346584982,4501104,ny,Jewett
346585136,4501106,ny,Joaquin
346585521,4501111,ny,Johns Valley Colonia
346585675,4501113,ny,Johnson City
346586214,4501120,ny,Jolly
346586599,4501125,ny,Jones Creek
346586830,4501128,ny,Jonestown
346587446,4501136,ny,Josephine
346587523,4501137,ny,Yoswa
346587831,4501141,ny,Jourdanton
346588601,4501151,ny,Junction
346588755,4501153,ny,Justin
346588832,4501154,ny,K-Bar Ranch
346589602,4501164,ny,Karnes City
346589756,4501166,ny,Katemcy
346589833,4501167,ny,Kaufman
346589910,4501168,ny,Kati
346590603,4501177,ny,Keene
346590911,4501181,ny,Keller
346591527,4501189,ny,Kemah
346591604,4501190,ny,Kemp
346591758,4501192,ny,Kendleton
346591835,4501193,ny,Kenedy
346591912,4501194,ny,Kenefick
346591989,4501195,ny,Kennard
346592066,4501196,ny,Kennedale
346592143,4501197,ny,Kempner
346592220,4501198,ny,Kennemer Crossing
346592682,4501204,ny,Kentucky Town
346592913,4501207,ny,Kerens
346592990,4501208,ny,Kerrville
346593144,4501210,ny,Kiam
346593529,4501215,ny,Kilgore
346593683,4501217,ny,Killeen
346594145,4501223,ny,Kingsbury
346594222,4501224,ny,Kingsland
346594376,4501226,ny,Kingsville
346594838,4501232,ny,Kirbyville
346594992,4501234,ny,Kirvin
346595223,4501237,ny,Klondike
346595531,4501241,ny,Knippa
346595839,4501245,ny,Knollwood
346595916,4501246,ny,Knox City
346596455,4501253,ny,Komensky
346596609,4501255,ny,Starbase
346596686,4501256,ny,Kopperl
346596763,4501257,ny,Kosciusko
346596840,4501258,ny,Kosse
346597148,4501262,ny,Kountze
346597379,4501265,ny,Kristi Estates Number 1 Colonia
346597456,4501266,ny,Krugerville
346597533,4501267,ny,Krum
346597687,4501269,ny,Kurten
346597764,4501270,ny,Kyle
346598611,4501281,ny,La Blanca
346599150,4501288,ny,La Casita
346599612,4501294,ny,La Coste
346599920,4501298,ny,La Feria
346600074,4501300,ny,La Feria North
346600459,4501305,ny,La Grange
346600536,4501306,ny,La Grulla
346600921,4501311,ny,La Homa
346601922,4501324,ny,La Joya
346602384,4501330,ny,La Marque
346603000,4501338,ny,La Paloma
346603077,4501339,ny,La Paloma Addition Colonia
346603847,4501349,ny,La Ponderosa Colonia
346603924,4501350,ny,La Porte
346604001,4501351,ny,La Presa
346604155,4501353,ny,La Pryor
346604232,4501354,ny,La Puerta
346604617,4501359,ny,La Rosita
346604694,4501360,ny,La Salle
346604925,4501363,ny,La Tina Ranch
346605002,4501364,ny,La Vernia
346605079,4501365,ny,La Victoria
346605156,4501366,ny,La Villa
346605233,4501367,ny,La Ward
346605387,4501369,ny,LaRue
346605772,4501374,ny,Lacy Lakeview
346606157,4501379,ny,Ladonia
346606234,4501380,ny,Lago
346606542,4501384,ny,Lago Vista
346606619,4501385,ny,Lago Vista Colonia
346606850,4501388,ny,Laguna Heights
346606927,4501389,ny,Laguna Park
346607081,4501391,ny,Laguna Seca
346607158,4501392,ny,Laguna Vista
346607235,4501393,ny,Laird Hill
346607389,4501395,ny,Lake Bridgeport
346607466,4501396,ny,Lake Brownwood
346607620,4501398,ny,Lake City
346607928,4501402,ny,Lake Dallas
346608159,4501405,ny,Lake Jackson
346608313,4501407,ny,Lake Kiowa
346608698,4501412,ny,Lake Dunlap
346609160,4501418,ny,Lake Worth
346609314,4501420,ny,Lakehills
346609699,4501425,ny,Lakeport
346610161,4501431,ny,Lakeside
346610238,4501432,ny,Lakeside City
346611162,4501444,ny,Lakeway
346611393,4501447,ny,Zithunzi za Lakewood Heights
346611470,4501448,ny,Lakewood Village
346611547,4501449,ny,Lamar
346612086,4501456,ny,Lampasas
346612240,4501458,ny,Lancaster
346613703,4501477,ny,Laredo Ranchettes
346614011,4501481,ny,Laredo
346614396,4501486,ny,Fraccionamiento Privadas del Valle
346615243,4501497,ny,Las Lomas
346615320,4501498,ny,El Huizache (Las Jaritas)
346615705,4501503,ny,Las Palmas
346616398,4501512,ny,Las Yescas
346616475,4501513,ny,Lasana
346616629,4501515,ny,Lasara
346616860,4501518,ny,Latexo
346617168,4501522,ny,Laureles
346617322,4501524,ny,Lavon
346617553,4501527,ny,Lavon Beach Estates
346617630,4501528,ny,Lawn
346617707,4501529,ny,Lawrence
346618246,4501536,ny,League City
346618400,4501538,ny,Leakey
346618708,4501542,ny,Leander
346618785,4501543,ny,Leary
346619324,4501550,ny,Lesburg
346619401,4501551,ny,Leesville
346619940,4501558,ny,Leming
346620710,4501568,ny,Leonard
346620787,4501569,ny,Leona
346620941,4501571,ny,Leroy
346621326,4501576,ny,Lewisville
346621480,4501578,ny,Lexington
346621788,4501582,ny,Liberty
346622173,4501587,ny,Liberty City
346622712,4501594,ny,Liberty Hill
346623251,4501601,ny,Lincoln Park
346623482,4501604,ny,Lindale
346623559,4501605,ny,Lindberg
346623636,4501606,ny,Linden
346623944,4501610,ny,Lindsay
346624021,4501611,ny,Lingleville
346624175,4501613,ny,Linn
346624406,4501616,ny,Lipan
346624714,4501620,ny,Little Cypress
346624868,4501622,ny,Little Elm
346625022,4501624,ny,Little Lake Acres Colonia
346625330,4501628,ny,Little River-Academy
346625484,4501630,ny,Live Oak
346625638,4501632,ny,Live Oak Mobil Home Park Colonia
346625946,4501636,ny,Liverpool
346626023,4501637,ny,Livingston
346626100,4501638,ny,Llano
346626177,4501639,ny,Llano Grande
346626485,4501643,ny,Lockett
346626562,4501644,ny,Lockhart
346626716,4501646,ny,Lodi
346626947,4501649,ny,Log Cabin
346627409,4501655,ny,Lolita
346627794,4501660,ny,Loma Grande Colonia
346627871,4501661,ny,Loma Linda Colonia
346627948,4501662,ny,Loma Linda East Colonia
346628641,4501671,ny,Lometa
346628718,4501672,ny,London
346629103,4501677,ny,Lone Oak
346629180,4501678,ny,Lone Oak
346629334,4501680,ny,Lone Oak
346629950,4501688,ny,Lone Star
346630027,4501689,ny,Lone Star
346630797,4501699,ny,Long Point
346631105,4501703,ny,Longview
346631336,4501706,ny,Lopeno
346631490,4501708,ny,Lopezville
346631567,4501709,ny,Lorena
346631721,4501711,ny,Los Altos Colonia
346631798,4501712,ny,Los Alvarez
346631952,4501714,ny,Los Angeles
346632029,4501715,ny,Los Barreras
346632568,4501722,ny,Los Ebanos
346632645,4501723,ny,Los Ebanos Colonia
346633030,4501728,ny,Los Fresnos
346633338,4501732,ny,Los Indios
346634955,4501753,ny,Lost Creek
346635109,4501755,ny,Lott
346635417,4501759,ny,Louise
346635725,4501763,ny,Lovelady
346635879,4501765,ny,Loving
346635956,4501766,ny,Lowry Crossing
346636110,4501768,ny,Loyal Valley
346636264,4501770,ny,Lozano
346636341,4501771,ny,Lucas
346636649,4501775,ny,Lueders
346636726,4501776,ny,Luella
346636803,4501777,ny,Lufkin
346636957,4501779,ny,Luling
346637111,4501781,ny,Lumberton
346637881,4501791,ny,Lyford
346638189,4501795,ny,Lyons
346638420,4501798,ny,Lytle
346638959,4501805,ny,Mabank
346639190,4501808,ny,Macdona
346639960,4501818,ny,Madero
346640037,4501819,ny,Madisonville
346640422,4501824,ny,Magnolia
346640576,4501826,ny,Magnolia Beach
346641500,4501838,ny,Malakoff
346641654,4501840,ny,Malone
346641962,4501844,ny,Manchaca
346642655,4501853,ny,Manor
346642732,4501854,ny,Mansfield
346643194,4501860,ny,Manvel
346643656,4501866,ny,Marble Falls
346644195,4501873,ny,Marietta
346644426,4501876,ny,Marion
346644580,4501878,ny,Markham
346644888,4501882,ny,Marlin
346645119,4501885,ny,Marquez
346645273,4501887,ny,Marshall
346645350,4501888,ny,Marshall Creek
346645427,4501889,ny,Marshall Springs
346645581,4501891,ny,Mart
346645966,4501896,ny,Martindale
346646043,4501897,ny,Martinez
346646813,4501907,ny,Mason
346647506,4501916,ny,Matagorda
346647583,4501917,ny,Mathis
346647737,4501919,ny,Matt Colonia
346647891,4501921,ny,Mattox
346648045,4501923,ny,Maud
346648199,4501925,ny,Mauriceville
346648661,4501931,ny,Maxwell Crossing
346648738,4501932,ny,Mayi
346649354,4501940,ny,Mayo
346649431,4501941,ny,Maypearl
346649585,4501943,ny,Maysfield
346649739,4501945,ny,McAllen
346650432,4501954,ny,McDade
346650586,4501956,ny,McDaniel Colonia
346651048,4501962,ny,McGregor
346651279,4501965,ny,McKinney
346651510,4501968,ny,McLendon-Chisholm
346651587,4501969,ny,McLeod
346652203,4501977,ny,McQueeney
346652588,4501982,ny,Meadowlakes
346652665,4501983,ny,Meadows Place
346652973,4501987,ny,Medill
346653050,4501988,ny,Madina
346653127,4501989,ny,Madina
346653358,4501992,ny,Megargel
346653666,4501996,ny,Melissa
346653897,4501999,ny,Melvin
346653974,4502000,ny,Menard
346654282,4502004,ny,Mentz
346654359,4502005,ny,Mercedes
346654513,4502007,ny,Meridian
346654590,4502008,ny,Merit
346654975,4502013,ny,Mertens
346655052,4502014,ny,Mesquite
346655668,4502022,ny,Mexia
346656438,4502032,ny,Midfield
346656592,4502034,ny,Midlothian
346656746,4502036,ny,Midway
346657516,4502046,ny,Midway
346657747,4502049,ny,Midway
346658209,4502055,ny,Midway North
346658286,4502056,ny,Midway South
346658825,4502063,ny,Mila Doce
346658979,4502065,ny,Milam
346659056,4502066,ny,Milano
346659210,4502068,ny,Mildred
346659364,4502070,ny,Milford
346659826,4502076,ny,Millers Cove
346660134,4502080,ny,Millican
346660365,4502083,ny,Millsap
346661058,4502092,ny,Minden
346661135,4502093,ny,Mineola
346661443,4502097,ny,Mineral Wells
346661751,4502101,ny,Mingus
346661905,4502103,ny,Minnie Fenton Colonia
346662136,4502106,ny,Mirando City
346662444,4502110,ny,Mission
346662521,4502111,ny,Mission Bend
346662752,4502114,ny,Missouri City
346663214,4502120,ny,Mobile City
346663291,4502121,ny,Moffat
346663907,4502129,ny,Monkstown
346663984,4502130,ny,Mont
346664061,4502131,ny,Mont Belvieu
346664138,4502132,ny,Montague
346664523,4502137,ny,Monte Alto
346664831,4502141,ny,Monte Cristo Hills Colonia
346665370,4502148,ny,Montgomery
346665601,4502151,ny,Moody
346665832,4502154,ny,Moore
346666294,4502160,ny,Moore Station
346666910,4502168,ny,Moran
346667218,4502172,ny,Morgan
346667449,4502175,ny,Morgan Farm Colonia
346667757,4502179,ny,Morgans Point
346667834,4502180,ny,Morgans Point Resort
346668296,4502186,ny,Morris Ranch
346669220,4502198,ny,Moulton
346669297,4502199,ny,Mound
346669451,4502201,ny,Mound Prairie
346669605,4502203,ny,Mount Calm
346669682,4502204,ny,Mount Enterprise
346670606,4502216,ny,Mount Pleasant
346670914,4502220,ny,Phiri la Vernon
346671222,4502224,ny,Mountain City
346672300,4502238,ny,Muenster
346672608,4502242,ny,Muldoon
346672685,4502243,ny,Mullin
346672916,4502246,ny,Munday
346673070,4502248,ny,Muniz
346673532,4502254,ny,Murchison
346673609,4502255,ny,Murillo Colonia
346673686,4502256,ny,Murphy
346674148,4502262,ny,Mustang
346674302,4502264,ny,Mustang Ridge
346674379,4502265,ny,Mayira
346674456,4502266,ny,Myrtle Springs
346674610,4502268,ny,Nacogdoches
346674687,4502269,ny,Nadeau
346674764,4502270,ny,Nada
346674841,4502271,ny,Nameless
346675149,4502275,ny,Naples
346675380,4502278,ny,Nash
346675457,4502279,ny,Nash
346675534,4502280,ny,Nassau Bay
346675611,4502281,ny,Navarro
346675765,4502283,ny,Navasota
346676304,4502290,ny,Neches
346676381,4502291,ny,Nederland
346676612,4502294,ny,Needville
346677613,4502307,ny,Nesbitt
346677690,4502308,ny,Nesbitt
346677844,4502310,ny,Nevada
346677998,4502312,ny,New Berlin
346678306,4502316,ny,New Boston
346678383,4502317,ny,New Braunfels
346678614,4502320,ny,New Caney
346678691,4502321,ny,New Chapel Hill
346679615,4502333,ny,Chiyembekezo Chatsopano
346680616,4502346,ny,New London
346681155,4502353,ny,New Summerfield
346681232,4502354,ny,New Sweden
346681463,4502357,ny,New Ulm
346681540,4502358,ny,New Waverly
346681848,4502362,ny,Newark
346682156,4502366,ny,Newcastle
346682695,4502373,ny,Newton
346682849,4502375,ny,Neylandville
346683311,4502381,ny,Niederwald
346683465,4502383,ny,Nimrod
346683850,4502388,ny,Nixon
346684235,4502393,ny,Nocona
346684389,4502395,ny,Nolanville
346684774,4502400,ny,Noonday
346684928,4502402,ny,Nome
346685005,4502403,ny,Nordheim
346685313,4502407,ny,Normangee
346685390,4502408,ny,Normanna
346685775,4502413,ny,North Alamo
346686237,4502419,ny,North Cleveland
346686314,4502420,ny,North Country Estates Colonia
346686699,4502425,ny,North Escobares
346687392,4502434,ny,North Lakeshore Gardens Colonia
346687623,4502437,ny,North Pearsall
346687854,4502440,ny,North Richland Hills
346687931,4502441,ny,North San Pedro
346688547,4502449,ny,Northcrest
346688701,4502451,ny,Northlake
346689240,4502458,ny,Novice
346689317,4502459,ny,Novice
346689471,4502461,ny,Nottawa
346690241,4502471,ny,Nurillo
346690395,4502473,ny,Nye
346690549,4502475,ny,O'Brien
346691858,4502492,ny,Oak Grove
346692397,4502499,ny,Oak Island
346692474,4502500,ny,Oak Leaf
346692551,4502501,ny,Oak Point
346692628,4502502,ny,Oak Ridge
346692782,4502504,ny,Oak Ridge
346692859,4502505,ny,Oak Ridge
346692936,4502506,ny,Oak Ridge North
346693090,4502508,ny,Oak Trail Shores
346693167,4502509,ny,Oak Valley
346693629,4502515,ny,Oakhurst
346694399,4502525,ny,Mtengo wa Oakwood
346695169,4502535,ny,Odem
346695631,4502541,ny,Oglesby
346695785,4502543,ny,Oilla
346695862,4502544,ny,Oilton
346696093,4502547,ny,Oklaunion
346697941,4502571,ny,Old River-Winfree
346698634,4502580,ny,Olden
346699096,4502586,ny,Olivarez
346700482,4502604,ny,Olmito
346700867,4502609,ny,Olney
346701021,4502611,ny,Omaha
346701175,4502613,ny,Onalaska
346701714,4502620,ny,Orange
346701791,4502621,ny,Orange Acres Colonia
346701945,4502623,ny,Orange Grove
346702253,4502627,ny,Orangefield
346702407,4502629,ny,Orason Acres Colonia
346702484,4502630,ny,Orchard
346702561,4502631,ny,Ore City
346702869,4502635,ny,Orelia
346703100,4502638,ny,Orvil
346703331,4502641,ny,Osceola
346703870,4502648,ny,Overton
346703947,4502649,ny,Ovilla
346704948,4502662,ny,Owlett Green
346705102,4502664,ny,Oyster Creek
346705333,4502667,ny,Padgett
346705410,4502668,ny,Paige
346705641,4502671,ny,Paint Rock
346705718,4502672,ny,Paisano Park Colonia
346705795,4502673,ny,Palacios
346706026,4502676,ny,Palestine
346706873,4502687,ny,Palm Lake Estates Nambala 3 Colonia
346707027,4502689,ny,Palm Valley
346707104,4502690,ny,Palma Alta Colonia
346707412,4502694,ny,Palmer
346707874,4502700,ny,Palmhurst
346708105,4502703,ny,Palmview
346708259,4502705,ny,Palmview South
346708567,4502709,ny,Palo Pinto
346709260,4502718,ny,Panorama Village
346709337,4502719,ny,Pantego
346709568,4502722,ny,Paradaiso
346709876,4502726,ny,Paris
346710261,4502731,ny,Parker
346710877,4502739,ny,Pasadena
346711570,4502748,ny,Pattison
346711647,4502749,ny,Patton Village
346712186,4502756,ny,Pawuni
346712417,4502759,ny,Payne Springs
346712725,4502763,ny,Peach Creek
346713264,4502770,ny,Pearland
346713341,4502771,ny,Pearsall
346713726,4502776,ny,Peaster
346713803,4502777,ny,Peavy
346713957,4502779,ny,Pecan Acres
346714111,4502781,ny,Pecan Grove
346714265,4502783,ny,Pecan Hill
346714342,4502784,ny,Pecan Gap
346714419,4502785,ny,Pecan Plantation
346715343,4502797,ny,Pelican Bay
346715728,4502802,ny,Pendleton
346715805,4502803,ny,Penelope
346715959,4502805,ny,Penitas
346716498,4502812,ny,Perezville
346716652,4502814,ny,Pernitas Point
346716729,4502815,ny,Perrin
346717114,4502820,ny,Personville
346717653,4502827,ny,Petrolia
346717730,4502828,ny,Petronila
346718038,4502832,ny,Pettus
346718115,4502833,ny,\N
346718423,4502837,ny,Pflugerville
346718654,4502840,ny,Pharr
346720040,4502858,ny,Pilot Point
346720194,4502860,ny,Pin Oak
346720502,4502864,ny,Pine Forest
346720579,4502865,ny,Pine Forest
346720656,4502866,ny,Pine Grove
346721272,4502874,ny,Pine Island
346721965,4502883,ny,Pinehurst
346722042,4502884,ny,Pinehurst
346722119,4502885,ny,Pineland
346722273,4502887,ny,Pinewood Estates
346722658,4502892,ny,Pipe Creek
346723043,4502897,ny,Pittsburgh
346723120,4502898,ny,Pittsville
346723197,4502899,ny,Placedo
346723351,4502901,ny,Plain
346723582,4502904,ny,Plainview
346723890,4502908,ny,Plano
346724044,4502910,ny,Plantersville
346724121,4502911,ny,Platt
346724198,4502912,ny,Pleak
346724660,4502918,ny,Pleasant Grove
346725199,4502925,ny,Pleasant Hill
346725661,4502931,ny,Pleasant Valley
346725815,4502933,ny,Pleasant Valley
346725969,4502935,ny,Pleasanton
346726354,4502940,ny,Plum
346726508,4502942,ny,Plum Grove
346726585,4502943,ny,Plum Grove
346727047,4502949,ny,Point Comfort
346727278,4502952,ny,Point Venture
346727355,4502953,ny,Pointblank
346727432,4502954,ny,Point
346727663,4502957,ny,Ponder
346728048,4502962,ny,Poolville
346728664,4502970,ny,Morelos (Trancas)
346728741,4502971,ny,Port Arthur
346728818,4502972,ny,Port Bolivar
346728972,4502974,ny,Port Harlingen
346729126,4502976,ny,Port Isabel
346729203,4502977,ny,Port Lavaca
346729280,4502978,ny,Port Mansfield
346729357,4502979,ny,Port Morris
346729434,4502980,ny,Port Neches
346729511,4502981,ny,Port O'Connor
346729665,4502983,ny,Porter
346729742,4502984,ny,Porter Heights
346729896,4502986,ny,Portland
346730435,4502993,ny,Post Oak Bend
346730512,4502994,ny,Post Oak Bend City
346730897,4502999,ny,Poteet
346730974,4503000,ny,Poth
346731051,4503001,ny,Potosi
346731128,4503002,ny,Pottsboro
346731282,4503004,ny,Powderly
346731436,4503006,ny,Powell
346731667,4503009,ny,Poynor
346731744,4503010,ny,Praesel
346731975,4503013,ny,Prairie Grove
346732591,4503021,ny,Prairie View
346733053,4503027,ny,Preble
346733130,4503028,ny,Premont
346733284,4503030,ny,Preston
346733592,4503034,ny,Priddy
346733823,4503037,ny,Primera
346733977,4503039,ny,Princeton
346734131,4503041,ny,Proctor
346734362,4503044,ny,Progreso
346734439,4503045,ny,Progreso Lakes
346734747,4503049,ny,Prosper
346735440,4503058,ny,Pueblo Nuevo Colonia
346736518,4503072,ny,Putnam
346736595,4503073,ny,Quanah
346736672,4503074,ny,Quarry
346736826,4503076,ny,Queen City
346736980,4503078,ny,Quesada Colonia
346737211,4503081,ny,Quiney
346737365,4503083,ny,Quinlan
346737519,4503085,ny,Quintana
346737750,4503088,ny,Quitman
346739521,4503111,ny,Raisin
346739829,4503115,ny,Ramirez
346740214,4503120,ny,Ramireno
346741138,4503132,ny,Ranchette Estates
346741215,4503133,ny,Ranchitos Las Lomas
346741292,4503134,ny,Ranchitos del Norte Colonia
346741446,4503136,ny,Ranchitos las Lomas Number 2 Colonia
346741985,4503143,ny,Rancho Alegre
346742062,4503144,ny,Rancho Banquete
346742216,4503146,ny,Rancho Chico
346742755,4503153,ny,Rancho Viejo
346743140,4503158,ny,Ranchos Penitas West
346743217,4503159,ny,Ranchos Penitas West Colonia
346743448,4503162,ny,Randolph
346743833,4503167,ny,Ranger
346743910,4503168,ny,Rangerville
346744218,4503172,ny,Ratamosa
346744911,4503181,ny,Ravenna
346745373,4503187,ny,Raymondville
346745912,4503194,ny,Realitos
346745989,4503195,ny,Realitos Colonia
346746682,4503204,ny,Red Bluff Crossing
346747452,4503214,ny,Red Lick
346747529,4503215,ny,Red Oak
346747683,4503217,ny,Red River City
346747760,4503218,ny,Red Rock
346748068,4503222,ny,Redbank
346748145,4503223,ny,Redfield
346748299,4503225,ny,Redland
346748453,4503227,ny,Redland
346748684,4503230,ny,Redwater
346748761,4503231,ny,Redwood
346749300,4503238,ny,El Refugio
346749762,4503244,ny,Rehburg
346749839,4503245,ny,Reid Hope King
346750301,4503251,ny,Reklaw
346750378,4503252,ny,Relampago
346750763,4503257,ny,Vendone
346750840,4503258,ny,Reno
346750917,4503259,ny,Reno
346751148,4503262,ny,Retreat
346751302,4503264,ny,Rexville
346751918,4503272,ny,Rhome
346752072,4503274,ny,Ricardo
346752149,4503275,ny,Mpunga
346752457,4503279,ny,Richards
346752534,4503280,ny,Richardson
346752611,4503281,ny,Richland
346752765,4503283,ny,Richland Hills
346752842,4503284,ny,Richland Springs
346752919,4503285,ny,Richmond
346752996,4503286,ny,Richwood
346753227,4503289,ny,Riderville
346753920,4503298,ny,Riesel
346753997,4503299,ny,Rincon
346754074,4503300,ny,Ringgold
346754151,4503301,ny,Rio Bravo
346754459,4503305,ny,Rio Grande City
346754536,4503306,ny,Rio Hondo
346754613,4503307,ny,Rio Rico
346754690,4503308,ny,Rio Vista
346754921,4503311,ny,Rising Star
346755075,4503313,ny,Ritchie
346755229,4503315,ny,River Creek Acres
346755306,4503316,ny,Zithunzi za River Crest Estates
346755460,4503318,ny,Mtsinje Oaks
346755537,4503319,ny,Mtsinje Oaks
346756307,4503329,ny,Riverside
346756461,4503331,ny,Riviera
346756769,4503335,ny,Roanoke
346757077,4503339,ny,Robertson
346757231,4503341,ny,Robinson
346757462,4503344,ny,Robstown
346757616,4503346,ny,Rochelle
346757693,4503347,ny,Rochester
346758001,4503351,ny,Rock House
346758617,4503359,ny,Rockdale
346758694,4503360,ny,Rockdale
346759233,4503367,ny,Rockwall
346759464,4503370,ny,Rockport
346759849,4503375,ny,Rocky Mound
346761004,4503390,ny,Rogers
346761312,4503394,ny,Rogerslacy
346761697,4503399,ny,Rollingwood
346761851,4503401,ny,Roma Creek
346762082,4503404,ny,Roman Forest
346762236,4503406,ny,Roma-Los Saenz
346762775,4503413,ny,Rosanky
346763006,4503416,ny,Rose Hill
346763160,4503418,ny,Rose Hill Acres
346763237,4503419,ny,Rose City
346763314,4503420,ny,Rosebud
346763622,4503424,ny,Rosenberg
346763930,4503428,ny,Rosharon
346764007,4503429,ny,Rosita
346764161,4503431,ny,Ross
346764238,4503432,ny,Rosser
346764777,4503439,ny,Round Mountain
346765085,4503443,ny,Round Rock
346765239,4503445,ny,Round Top
346765470,4503448,ny,Rowlett
346765547,4503449,ny,Roxton
346765855,4503453,ny,Royse City
346766471,4503461,ny,Rule
346766702,4503464,ny,Runaway Bay
346766933,4503467,ny,Runge
346767241,4503471,ny,Rusk
346768627,4503489,ny,Sabinal
346768935,4503493,ny,Sachse
346769089,4503495,ny,Saint Helena
346769243,4503497,ny,Saginaw
346769628,4503502,ny,Saint Hedwig
346769782,4503504,ny,Woyera Yo
346770013,4503507,ny,Paulo Woyera
346770167,4503509,ny,Paulo Woyera
346770321,4503511,ny,Paulo Woyera
346770475,4503513,ny,Salado
346770706,4503516,ny,Saldivar Colonia
346771707,4503529,ny,Saline
346771861,4503531,ny,Salineno
346771938,4503532,ny,Salmoni
346772092,4503534,ny,Salona
346772631,4503541,ny,Sam Rayburn
346772862,4503544,ny,Sample
346773016,4503546,ny,San Antonio
346773170,4503548,ny,San Antonio Viejo
346773247,4503549,ny,San Augustine
346773324,4503550,ny,San Benito
346773401,4503551,ny,San Carlos
346773632,4503554,ny,San Carlos Number 1 Colonia
346773709,4503555,ny,San Carlos Number 2 Colonia
346773786,4503556,ny,San Diego
346773863,4503557,ny,San Felipe
346774248,4503562,ny,San Isidro
346774556,4503566,ny,San Juan
346774710,4503568,ny,San Juan Colonia
346774941,4503571,ny,San Leon
346775018,4503572,ny,San Marcos
346775095,4503573,ny,San Leanna
346775249,4503575,ny,San Patricio
346775326,4503576,ny,San Pedro
346775403,4503577,ny,San Pedro
346775634,4503580,ny,San Perlita
346775942,4503584,ny,San Saba
346776096,4503586,ny,San Ygnacio
346776327,4503589,ny,Sanctuary
346776866,4503596,ny,Sand Ridge
346777097,4503599,ny,Sandia
346777636,4503606,ny,Sandusky
346778175,4503613,ny,Sandy Point
346778329,4503615,ny,Sanger
346778406,4503616,ny,Sansom Park
346778483,4503617,ny,Santa Amalia Colonia
346778560,4503618,ny,Santa Anna
346778637,4503619,ny,Santa Anna
346778791,4503621,ny,Santa Clara
346778945,4503623,ny,Santa Cruz
346779407,4503629,ny,Santa Fe
346779561,4503631,ny,Santa Maria
346779638,4503632,ny,Santa Monica
346779715,4503633,ny,Santa Rosa
346779869,4503635,ny,Santa Rosa Colonia
346780408,4503642,ny,Santo
346780716,4503646,ny,Sarber
346781101,4503651,ny,Sargent
346781178,4503652,ny,Sarita
346781948,4503662,ny,Savoy
346782179,4503665,ny,Sayersville
346782410,4503668,ny,Scenic Oaks
346782641,4503671,ny,Schertz
346782949,4503675,ny,Schroeder
346783180,4503678,ny,Schulenburg
346783257,4503679,ny,Schumannsville
346783334,4503680,ny,Schunior's Colonia
346783411,4503681,ny,Schwab City
346783488,4503682,ny,Schwartz Colonia
346783719,4503685,ny,Scissors
346783950,4503688,ny,Scotland
346784181,4503691,ny,Scottsville
346784643,4503697,ny,Scurry
346784720,4503698,ny,Nyanja Breeze
346784874,4503700,ny,Seabrook
346784951,4503701,ny,Seadrift
346785028,4503702,ny,Seagoville
346785182,4503704,ny,Sealy
346785490,4503708,ny,Sebastian
346786106,4503716,ny,Chitetezo
346786183,4503717,ny,Sedalia
346786568,4503722,ny,Seguin
346786953,4503727,ny,Selma
346787646,4503736,ny,Senterfitt
346787800,4503738,ny,Serenada
346788185,4503743,ny,Zisanu ndi ziwiri za Oaks
346788339,4503745,ny,Seven Points
346788955,4503753,ny,Seymour
346790187,4503769,ny,Shady Hollow
346790341,4503771,ny,Shady Shores
346790418,4503772,ny,Shamrock
346791650,4503788,ny,Sheffield
346791727,4503789,ny,Shelbyville
346791804,4503790,ny,Sheldon
346791881,4503791,ny,Shell Ridge
346791958,4503792,ny,Shenandoah
346792035,4503793,ny,Shepherd
346792189,4503795,ny,Sheridan
346792266,4503796,ny,Sherman
346792728,4503802,ny,Sherwood Shores
346793344,4503810,ny,Shiner
346793652,4503814,ny,Shiro
346793806,4503816,ny,Shoemaker Acres Colonia
346793883,4503817,ny,Shoreacres
346794499,4503825,ny,Sienna Plantation
346794576,4503826,ny,Siesta Shores
346795654,4503840,ny,Silsbee
346796809,4503855,ny,Simonton
346797733,4503867,ny,Sinton
346798118,4503872,ny,Skidmore
346799042,4503884,ny,Smiley
346799812,4503894,ny,Smithville
346800659,4503905,ny,Snook
346801275,4503913,ny,Sodville
346801429,4503915,ny,Solis
346801737,4503919,ny,Somerset
346801814,4503920,ny,Somerville
346802353,4503927,ny,Sour Lake
346802430,4503928,ny,South Alamo
346802969,4503935,ny,South Fork Estates
346803277,4503939,ny,South Houston
346803662,4503944,ny,South Minnesota Road Colonia Number 3
346803739,4503945,ny,South Mountain
346803893,4503947,ny,South Padre Island
346804124,4503950,ny,South Point
346804355,4503953,ny,South Ratliff Street Colonia
346805048,4503962,ny,Southlake
346805202,4503964,ny,Southmayd
346805664,4503970,ny,Sparks
346806434,4503980,ny,Splendora
346806511,4503981,ny,Kasupe
346806588,4503982,ny,Spring Branch
346808205,4504003,ny,Springtown
346808513,4504007,ny,Stacy
346808667,4504009,ny,Stafford
346808744,4504010,ny,Stag Creek
346808821,4504011,ny,Stagecoach
346809052,4504014,ny,Stamford
346809360,4504018,ny,Staples
346809514,4504020,ny,Star Harbor
346810438,4504032,ny,Stephenville
346811516,4504046,ny,Stockdale
346811670,4504048,ny,Stockman
346812132,4504054,ny,Stonewall
346812440,4504058,ny,Stowell
346812594,4504060,ny,Stranger
346812748,4504062,ny,Strawn
346812902,4504064,ny,Streetman
346814673,4504087,ny,Sugar Land
346814827,4504089,ny,Sullivan City
346814981,4504091,ny,Sulfure
346815058,4504092,ny,Sulphur Springs
346815289,4504095,ny,Summerfield
346815366,4504096,ny,Summerville
346815828,4504102,ny,Sun Valley
346816598,4504112,ny,Sunnyvale
346816906,4504116,ny,Sunrise Beach Village
346817060,4504118,ny,Sunrise Estates Number 1 Colonia
346817368,4504122,ny,Kulowa kwadzuwa
346817830,4504128,ny,Surfside Beach
346818061,4504131,ny,Suttons Mill
346818369,4504135,ny,Sweeny
346818754,4504140,ny,Swift
346819524,4504150,ny,Taft
346819601,4504151,ny,Taft Southwest (historical)
346819755,4504153,ny,Talavera
346820217,4504159,ny,Talty
346820987,4504169,ny,Tatum
346821141,4504171,ny,Taylor
346821295,4504173,ny,Taylor Lake Village
346821526,4504176,ny,Teague
346821834,4504180,ny,Tehuacana
346822296,4504186,ny,Ten Acres Colonia
346822373,4504187,ny,Tenaha
346822450,4504188,ny,Temple
346823066,4504196,ny,Terrell
346823374,4504200,ny,Texarkana
346823451,4504201,ny,Texas City
346823759,4504205,ny,The Colony
346824144,4504210,ny,The Hills
346824221,4504211,ny,The Woodlands
346824683,4504217,ny,Thicket
346824914,4504220,ny,Third Hidalgo Colonia
346824991,4504221,ny,Third Rancho Chico Addition Colonia
346825453,4504227,ny,Thompsons
346825607,4504229,ny,Thompsonville
346825915,4504233,ny,Thornton
346825992,4504234,ny,Thorndale
346826146,4504236,ny,Thrall
346826377,4504239,ny,Mitsinje itatu
346826608,4504242,ny,Throckmorton
346827147,4504249,ny,Tierra Bonita
346827224,4504250,ny,Tierra Bonita Colonia
346827994,4504260,ny,Tierra Grande
346828764,4504270,ny,Tilden
346829072,4504274,ny,Timberwood Park
346829303,4504277,ny,Timpson
346829611,4504281,ny,Tioga
346829688,4504282,ny,Tira
346829842,4504284,ny,Tivoli
346830073,4504287,ny,Toko
346830150,4504288,ny,Todd
346830381,4504291,ny,Todd Mission
346830843,4504297,ny,Tolar
346831382,4504304,ny,Tom Bean
346831459,4504305,ny,Tomball
346831690,4504308,ny,Tony Colonia
346831844,4504310,ny,Tool
346832075,4504313,ny,Tow
346832768,4504322,ny,Tradewinds
346833307,4504329,ny,Trenton
346833846,4504336,ny,Trevino Colonia
346834154,4504340,ny,Tri-City Colonia Number 2
346834539,4504345,ny,Trinidad
346834616,4504346,ny,Trinity
346835309,4504355,ny,Trophy Club
346835617,4504359,ny,Troup
346835771,4504361,ny,Troy
346836002,4504364,ny,True
346836079,4504365,ny,Trumbull
346836541,4504371,ny,Tuleta
346836695,4504373,ny,Tulsita
346836849,4504375,ny,Tupelo
346837619,4504385,ny,Tuscola
346838081,4504391,ny,Twin Roads Colonia
346838235,4504393,ny,Tye
346838312,4504394,ny,Tyler
346838389,4504395,ny,Tynan
346838620,4504398,ny,Uhland
346838774,4504400,ny,Uncertain
346839390,4504408,ny,Union Grove
346839544,4504410,ny,Union Grove
346839929,4504415,ny,Union Hill
346840160,4504418,ny,Union Valley
346840468,4504422,ny,Universal City
346841084,4504430,ny,Utopia
346841161,4504431,ny,Uvalde
346841315,4504433,ny,Uvalde Estates
346842162,4504444,ny,Valera
346843548,4504462,ny,Valley Mills
346843779,4504465,ny,Valley Spring
346844010,4504468,ny,Valley View
346844626,4504476,ny,Vally-Hi Acres Number 2 Colonia
346844703,4504477,ny,Van
346844780,4504478,ny,Van Alstyne
346844934,4504480,ny,Van Vleck
346845088,4504482,ny,Vanderbilt
346846705,4504503,ny,Venus
346847167,4504509,ny,Vernon
346847860,4504518,ny,Victoria
346848399,4504525,ny,Victory Place Colonia
346848553,4504527,ny,Vidor
346849246,4504536,ny,Villa Estates Colonia
346849477,4504539,ny,Villa Pancho
346849631,4504541,ny,Villa Verde
346850016,4504546,ny,Villa del Sol
346851556,4504566,ny,Volente
346851633,4504567,ny,Von Ormy
346852095,4504573,ny,Wako
346852326,4504576,ny,Wadsworth
346852403,4504577,ny,Waelder
346852557,4504579,ny,Wake Village
346852711,4504581,ny,Walburg
346853558,4504592,ny,Waller
346854020,4504598,ny,Walnut Springs
346854097,4504599,ny,Walnut Springs
346854790,4504608,ny,Waples
346855406,4504616,ny,Ware Colony Colonia
346855560,4504618,ny,Ware Country Colonia Number 2
346855791,4504621,ny,Ware Shadows Colonia
346856099,4504625,ny,Waring
346856253,4504627,ny,Warren
346856330,4504628,ny,Warren City
346856792,4504634,ny,Waskom
346856869,4504635,ny,Watauga
346857408,4504642,ny,Watson
346858024,4504650,ny,Waxahachie
346858255,4504653,ny,Weatherford
346858717,4504659,ny,Webberville
346858871,4504661,ny,Webster
346859564,4504670,ny,Weimar
346859641,4504671,ny,Weinert
346859718,4504672,ny,Weinert
346859872,4504674,ny,Weir
346860334,4504680,ny,Zitsime
346860411,4504681,ny,Wells Branch
346860950,4504688,ny,Weslaco
346861104,4504690,ny,West
346861335,4504693,ny,West Alto Bonito Colonia
346861489,4504695,ny,West Columbia
346861797,4504699,ny,West Lake Hills
346861874,4504700,ny,West Livingston
346862413,4504707,ny,West Orange
346862490,4504708,ny,West Pearsall
346862798,4504712,ny,West Sharyland
346862875,4504713,ny,West Sinton
346862952,4504714,ny,West Sweden
346863029,4504715,ny,West Tawakoni
346863183,4504717,ny,Westbrook
346863568,4504722,ny,Westdale
346864261,4504731,ny,Westlake
346864415,4504733,ny,Westminster
346864492,4504734,ny,Weston
346864646,4504736,ny,Zithunzi za Westover Hills
346865031,4504741,ny,Westworth
346865108,4504742,ny,Wetsel
346865416,4504746,ny,Wharton
346866417,4504759,ny,White Mound
346866494,4504760,ny,White Oak
346866571,4504761,ny,White Oak
346866802,4504764,ny,White Oak Springs
346867341,4504771,ny,White Settlement
346867418,4504772,ny,White Shed
346867726,4504776,ny,Whitehouse
346867957,4504779,ny,Whitesboro
346868188,4504782,ny,Whitewright
346868265,4504783,ny,Whitman
346868342,4504784,ny,Whitney
346868804,4504790,ny,Wichita Falls
346869574,4504800,ny,Wild Peach Village
346869728,4504802,ny,Wilderville
346869882,4504804,ny,Wildwood
346870036,4504806,ny,Wilkinson
346870421,4504811,ny,Williams
346870806,4504816,ny,Willis
346871037,4504819,ny,Willow City
346871268,4504822,ny,Willowmore
346871807,4504829,ny,Wills Point
346871884,4504830,ny,Wilmer
346872192,4504834,ny,Wimberley
346872423,4504837,ny,Windemere
346872500,4504838,ny,Windcrest
346872577,4504839,ny,Window
346872808,4504842,ny,Windthorst
346872962,4504844,ny,Winfield
346873116,4504846,ny,Winnie
346873270,4504848,ny,Winnsboro
346873347,4504849,ny,Winona
346873809,4504855,ny,Winterfield
346873886,4504856,ny,Winters
346873963,4504857,ny,Wise
346874117,4504859,ny,Wixon Valley
346874425,4504863,ny,Wolfe City
346874887,4504869,ny,Woodbine
346874964,4504870,ny,Woodbranch
346875041,4504871,ny,Woodbury
346875118,4504872,ny,Woodcreek
346875426,4504876,ny,Woodland
346875965,4504883,ny,Woodloch
346876196,4504886,ny,Woodsboro
346876350,4504888,ny,Woodson
346876427,4504889,ny,Woodville
346876658,4504892,ny,Woodway
346876889,4504895,ny,Wortham
346877351,4504901,ny,Wyldwood
346877428,4504902,ny,Wylie
346877659,4504905,ny,Yancey
346878121,4504911,ny,Yates
346878198,4504912,ny,Yantis
346878352,4504914,ny,Yoakum
346878429,4504915,ny,Yokum-Hall Colonia
346878583,4504917,ny,Yorktown
346878737,4504919,ny,\N
346879353,4504927,ny,Yznaga
346879892,4504934,ny,Zapata
346879969,4504935,ny,Zapata Ranch
346880046,4504936,ny,Zapata Ranch Colonia
346880200,4504938,ny,Zavalla
346880354,4504940,ny,Zephyr
346880816,4504946,ny,Zuehl
346881278,4504952,ny,Abbs Valley
346881586,4504956,ny,Abingdon
346881894,4504960,ny,Accomac
346882125,4504963,ny,Achilles
346883742,4504984,ny,Adwolf
346883973,4504987,ny,Afton
346884050,4504988,ny,Agnewville
346885282,4505004,ny,Albano
346885436,4505006,ny,Alberta
346885898,4505012,ny,Al Fidi
346886206,4505016,ny,Alexandria
346887130,4505028,ny,Allens Mill
346887361,4505031,ny,Allenslevel
346887515,4505033,ny,Allison Gap
346887592,4505034,ny,Allisonia
346888747,4505049,ny,Altavista
346889517,4505059,ny,Amelia Court House
346889748,4505062,ny,Amherst
346890133,4505067,ny,Amonate
346890903,4505077,ny,Angelo
346891288,4505082,ny,Annandale
346892058,4505092,ny,Appalachia
346892289,4505095,ny,Apple Mountain Lake
346892674,4505100,ny,Appomattox
346892905,4505103,ny,Aquia Harbour
346893906,4505116,ny,Arcola
346894753,4505127,ny,Arlington
346896216,4505146,ny,Arrington
346897371,4505161,ny,Ashburn
346898218,4505172,ny,Ashland
346899219,4505185,ny,Atkins
346899296,4505186,ny,Atlantic
346899989,4505195,ny,Augusta Springs
346900220,4505198,ny,Austinville
346900528,4505202,ny,Avalon Hills
346901529,4505215,ny,Azalea Acres
346901837,4505219,ny,Bachelors Hall
346902761,4505231,ny,Baileys
346902915,4505233,ny,Baileys Crossroads
346903608,4505242,ny,Ballston
346904763,4505257,ny,Barboursville
346905995,4505273,ny,Barlows Corner
346907689,4505295,ny,Baskerville
346907843,4505297,ny,Bassett
346907997,4505299,ny,Bastian
346908074,4505300,ny,Basye
346908921,4505311,ny,Battlefield Green
346908998,4505312,ny,Battlefield Park
346910076,4505326,ny,Bayside
346910692,4505334,ny,Baywood
346911231,4505341,ny,Bealeton
346912771,4505361,ny,Bedford
346915004,4505390,ny,Bell Creek North
346915620,4505398,ny,Belle Haven
346915697,4505399,ny,Belle Haven
346917237,4505419,ny,Bellview Terrace
346917468,4505422,ny,Bellwood
346917853,4505427,ny,Belmont
346918777,4505439,ny,Belspring
346920317,4505459,ny,Benns Church
346920471,4505461,ny,Bensley
346921318,4505472,ny,Berkeley
346922396,4505486,ny,Berryville
346925168,4505522,ny,Bexley Trailer Park
346925553,4505527,ny,Big Island
346925861,4505531,ny,Big Rock
346926015,4505533,ny,Big Stone Gap
346926400,4505538,ny,Birchdale
346926554,4505540,ny,Birchleaf
346926708,4505542,ny,Birchwood-Gardens
346928248,4505562,ny,Blackstone
346928325,4505563,ny,Blacksburg
346929095,4505573,ny,Blairs
346929480,4505578,ny,Bland
346930943,4505597,ny,Bloxom
346931405,4505603,ny,Blue Ridge
346932021,4505611,ny,Blue Ridge Shores
346932252,4505614,ny,Bluefield
346933099,4505625,ny,Bobtown
346933484,4505630,ny,Boissevain
346934023,4505637,ny,Bon Air
346934947,4505649,ny,Boones Mill
346935640,4505658,ny,Boston
346936333,4505667,ny,Boulevard Estates
346936872,4505674,ny,Bowling Green
346937873,4505687,ny,Boyce
346938104,4505690,ny,Boydton
346938181,4505691,ny,Boykins
346938258,4505692,ny,Bracey
346938951,4505701,ny,Bradshaw
346939336,4505706,ny,Brambleton
346939644,4505710,ny,Branchville
346939798,4505712,ny,Brandermill
346940106,4505716,ny,Brandy Station
346940876,4505726,ny,Breaks
346942570,4505748,ny,Bridgewater
346943340,4505758,ny,Brightwood
346943725,4505763,ny,Bristol
346943956,4505766,ny,Bristow
346945188,4505782,ny,Broadlands
346945496,4505786,ny,Broadway
346945804,4505790,ny,Brodnax
346947036,4505806,ny,Brookneal
346949731,4505841,ny,Brucetown
346950886,4505856,ny,Buchanan
346951117,4505859,ny,Buckhall
346951194,4505860,ny,Buckingham
346951810,4505868,ny,Bucknell Manor
346952426,4505876,ny,Buena Vista
346952811,4505881,ny,Zithunzi za Buffalo Hills
346953735,4505893,ny,Bull Run
346953889,4505895,ny,Bull Run Mountain Estates
346955275,4505913,ny,Burke
346955352,4505914,ny,Burke Meadows
346955737,4505919,ny,Burkeville
346959433,4505967,ny,Kadi
346959741,4505971,ny,Callaghan
346960434,4505980,ny,Calvary
346960588,4505982,ny,Calverton
346962590,4506008,ny,Campostella Heights
346962667,4506009,ny,Kana
346963899,4506025,ny,Cape Charles
346964284,4506030,ny,Capron
346964361,4506031,ny,Captain
346967210,4506068,ny,Carrollton
346967364,4506070,ny,Carrsville
346970059,4506105,ny,Castlewood
346970752,4506114,ny,Catlett
346970829,4506115,ny,Cats Bridge
346971137,4506119,ny,Cave Spring
346971368,4506122,ny,Cedar Bluff
346971445,4506123,ny,Cedar Bluff
346973755,4506153,ny,Cedar Point
346974756,4506166,ny,Centerville
346975064,4506170,ny,Centerville
346975218,4506172,ny,Central Garage
346975834,4506180,ny,Centreville
346976373,4506187,ny,Chamberlain Village
346976604,4506190,ny,Chamberlayne
346977605,4506203,ny,Chantilly
346978452,4506214,ny,Charles City
346978683,4506217,ny,Charlotte Court House
346978760,4506218,ny,Charlottesville
346978991,4506221,ny,Chase City
346979068,4506222,ny,Chase Crossing
346979145,4506223,ny,Chatham
346979453,4506227,ny,Chatmoss
346979607,4506229,ny,Cheatham Annex
346979992,4506234,ny,Cheriton
346980454,4506240,ny,Cherry Hill
346981070,4506248,ny,Chesapeake
346981763,4506257,ny,Chester
346981840,4506258,ny,Chester Gap
346982302,4506264,ny,Chesterfield
346982533,4506267,ny,Chesterfield Court House
346984381,4506291,ny,Chilhowie
346984997,4506299,ny,Chincoteague
346985690,4506308,ny,Christensons Corner
346985767,4506309,ny,Christian
346985921,4506311,ny,Christiansburg
346986691,4506321,ny,Churchville
346987846,4506336,ny,Claremont
346988077,4506339,ny,Claremont
346988539,4506345,ny,Clarksville
346989386,4506356,ny,Claypool Hill
346989848,4506362,ny,Clear Fork
346990772,4506374,ny,Cleveland
346991542,4506384,ny,Clifton
346991619,4506385,ny,Clifton Forge
346991696,4506386,ny,Cliftondale Park
346992004,4506390,ny,Clinchco
346992158,4506392,ny,Clinchport
346992466,4506396,ny,Clintwood
346993005,4506403,ny,Clover
346993159,4506405,ny,Clover Creek
346993467,4506409,ny,Cloverdale
346993929,4506415,ny,Cluster Springs
346995161,4506431,ny,Coeburn
346997240,4506458,ny,Colley
346997779,4506465,ny,Collinsville
346998241,4506471,ny,Colonial Beach
346998472,4506474,ny,Mapiri a Atsamunda
346998549,4506475,ny,Mapiri a Atsamunda
346999473,4506487,ny,Colony Woods
346999704,4506490,ny,Columbia
347001244,4506510,ny,Concord
347002476,4506526,ny,Cookstown
347005556,4506566,ny,Countryside
347006403,4506577,ny,Courtland
347006865,4506583,ny,Covesville
347007019,4506585,ny,Covington
347009175,4506613,ny,Craigsville
347010946,4506636,ny,Crewe
347011331,4506641,ny,Crimora
347012178,4506652,ny,Cross Keys
347013256,4506666,ny,Crows
347013564,4506670,ny,Crozet
347014257,4506679,ny,Culpeper
347014411,4506681,ny,Cumberland
347014642,4506684,ny,Cumnor
347015720,4506698,ny,Dahlgren
347016182,4506704,ny,Dale City
347016413,4506707,ny,Daleville
347016721,4506711,ny,Damasiko
347017645,4506723,ny,Dante
347017722,4506724,ny,Danton
347017799,4506725,ny,Danville
347018646,4506736,ny,Davids Crossroads
347019801,4506751,ny,Dayton
347020032,4506754,ny,Dawsonville
347021110,4506768,ny,Deep Creek
347021957,4506779,ny,Deerfield
347022419,4506785,ny,Deerfield Estates
347022958,4506792,ny,Delaware Park
347023574,4506800,ny,Deltaville
347023959,4506805,ny,Denbigh
347024113,4506807,ny,Dendron
347026731,4506841,ny,Dillwyn
347026808,4506842,ny,Dinwiddie
347027039,4506845,ny,Disputanta
347029965,4506883,ny,Dooms
347031659,4506905,ny,Drakes Branch
347031736,4506906,ny,Dranesville
347031813,4506907,ny,Draper
347032352,4506914,ny,Drowning Ford
347033045,4506923,ny,Dryden
347033199,4506925,ny,Duane
347033276,4506926,ny,Duane Fork
347033353,4506927,ny,Dublin
347033661,4506931,ny,Duffield
347034123,4506937,ny,Dulles Town Center
347034200,4506938,ny,Dumfries
347034277,4506939,ny,Dumbarton
347034354,4506940,ny,Dunbar
347035432,4506954,ny,Dungannon
347035817,4506959,ny,Dunn Loring
347037049,4506975,ny,Eagle Rock
347037588,4506982,ny,Earlysville
347038204,4506990,ny,East Hampton
347038435,4506993,ny,East Lexington
347038512,4506994,ny,East Highland Park
347039128,4507002,ny,East Stone Gap
347039667,4507009,ny,Eastville
347039744,4507010,ny,Eastville Station
347039975,4507013,ny,Ebony
347041900,4507038,ny,Edinburg
347042439,4507045,ny,Edom
347043055,4507053,ny,Eggleston
347044133,4507067,ny,Elgin Corner
347044826,4507076,ny,Elkton
347045519,4507085,ny,Elliston
347045750,4507088,ny,Elm Farm Mobile Home Park
347047059,4507105,ny,Emory
347047136,4507106,ny,Emporia
347047675,4507113,ny,Enon
347048291,4507121,ny,Esmont
347048676,4507126,ny,Estabrook
347049369,4507135,ny,Ettrick
347051217,4507159,ny,Ewing
347051371,4507161,ny,Exmore
347052064,4507170,ny,Fair Oaks
347052526,4507176,ny,Fairfax
347052988,4507182,ny,Fairfax Station
347053450,4507188,ny,Fairfield Park
347053989,4507195,ny,Fairlawn
347054836,4507206,ny,Fairview
347055606,4507216,ny,Fairview Beach
347056761,4507231,ny,Falling Spring
347056838,4507232,ny,Falls Church
347056992,4507234,ny,Falls Mills
347057069,4507235,ny,Falmouth
347057223,4507237,ny,Fancy Gap
347058301,4507251,ny,Farmville
347058532,4507254,ny,Farris Heights
347059302,4507264,ny,Featherstone
347060226,4507276,ny,Ferrum
347060611,4507281,ny,Fieldale
347060996,4507286,ny,Fincastle
347061689,4507295,ny,Fishersville
347063922,4507324,ny,Flatrock
347064153,4507327,ny,Mitengo ya Flatwood
347065539,4507345,ny,Flint Hill
347065770,4507348,ny,Floris
347065924,4507350,ny,Floyd
347067156,4507366,ny,Nkhalango
347068080,4507378,ny,Forest Meadow Mobile Home Park
347069312,4507394,ny,Fort Chiswell
347069620,4507398,ny,Fort Lee
347069697,4507399,ny,Fort Lewis
347071545,4507423,ny,Fox Hall Park
347072623,4507437,ny,Franconia
347072854,4507440,ny,Franklin
347072931,4507441,ny,Franklin City
347073393,4507447,ny,Franktown
347073624,4507450,ny,Fredericksburg
347073778,4507452,ny,Free Union
347074548,4507462,ny,Freshwater
347074933,4507467,ny,Fries
347075472,4507474,ny,Front Royal
347076473,4507487,ny,Gainesville
347076627,4507489,ny,Galax
347077782,4507504,ny,Gargatha
347078398,4507512,ny,Gasburg
347078552,4507514,ny,Gate City
347080400,4507538,ny,Chijeremani
347082787,4507569,ny,Glade Spring
347083095,4507573,ny,Gladstone
347083326,4507576,ny,Glasgow
347083711,4507581,ny,Glen Allen
347084404,4507590,ny,Glen Lyn
347084635,4507593,ny,Glen Wilton
347085097,4507599,ny,Glendale
347086252,4507614,ny,Glenvar
347087099,4507625,ny,Gloucester
347087176,4507626,ny,Gloucester Courthouse
347087253,4507627,ny,Gloucester Point
347088254,4507640,ny,Goochland
347089486,4507656,ny,Gore
347089640,4507658,ny,Gordonsville
347089794,4507660,ny,Gosheni
347089871,4507661,ny,Goshen Cross Road
347091565,4507683,ny,Granville
347092027,4507689,ny,Gratton
347093336,4507706,ny,Great Falls
347095107,4507729,ny,Green Spring
347095415,4507733,ny,Greenbackville
347095569,4507735,ny,Greenbriar
347095877,4507739,ny,Greenbush
347097109,4507755,ny,Greensprings
347097571,4507761,ny,Greenville
347099188,4507782,ny,Gretna
347099958,4507792,ny,Grinels
347100728,4507802,ny,Grottoes
347101190,4507808,ny,Groveton
347101498,4507812,ny,Grundy
347103269,4507835,ny,Gwynn
347104732,4507854,ny,Halifax
347105656,4507866,ny,Hamilton
347105887,4507869,ny,Hamlin
347106118,4507872,ny,Hampden Sydney
347106349,4507875,ny,Hampton
347106965,4507883,ny,Hanover
347107812,4507894,ny,Harborton
347109429,4507915,ny,Harrell Corner
347109968,4507922,ny,Harrisonburg
347110045,4507923,ny,Harriston
347111123,4507937,ny,Hatton
347112124,4507950,ny,Haycock
347112355,4507953,ny,Hayfield
347112509,4507955,ny,Haymarket
347112817,4507959,ny,Haysi
347113895,4507973,ny,Heathsville
347114973,4507987,ny,Hemlock Hills
347115897,4507999,ny,Henry Fork
347117052,4508014,ny,Herndon
347119439,4508045,ny,Hidden Acres
347120902,4508064,ny,Highland
347121672,4508074,ny,Highland Springs
347123366,4508096,ny,Hillsboro
347123443,4508097,ny,Hillsboro
347123674,4508100,ny,Hillsville
347123828,4508102,ny,Hilltown
347124290,4508108,ny,Hiltons
347125137,4508119,ny,Hiwassee
347126138,4508132,ny,Holiday Acres
347126831,4508141,ny,Hollins
347128371,4508161,ny,Hollymead
347130296,4508186,ny,Honaker
347131220,4508198,ny,Hopewell
347131682,4508204,ny,Horne Pribelce
347131836,4508206,ny,Horntown
347132144,4508210,ny,Horse Pasture
347132837,4508219,ny,Hot Springs
347134377,4508239,ny,Hudgins
347136687,4508269,ny,Huntington
347137226,4508276,ny,Huntly
347137611,4508281,ny,Hurleyville
347137688,4508282,ny,Hurt
347138150,4508288,ny,Hybla Valley
347139074,4508300,ny,Idylwood
347139305,4508303,ny,Independent Hill
347140460,4508318,ny,Ingham
347141923,4508337,ny,Iron Gate
347142616,4508346,ny,Irvington
347142924,4508350,ny,Isle of Wight
347143309,4508355,ny,Ivanhoe
347143540,4508358,ny,Ivor
347143617,4508359,ny,Ivy
347144695,4508373,ny,Jahile
347145696,4508386,ny,Jarratt
347146004,4508390,ny,Jayne Mill
347146389,4508395,ny,Jefferson Park
347147698,4508412,ny,Jeti
347147852,4508414,ny,Jewell Ridge
347148237,4508419,ny,Johnson Corner
347148930,4508428,ny,Jolivue
347149777,4508439,ny,Jonesville
347149854,4508440,ny,Jonesville Camp Ground
347151779,4508465,ny,Kecoughtan
347152318,4508472,ny,Keezletown
347152549,4508475,ny,Keller
347153550,4508488,ny,Kenbridge
347154243,4508497,ny,Kent
347154936,4508506,ny,Kenwood
347155167,4508509,ny,Keokee
347156168,4508522,ny,Keswick
347156784,4508530,ny,Keysville
347157631,4508541,ny,Kilmarnock
347158786,4508556,ny,King George
347158863,4508557,ny,King William
347158940,4508558,ny,King and Queen Court House
347159941,4508571,ny,Kings Park
347162482,4508604,ny,Koehler
347163098,4508612,ny,La Crosse
347163945,4508623,ny,Lafayette
347164407,4508629,ny,Lake Barcroft
347165254,4508640,ny,Lake Monticello
347165562,4508644,ny,Lake Ridge
347166486,4508656,ny,Lakeside
347169181,4508691,ny,Lancaster
347171568,4508722,ny,Larkspur
347172261,4508731,ny,Laurel
347173416,4508746,ny,Laurel Park
347174571,4508761,ny,Lawrenceville
347174879,4508765,ny,Laymantown
347175649,4508775,ny,Lebanon
347175880,4508778,ny,Leck
347176881,4508791,ny,Lee Mont
347177266,4508796,ny,Leeland
347177651,4508801,ny,Lesburg
347180346,4508836,ny,Lexington
347180885,4508843,ny,Liberty Fork
347181655,4508853,ny,Lilburn
347182656,4508866,ny,Lincolnia
347183118,4508872,ny,Linden
347183965,4508883,ny,Linton Hall
347184042,4508884,ny,Linville
347184119,4508885,ny,Lipps
347186891,4508921,ny,Loch Lomond
347188508,4508942,ny,Locust Mount
347188662,4508944,ny,Lodebar
347189817,4508959,ny,Lone Fountain
347192281,4508991,ny,Lorton
347192666,4508996,ny,Louisa
347193051,4509001,ny,Lovettsville
347193205,4509003,ny,Lovingston
347193359,4509005,ny,Low Moor
347193975,4509013,ny,Lowes Island
347194822,4509024,ny,Lunenburg
347194976,4509026,ny,Luray
347195669,4509035,ny,Luttrellville
347195900,4509038,ny,Lynchburg
347196054,4509040,ny,Lyndhurst
347197286,4509056,ny,Lyons
347198133,4509067,ny,Madison
347198210,4509068,ny,Madison Heights
347199827,4509089,ny,Makemie Park
347200289,4509095,ny,Mallow
347200751,4509101,ny,Manassas
347200828,4509102,ny,Manassas Park
347201983,4509117,ny,Mantua
347202214,4509120,ny,Manville
347203138,4509132,ny,Mappsburg
347203215,4509133,ny,Mappsville
347203754,4509140,ny,Marion
347204755,4509153,ny,Marshall
347205679,4509165,ny,Martinsville
347206603,4509177,ny,Masada
347207065,4509183,ny,Massanetta Springs
347207219,4509185,ny,Massanutten
347207681,4509191,ny,Mathews
347207912,4509194,ny,Matoaca
347208297,4509199,ny,Maurertown
347208605,4509203,ny,Max Meadows
347209991,4509221,ny,Maytown
347211685,4509243,ny,McGaheysville
347211993,4509247,ny,McKenney
347212224,4509250,ny,McLean
347212532,4509254,ny,McMullin
347213995,4509273,ny,Meadows of Dan
347214226,4509276,ny,Meadowview
347214842,4509284,ny,Mechanicsburg
347214919,4509285,ny,Mechanicsville
347215766,4509296,ny,Melfa
347216459,4509305,ny,Mendota
347216844,4509310,ny,Merrifield
347216998,4509312,ny,Merrimac
347217075,4509313,ny,Merrimac
347217922,4509324,ny,Metompkin
347218307,4509329,ny,Middlebrook
347218384,4509330,ny,Middleburg
347218923,4509337,ny,Middletown
347219154,4509340,ny,Midland
347219231,4509341,ny,Midlothian
347220540,4509358,ny,Mill Creek
347220694,4509360,ny,Mill Creek
347222927,4509389,ny,Milton
347223466,4509396,ny,Mineral
347225083,4509417,ny,Modest Town
347225776,4509426,ny,Moneta
347226546,4509436,ny,Montague
347226700,4509438,ny,Montclair
347227008,4509442,ny,Monterey
347228009,4509455,ny,Montpelier
347228240,4509458,ny,Montrose
347228471,4509461,ny,Montross
347228548,4509462,ny,Montvale
347231936,4509506,ny,Mossingford
347232090,4509508,ny,Motley
347232783,4509517,ny,Mount Clifton
347232937,4509519,ny,Mount Crawford
347233399,4509525,ny,Phiri la Hermoni
347234015,4509533,ny,Mount Jackson
347235632,4509554,ny,Mount Sidney
347237634,4509580,ny,Mountain Road
347241792,4509634,ny,Narrow Beach
347241946,4509636,ny,Narrows
347242023,4509637,ny,Narrows
347242639,4509645,ny,Nassawadox
347242870,4509648,ny,Nathalie
347243332,4509654,ny,Navy
347244256,4509666,ny,Nellysford
347244410,4509668,ny,Nelson Park
347244718,4509672,ny,Nester
347244949,4509675,ny,New Baltimore
347245180,4509678,ny,New Castle
347245488,4509682,ny,New Erection
347245719,4509685,ny,Chiyembekezo Chatsopano
347246335,4509693,ny,Msika Watsopano
347246720,4509698,ny,New River
347246797,4509699,ny,New Upton
347247028,4509702,ny,Newington
347247644,4509710,ny,Newport News
347247721,4509711,ny,Newsoms
347248414,4509720,ny,Newtown
347249184,4509730,ny,Nickelsville
347249954,4509740,ny,Nokesville
347250647,4509749,ny,Norfolk
347251340,4509758,ny,North Fairlington
347251725,4509763,ny,North Garden
347253034,4509780,ny,North Shore
347253111,4509781,ny,North Springfield
347254651,4509801,ny,Norton
347255575,4509813,ny,Nottingham Forest
347255806,4509816,ny,Nottoway Court House
347255883,4509817,ny,Noweta Gardens
347257115,4509833,ny,Oak Grove
347257192,4509834,ny,Oak Grove
347257731,4509841,ny,Oak Hall
347259040,4509858,ny,Oak Level
347260888,4509882,ny,Oakland
347261042,4509884,ny,Oakland
347261966,4509896,ny,Oakton
347262967,4509909,ny,Occoquan
347267972,4509974,ny,Onancock
347268049,4509975,ny,Onley
347268203,4509977,ny,Opal
347268819,4509985,ny,Orange
347268896,4509986,ny,Orangedale
347270282,4510004,ny,Osaka
347273362,4510044,ny,Painter
347274132,4510054,ny,Palmyra
347274594,4510060,ny,Pamplin
347274748,4510062,ny,Pannill Fork
347275441,4510071,ny,Park Manor
347276134,4510080,ny,Parklawn
347276211,4510081,ny,Parksley
347277289,4510095,ny,Parrott
347277520,4510098,ny,Partridge Hills
347277597,4510099,ny,Passapatanzy
347277674,4510100,ny,Pat Town
347278059,4510105,ny,Patrick Springs
347280754,4510140,ny,Pearisburg
347280985,4510143,ny,Peary
347281909,4510155,ny,Pembroke
347282756,4510166,ny,Penhook
347283218,4510172,ny,Penn Forest
347283680,4510178,ny,Pennington Gap
347285374,4510200,ny,Petersburg
347285990,4510208,ny,Phenix
347286837,4510219,ny,Pickaway
347288223,4510237,ny,Pimmit Hills
347293921,4510311,ny,Pleasant Valley
347294999,4510325,ny,Pocahontas
347295307,4510329,ny,Pocket
347296308,4510342,ny,Point O'Woods
347298541,4510371,ny,Poquoson
347299003,4510377,ny,Port Republic
347299157,4510379,ny,Port Royal
347299773,4510387,ny,Portsmouth
347300312,4510394,ny,Potomac Mills
347300620,4510398,ny,Pound
347300774,4510400,ny,Pounding Mill
347301467,4510409,ny,Powhatan
347302160,4510418,ny,Preston
347302930,4510428,ny,Prices Fork
347303238,4510432,ny,Prince George
347304855,4510453,ny,Michael Woyera
347305086,4510456,ny,Pulleys Crossroads
347305471,4510461,ny,Pungoteague
347305779,4510465,ny,Purcellville
347306626,4510476,ny,Quantico
347307319,4510485,ny,Quinby
347308166,4510496,ny,Radford
347310861,4510531,ny,Rapidan
347311323,4510537,ny,Raven
347311477,4510539,ny,Ravensworth
347312940,4510558,ny,Rectortown
347315789,4510595,ny,Remington
347316482,4510604,ny,Reston
347317560,4510618,ny,Mpunga
347317714,4510620,ny,Rich Creek
347318561,4510631,ny,Richmond
347318715,4510633,ny,Richlands
347319562,4510644,ny,Ridgeway
347319639,4510645,ny,Ridgeway
347320178,4510652,ny,Riner
347320409,4510655,ny,Rio
347320717,4510659,ny,Ripplemead
347320794,4510660,ny,Rivanna
347322565,4510683,ny,Riverdale
347325106,4510716,ny,Riverview
347325337,4510719,ny,Riverville
347326030,4510728,ny,Roanoke
347328648,4510762,ny,Rocky Gap
347328725,4510763,ny,Rocky Mount
347331035,4510793,ny,Rose Hill
347331112,4510794,ny,Rose Hill
347333499,4510825,ny,Round Hill
347333576,4510826,ny,Round Hill
347335039,4510845,ny,Ruckersville
347336194,4510860,ny,Rural Retreat
347336425,4510863,ny,Rushmere
347337118,4510872,ny,Rustburg
347337580,4510878,ny,Ryan
347338196,4510886,ny,Charles Woyera
347339043,4510897,ny,Paulo Woyera
347339274,4510900,ny,Salem
347339505,4510903,ny,Salem Village Trailer Park
347339967,4510909,ny,Saluda
347340198,4510912,ny,Saltville
347340737,4510919,ny,Sandston
347340814,4510920,ny,Sandston Highland
347341507,4510929,ny,Sandy Level
347341892,4510934,ny,Sanford
347342893,4510947,ny,Savage Town
347342970,4510948,ny,Savageville
347343278,4510952,ny,Saxis
347344048,4510962,ny,Schuyler
347344202,4510964,ny,Scotland
347344664,4510970,ny,Scottsburg
347344741,4510971,ny,Scottsville
347346204,4510990,ny,Sedley
347346358,4510992,ny,Selma
347346666,4510996,ny,Seminole Ridge
347347051,4511001,ny,Seven Corners
347347205,4511003,ny,Seven Mile Ford
347350439,4511045,ny,Shawnee Land
347350516,4511046,ny,Shawsville
347351363,4511057,ny,Shenandoah
347351594,4511060,ny,Shenandoah Farms
347351902,4511064,ny,Shenandoah Mobile Home Park
347351979,4511065,ny,Shenandoah Retreat
347352210,4511068,ny,Shenandoah Shores
347352672,4511074,ny,Sherando
347353596,4511086,ny,Sherwood Manor
347354597,4511099,ny,Shipman
347355444,4511110,ny,Short Pump
347358447,4511149,ny,Canton Sinai
347358678,4511152,ny,Singers Glen
347360295,4511173,ny,Skyland Estates
347362066,4511196,ny,Sleepy Hollow Woods
347363144,4511210,ny,Smithfield
347364761,4511231,ny,Snowville
347366301,4511251,ny,South Boston
347366378,4511252,ny,South Chesconessex
347366840,4511258,ny,South Hill
347367225,4511263,ny,South Richmond
347367302,4511264,ny,South Riding
347368765,4511283,ny,Southwood Estates Mobile Home Park
347368919,4511285,ny,Southwoods
347369689,4511295,ny,Spencer
347369920,4511298,ny,Spotsylvania
347369997,4511299,ny,Spotsylvania Courthouse
347372230,4511328,ny,Springfield
347372384,4511330,ny,Springfield
347373385,4511343,ny,Springville
347373847,4511349,ny,Stafford
347374463,4511357,ny,Tannersville
347374540,4511358,ny,Stanley
347374617,4511359,ny,Seti Ka Lay
347375079,4511365,ny,Starkey
347375541,4511371,ny,Staunton
347376157,4511379,ny,Stephens City
347376465,4511383,ny,Stepping Stone
347376542,4511384,ny,Sterling
347376850,4511388,ny,Stevens Creek
347377312,4511394,ny,Stickleyville
347378621,4511411,ny,Stonega
347380084,4511430,ny,Stony Creek
347381316,4511446,ny,Strasburg
347383010,4511468,ny,Stuart
347383164,4511470,ny,Stuarts Draft
347384242,4511484,ny,Sudley
347384319,4511485,ny,Suffolk
347384473,4511487,ny,Sugar Grove
347385012,4511494,ny,Sugarland Run
347385474,4511500,ny,Sulphur Springs Heights
347387784,4511530,ny,Mapiri a Sunset
347388323,4511537,ny,Surry
347388631,4511541,ny,Sussex
347389401,4511551,ny,Swansen
347391942,4511584,ny,Tacoma
347392789,4511595,ny,Tangier
347393251,4511601,ny,Tappahannock
347393944,4511610,ny,Tasley
347394714,4511620,ny,Tazewell
347395099,4511625,ny,Temperanceville
347395407,4511629,ny,Templeton
347396408,4511642,ny,Thalia Gardens
347397948,4511662,ny,Zigwa
347401413,4511707,ny,Timberlake
347401490,4511708,ny,Timberville
347402414,4511720,ny,Tobacco
347402799,4511725,ny,Toms Brook
347404878,4511752,ny,Triangle
347405571,4511761,ny,Trout Dale
347405648,4511762,ny,Troutville
347406264,4511770,ny,Tuckahoe
347408959,4511805,ny,Tysons
347409344,4511810,ny,Union Hall
347409575,4511813,ny,Union Level
347410114,4511820,ny,University Center
347410730,4511828,ny,Upperville
347410961,4511831,ny,Urbanna
347413040,4511858,ny,Vansant
347415273,4511887,ny,Verona
347415966,4511896,ny,Victoria
347416274,4511900,ny,Vienna
347416890,4511908,ny,Villa Heights
347417968,4511922,ny,Vinton
347418199,4511925,ny,Virgilina
347418276,4511926,ny,Virginia Beach
347419277,4511939,ny,Virso
347420278,4511952,ny,Wachapreague
347421048,4511962,ny,Wakefield
347424821,4512011,ny,Warfield
347424898,4512012,ny,Warm Springs
347424975,4512013,ny,Warminster
347425360,4512018,ny,Warrenton
347425514,4512020,ny,Warsaw
347426053,4512027,ny,Washington
347427054,4512040,ny,Waterford
347428055,4512053,ny,Wattsville
347428440,4512058,ny,Waverly
347429056,4512066,ny,Waynesboro
347429903,4512077,ny,Weber City
347429980,4512078,ny,Weber City
347430365,4512083,ny,Wedgewood Forest
347430596,4512086,ny,Weems
347433060,4512118,ny,West Gate
347433445,4512123,ny,West Hope
347434677,4512139,ny,West Point
347434908,4512142,ny,West Springfield
347435139,4512145,ny,West View
347437141,4512171,ny,Westlake Corner
347437834,4512180,ny,Westover
347439605,4512203,ny,Weyers Cave
347441607,4512229,ny,White Pine Lodge
347441838,4512232,ny,White Post
347441992,4512234,ny,White Stone
347442916,4512246,ny,Whitesville
347443532,4512254,ny,Whitley
347446997,4512299,ny,Williamsburg
347447690,4512308,ny,Willis Wharf
347450154,4512340,ny,Wilson Springs
347450539,4512345,ny,Winchester
347450924,4512350,ny,Windsor
347453080,4512378,ny,Winnie
347453542,4512384,ny,Wintergreen
347454466,4512396,ny,Wolf Trap
347454928,4512402,ny,Wood
347455467,4512409,ny,Woodbridge
347457161,4512431,ny,Woodlawn
347457315,4512433,ny,Woodlawn
347458547,4512449,ny,Woodmont
347459625,4512463,ny,Woodstock
347461396,4512486,ny,Wyndham
347461858,4512492,ny,Wytheville
347462166,4512496,ny,Wythe
347463475,4512513,ny,Yorkshire
347465785,4512543,ny,Accoville
347466786,4512556,ny,Adrian
347466863,4512557,ny,Advent
347467171,4512561,ny,Agnew
347467556,4512566,ny,Albright
347467633,4512567,ny,Alderson
347468942,4512584,ny,Alpheus
347469635,4512593,ny,Alum Creek
347470482,4512604,ny,Amherstdale
347470867,4512609,ny,Anawalt
347471252,4512614,ny,Anmoore
347471483,4512617,ny,Ansted
347471560,4512618,ny,Anthem
347471714,4512620,ny,Antler
347471868,4512622,ny,Apple Grove
347472176,4512626,ny,Arbovale
347473870,4512648,ny,Arthurdale
347474948,4512662,ny,Athens
347475333,4512667,ny,Auburn
347475487,4512669,ny,Augusta
347475641,4512671,ny,Aurora
347477797,4512699,ny,Bancroft
347478105,4512703,ny,Barboursville
347478798,4512712,ny,Barrackville
347479029,4512715,ny,Bartley
347479106,4512716,ny,Bartow
347479568,4512722,ny,Bayard
347479645,4512723,ny,Baxter
347480261,4512731,ny,Beards Fork
347480723,4512737,ny,Beaver
347480954,4512740,ny,Beckley
347482417,4512759,ny,Belington
347482571,4512761,ny,Belle
347483187,4512769,ny,Belmont
347483418,4512772,ny,Belva
347484342,4512784,ny,Bergoo
347484573,4512787,ny,Berkeley Springs
347484958,4512792,ny,Bert
347485189,4512795,ny,Berwind
347485651,4512801,ny,Betelehemu
347486036,4512806,ny,Beverly
347486575,4512813,ny,Big Chimney
347486652,4512814,ny,Big Creek
347487191,4512821,ny,Big Run
347487268,4512822,ny,Big Sandy
347487961,4512831,ny,Birch River
347489039,4512845,ny,Blacksville
347489424,4512850,ny,Blakeley
347489886,4512856,ny,Blennerhassett
347490348,4512862,ny,Blue
347490810,4512868,ny,Blue Rock
347491041,4512871,ny,Bluefield
347491580,4512878,ny,Bluewell
347491657,4512879,ny,Boazi
347492042,4512884,ny,Bolivar
347492119,4512885,ny,Bolt
347492504,4512890,ny,Boomer
347492658,4512892,ny,Booth
347493428,4512902,ny,Bowden
347494275,4512913,ny,Bradley
347494506,4512916,ny,Bradshaw
347495045,4512923,ny,Bramwell
347495199,4512925,ny,Brandonville
347495276,4512926,ny,Brandywine
347495430,4512928,ny,Braucher
347495815,4512933,ny,Brenton
347496200,4512938,ny,Bridgeport
347496354,4512940,ny,Brierwood
347496893,4512947,ny,Brookhaven
347498279,4512965,ny,Bruceton Mills
347498510,4512968,ny,Brush Fork
347499203,4512977,ny,Buckhannon
347499280,4512978,ny,Budi
347499357,4512979,ny,Buffalo
347500050,4512988,ny,Ursk
347500204,4512990,ny,Burlington
347500512,4512994,ny,Burnsville
347501590,4513008,ny,Cairo
347502360,4513018,ny,Camden on Gauley
347502514,4513020,ny,Cameron
347504439,4513045,ny,Capon Bridge
347505363,4513057,ny,Carmel
347505517,4513059,ny,Carolina
347505979,4513065,ny,Cass
347506210,4513068,ny,Cassville
347506672,4513074,ny,Cedar Grove
347507596,4513086,ny,Century
347507750,4513088,ny,Ceredo
347508366,4513096,ny,Chapmanville
347508443,4513097,ny,Charles Town
347508520,4513098,ny,Charleston
347508751,4513101,ny,Chattaroy
347508828,4513102,ny,Chauncey
347508982,4513104,ny,Cheat Lake
347509136,4513106,ny,Chelyan
347509213,4513107,ny,Charlton Heights
347509752,4513114,ny,Chesapeake
347509983,4513117,ny,Chestnut
347511600,4513138,ny,Cisco
347511831,4513141,ny,Clarence
347511908,4513142,ny,Clarksburg
347512139,4513145,ny,Dongo
347513063,4513157,ny,Clendenin
347513448,4513162,ny,Clifton
347514680,4513178,ny,Coal City
347514757,4513179,ny,Coal Fork
347515296,4513186,ny,Coalwood
347515373,4513187,ny,Coalton
347515912,4513194,ny,Colcord
347516682,4513204,ny,Comfort
347517067,4513209,ny,Condit
347517606,4513216,ny,Coopertown
347518299,4513225,ny,Corliss
347518761,4513231,ny,Cottageville
347519146,4513236,ny,Corinne
347519685,4513243,ny,Covel
347519762,4513244,ny,Cowen
347519993,4513247,ny,Crab Orchard
347520224,4513250,ny,Craigsville
347521918,4513272,ny,Crooked Creek
347522072,4513274,ny,Cross Lanes
347522688,4513282,ny,Crown Hill
347522765,4513283,ny,Crum
347523150,4513288,ny,Crumpler
347523304,4513290,ny,Cucumber
347523458,4513292,ny,Culloden
347523612,4513294,ny,Cunard
347523766,4513296,ny,Curtin
347524690,4513308,ny,Dailey
347524767,4513309,ny,Daisy
347525383,4513317,ny,Daniels
347525614,4513320,ny,Danville
347526076,4513326,ny,Davis
347526461,4513331,ny,Davy
347527770,4513348,ny,Deep Water
347528232,4513354,ny,Delbarton
347529387,4513369,ny,Despard
347530773,4513387,ny,Dixie
347531312,4513394,ny,Dodrill
347532467,4513409,ny,Donwood
347532852,4513414,ny,Dorr
347533006,4513416,ny,Dorothy
347533699,4513425,ny,Droop Mountain
347535008,4513442,ny,Dunbar
347535547,4513449,ny,Dupont City
347535701,4513451,ny,Durbin
347536548,4513462,ny,Earling
347536625,4513463,ny,East Bank
347536779,4513465,ny,East Dailey
347537087,4513469,ny,East Lynn
347538088,4513482,ny,Eccles
347540013,4513507,ny,Eleanor
347540321,4513511,ny,Elizabeth
347540706,4513516,ny,Elk Garden
347541014,4513520,ny,Elkins
347541399,4513525,ny,Elkview
347541553,4513527,ny,Ellenboro
347543478,4513552,ny,Enterprise
347544094,4513560,ny,Eskdale
347544556,4513566,ny,Euclid
347545018,4513572,ny,Etowah
347545249,4513575,ny,Evenwood
347546327,4513589,ny,Fairlea
347546404,4513590,ny,Fairmont
347546558,4513592,ny,Fairplain
347546635,4513593,ny,Fairview
347547482,4513604,ny,Falling Spring
347547559,4513605,ny,Falling Waters
347548021,4513611,ny,Fanny
347548329,4513615,ny,Falls View
347548406,4513616,ny,Farmington
347548791,4513621,ny,Fayetteville
347551255,4513653,ny,Mitengo ya Flatwood
347551332,4513654,ny,Fleming
347551409,4513655,ny,Flemington
347552410,4513668,ny,Folsom
347552949,4513675,ny,Fort Ashby
347553180,4513678,ny,Fort Gay
347554489,4513695,ny,Frank
347554720,4513698,ny,Franklin
347555105,4513703,ny,Freeman
347555567,4513709,ny,French Creek
347555952,4513714,ny,Friendly
347556645,4513723,ny,Gallipolis Ferry
347556722,4513724,ny,Galloway
347557261,4513731,ny,Gap Mills
347558031,4513741,ny,Garten
347558262,4513744,ny,Gary
347558339,4513745,ny,Gassaway
347558647,4513749,ny,Gaston Manor
347558955,4513753,ny,Gauley Bridge
347560033,4513767,ny,Ghent
347560187,4513769,ny,Gilbert
347560341,4513771,ny,Gilbert Creek
347562112,4513794,ny,Glasgow
347562420,4513798,ny,Glen Alum Junction
347562805,4513803,ny,Glen Ferris
347562882,4513804,ny,Glen Fork
347562959,4513805,ny,Glen Jean
347563267,4513809,ny,Glen White
347563883,4513817,ny,Glenville
347564191,4513821,ny,Glendale
347565885,4513843,ny,Grafton
347566347,4513849,ny,Grant Town
347566501,4513851,ny,Granville
347566655,4513853,ny,Grantsville
347567117,4513859,ny,Great Cacapon
347567271,4513861,ny,Green Bank
347567656,4513866,ny,Green Spring
347568657,4513879,ny,Greenview
347568734,4513880,ny,Greenville
347569581,4513891,ny,Griffith Creek
347570428,4513902,ny,Guyan
347570736,4513906,ny,Gypsy
347572122,4513924,ny,Hamlin
347572584,4513930,ny,Handley
347572969,4513935,ny,Hansford
347573970,4513948,ny,Harkasan
347574201,4513951,ny,Harper
347574432,4513954,ny,Harpers Ferry
347574894,4513960,ny,Harrisville
347574971,4513961,ny,Harter
347575048,4513962,ny,Hartford City
347575279,4513965,ny,Harts
347577204,4513990,ny,Hedgesville
347577589,4513995,ny,Helen
347577897,4513999,ny,Helvetia
347578051,4514001,ny,Henderson
347578128,4514002,ny,Hendricks
347578205,4514003,ny,Henlawson
347578282,4514004,ny,Henning
347578744,4514010,ny,Hepzibah
347579437,4514019,ny,Hewett
347579899,4514025,ny,Hico
347581208,4514042,ny,Hillsboro
347581439,4514045,ny,Hilltop
347581901,4514051,ny,Hinkleville
347581978,4514052,ny,Hinton
347582979,4514065,ny,Holden
347583441,4514071,ny,Hollygrove
347583980,4514078,ny,Hometown
347587291,4514121,ny,Hundred
347587445,4514123,ny,Huntersville
347587522,4514124,ny,Huntington
347587676,4514126,ny,Hurricane
347588061,4514131,ny,Huttonsville
347588138,4514132,ny,Iaeger
347588215,4514133,ny,Idamay
347589524,4514150,ny,Institute
347589678,4514152,ny,Inwood
347589909,4514155,ny,Irish Hill
347590448,4514162,ny,Itmann
347590910,4514168,ny,Ivydale
347591372,4514174,ny,Jacksonburg
347591988,4514182,ny,Jane Lew
347592527,4514189,ny,Jefferson
347592912,4514194,ny,Jenky
347595530,4514228,ny,Jones Springs
347596531,4514241,ny,Junior
347596608,4514242,ny,Justice
347596685,4514243,ny,Justice Addition
347596916,4514246,ny,Junction
347597147,4514249,ny,Kanawha
347597455,4514253,ny,Kanawha Falls
347599534,4514280,ny,Kennison
347599611,4514281,ny,Kenova
347599688,4514282,ny,Kentuck
347599919,4514285,ny,Kermit
347600535,4514293,ny,Keyser
347600612,4514294,ny,Keystone
347600689,4514295,ny,Keystone
347601228,4514302,ny,Kimball
347601305,4514303,ny,Kimberly
347601536,4514306,ny,Kincaid
347601613,4514307,ny,Kincheloe
347602075,4514313,ny,Kingwood
347602614,4514320,ny,Kistler
347603846,4514336,ny,Kopperston
347604770,4514348,ny,Lake Washington
347605463,4514357,ny,Landgraff
347606387,4514369,ny,Lashmeet
347606926,4514376,ny,Lavalette
347607157,4514379,ny,Lawton
347608312,4514394,ny,Leet
347609159,4514405,ny,Leon
347609390,4514408,ny,Lesage
347609698,4514412,ny,Lester
347609775,4514413,ny,Letart
347610006,4514416,ny,Lewisburg
347610314,4514420,ny,Liberty
347611007,4514429,ny,Lile
347611700,4514438,ny,Limestone
347613317,4514459,ny,Littleton
347613856,4514466,ny,Lloydsville
347614857,4514479,ny,Logan
347617090,4514508,ny,Lost Creek
347618399,4514525,ny,Lubeck
347618938,4514532,ny,Lumberport
347619785,4514543,ny,Mabscott
347619862,4514544,ny,MacArthur
347620632,4514554,ny,Madison
347621402,4514564,ny,Malden
347621633,4514567,ny,Man
347622018,4514572,ny,Mallory
347622095,4514573,ny,Mannington
347623173,4514587,ny,Margaret
347623866,4514596,ny,Marlinton
347624020,4514598,ny,Marmet
347624867,4514609,ny,Martinsburg
347625252,4514614,ny,Mason
347625329,4514615,ny,Masontown
347625560,4514618,ny,Matewan
347625637,4514619,ny,Mathias
347625714,4514620,ny,Matheny
347625791,4514621,ny,Matoaka
347626253,4514627,ny,Maybeury
347626869,4514635,ny,McClellan
347627100,4514638,ny,McConnell
347628178,4514652,ny,McMechen
347629025,4514663,ny,Meadow
347629102,4514664,ny,Meadow Bridge
347630334,4514680,ny,Medo
347631951,4514701,ny,Middlebourne
347632182,4514704,ny,Middleway
347633260,4514718,ny,Mill Creek
347634723,4514737,ny,Milton
347634800,4514738,ny,Minden
347635108,4514742,ny,Mineral Wells
347635416,4514746,ny,Minnie
347635724,4514750,ny,Mitchell Heights
347636417,4514759,ny,Monaville
347636648,4514762,ny,Monongah
347636956,4514766,ny,Montcalm
347637264,4514770,ny,Montgomery
347637495,4514773,ny,Montrose
347637726,4514776,ny,Moorefield
347638419,4514785,ny,Morgantown
347639189,4514795,ny,Moundsville
347639651,4514801,ny,Mount Hope
347640883,4514817,ny,Mount Carbon
347641268,4514822,ny,Mount Trimble
347642500,4514838,ny,Mullens
347644348,4514862,ny,Neibert
347645118,4514872,ny,Nettie
347645888,4514882,ny,New Martinsville
347645965,4514883,ny,New Haven
347646119,4514885,ny,New Vrindaban
347646196,4514886,ny,Newark
347646350,4514888,ny,Newburg
347647428,4514902,ny,Nicut
347647890,4514908,ny,Nitro
347648506,4514916,ny,North Hills
347649430,4514928,ny,Norton
347649507,4514929,ny,Northfork
347649969,4514935,ny,Nutter Fort
347650893,4514947,ny,Oak Hill
347651663,4514957,ny,Oakvale
347652125,4514963,ny,Oceana
347653588,4514982,ny,Omar
347655128,4515002,ny,Osage
347655975,4515013,ny,Overfield
347656591,4515021,ny,Paden City
347656668,4515022,ny,Pageton
347657361,4515031,ny,Panther
347657515,4515033,ny,Parcoal
347658054,4515040,ny,Parkersburg
347658439,4515045,ny,Parsons
347658593,4515047,ny,Pawo Pa
347658670,4515048,ny,Pawo Pa
347658747,4515049,ny,Pax
347659055,4515053,ny,Pea Ridge
347659979,4515065,ny,Pennsboro
347660133,4515067,ny,Pentress
347660826,4515076,ny,Peterstown
347660903,4515077,ny,Petersburg
347661596,4515086,ny,Philippi
347661750,4515088,ny,Pickens
347661904,4515090,ny,Piedmont
347661981,4515091,ny,Piedmont
347662597,4515099,ny,Pinch
347663059,4515105,ny,Pine Grove
347663521,4515111,ny,Pineville
347663675,4515113,ny,Piney View
347664522,4515124,ny,Pleasant Valley
347665138,4515132,ny,Pleasantdale
347665446,4515136,ny,Pliny
347665677,4515139,ny,Poca
347666139,4515145,ny,Point Pleasant
347667987,4515169,ny,Powellton
347668218,4515172,ny,Pratt
347668988,4515182,ny,Prichard
347669219,4515185,ny,Prince
347669296,4515186,ny,Princeton
347669681,4515191,ny,Prosperity
347670220,4515198,ny,Pullman
347671529,4515215,ny,Quinwood
347671606,4515216,ny,Racine
347671914,4515220,ny,Rachel
347672376,4515226,ny,Rainelle
347672992,4515234,ny,Rand
347673300,4515238,ny,Ranson
347673685,4515243,ny,Ravenswood
347673916,4515246,ny,Raymond City
347673993,4515247,ny,Raysal
347674224,4515250,ny,Reader
347674686,4515256,ny,Red Jacket
347674840,4515258,ny,Red House
347675610,4515268,ny,Reedsville
347675687,4515269,ny,Reedy
347676457,4515279,ny,Reynoldsville
347676534,4515280,ny,Rhodell
347676919,4515285,ny,Richwood
347677227,4515289,ny,Ridgedale
347677304,4515290,ny,Ridgeley
347678228,4515302,ny,Ripley
347679460,4515318,ny,Rivesville
347679922,4515324,ny,Robinette
347680230,4515328,ny,Rock Cave
347682001,4515351,ny,Roderfield
347682848,4515362,ny,Romney
347683002,4515364,ny,Ronceverte
347684157,4515379,ny,Rossmore
347684234,4515380,ny,Rough Run
347684542,4515384,ny,Rowlesburg
347685004,4515390,ny,Rum Junction
347685312,4515394,ny,Rupert
347686621,4515411,ny,Saint Albans
347686852,4515414,ny,Saint George
347687160,4515418,ny,Maria Woyera
347687391,4515421,ny,Salem
347687699,4515425,ny,Salt Rock
347687853,4515427,ny,Saltwell
347688084,4515430,ny,Sand Fork
347689855,4515453,ny,Sarah Ann
347690471,4515461,ny,Scarbro
347692319,4515485,ny,\N
347692935,4515493,ny,Shady Spring
347693628,4515502,ny,Shannondale
347693859,4515505,ny,Sharlow
347694552,4515514,ny,Shenandoah Junction
347694629,4515515,ny,Shepherdstown
347694860,4515518,ny,Sherrard
347695168,4515522,ny,Shinnston
347695630,4515528,ny,Shrewsbury
347697093,4515547,ny,Sissonville
347697170,4515548,ny,Sistersville
347698171,4515561,ny,Slab Fork
347699095,4515573,ny,Smithers
347699403,4515577,ny,Smithfield
347700250,4515588,ny,Sophia
347700481,4515591,ny,South Charleston
347700635,4515593,ny,South Fayette
347702175,4515613,ny,Spelter
347702252,4515614,ny,Spencer
347702329,4515615,ny,Sprague
347702483,4515617,ny,Sprigg
347703253,4515627,ny,Springfield
347703484,4515630,ny,Sproul
347703638,4515632,ny,Spruce Valley
347704023,4515637,ny,Stanaford
347704177,4515639,ny,Star City
347705640,4515658,ny,Stollings
347705948,4515662,ny,Stonewood
347707565,4515683,ny,Sugar Camp
347708720,4515698,ny,Summersville
347709182,4515704,ny,Suncrest
347709490,4515708,ny,Sundial
347710568,4515722,ny,Sutton
347711415,4515733,ny,Switzer
347711800,4515738,ny,Sylvester
347713879,4515765,ny,Teays
347714264,4515770,ny,Teays Valley
347714572,4515774,ny,Terra Alta
347715650,4515788,ny,Tomasi
347716420,4515798,ny,Thurmond
347716805,4515803,ny,Tioga
347717575,4515813,ny,Trace
347718730,4515828,ny,Tunnelton
347719423,4515837,ny,Twilight
347719885,4515843,ny,Tygart Junction
347720655,4515853,ny,Union
347721425,4515863,ny,Tornado
347722426,4515876,ny,Valley Bend
347722888,4515882,ny,Valley Head
347723504,4515890,ny,Van
347724351,4515901,ny,Vanville
347724967,4515909,ny,Verdunville
347725044,4515910,ny,Verner
347725737,4515919,ny,Vienna
347726353,4515927,ny,Vivian
347726969,4515935,ny,Wahoo
347727585,4515943,ny,Wallace
347727893,4515947,ny,Walnut
347728663,4515957,ny,Nkhondo
347728971,4515961,ny,Wardensville
347729587,4515969,ny,Washington
347730126,4515976,ny,Waverly
347730203,4515977,ny,Wayne
347730665,4515983,ny,Webster Springs
347730973,4515987,ny,Welch
347732205,4516003,ny,West Hamlin
347732436,4516006,ny,West Logan
347732821,4516011,ny,West Union
347733514,4516020,ny,Weston
347733668,4516022,ny,Westover
347735439,4516045,ny,White Sulphur Springs
347735516,4516046,ny,White Hall
347735747,4516049,ny,Whitesville
347735978,4516052,ny,Whitmer
347737210,4516068,ny,Wiley Ford
347737749,4516075,ny,Williamson
347737980,4516078,ny,Williamstown
347739597,4516099,ny,Windy
347739828,4516102,ny,Winfield
347740752,4516114,ny,Wolf Summit
347741753,4516127,ny,Woodruff
347742446,4516136,ny,Worthington
347745680,4516178,ny,Ariton
347746065,4516183,ny,Elba
347746527,4516189,ny,Elmore
347747143,4516197,ny,Nixburg
347748144,4516210,ny,Clow
347749299,4516225,ny,Sherwood
347749453,4516227,ny,Salado
347749915,4516233,ny,Colony Hill
347751070,4516248,ny,Bowden
347753457,4516279,ny,Coalton
347753842,4516284,ny,Gays
347753919,4516285,ny,Grandview
347754073,4516287,ny,Franklin
347754150,4516288,ny,Newton
347754227,4516289,ny,Medora
347754997,4516299,ny,Owen
347755074,4516300,ny,Prairieton
347755382,4516304,ny,Azitona
347756152,4516314,ny,Gamaliel
347757615,4516333,ny,South Williamson
347757846,4516336,ny,Stringtown
347758385,4516343,ny,Bringhurst
347759232,4516354,ny,Little Orleans
347759848,4516362,ny,Carlos
347760156,4516366,ny,High Point
347761773,4516387,ny,Latham
347761850,4516388,ny,Little Blue
347761927,4516389,ny,Linn
347762004,4516390,ny,Phillipsburg
347762235,4516393,ny,Villa Ridge
347762466,4516396,ny,Strasburg
347762697,4516399,ny,Winston
347763698,4516412,ny,Rosedale
347763852,4516414,ny,Shaw
347764083,4516417,ny,Winterville
347764391,4516421,ny,Cedar Rock
347764545,4516423,ny,Dobbins Heights
347764699,4516425,ny,Julian
347765084,4516430,ny,Northwest
347765546,4516436,ny,Merchantville
347765623,4516437,ny,Florence
347766085,4516443,ny,Oak Valley
347766162,4516444,ny,Bremen
347766316,4516446,ny,Loko
347766393,4516447,ny,Chillicothe
347766778,4516452,ny,South Solon
347767163,4516457,ny,Coalgate
347768087,4516469,ny,Nashoba
347768934,4516480,ny,Fairhope
347769396,4516486,ny,Mahoning
347771706,4516516,ny,Finley
347772245,4516523,ny,Muddy Pond
347772553,4516527,ny,Charco
347773477,4516539,ny,Dilley
347773554,4516540,ny,Devine
347774016,4516546,ny,Hickory Creek
347775017,4516559,ny,Wallis
347775479,4516565,ny,Casanova
347775787,4516569,ny,Bruno
347775864,4516570,ny,New Kent
347775941,4516571,ny,Independence
347776172,4516574,ny,Millboro
347776403,4516577,ny,New Church
347776634,4516580,ny,Cresson
347776788,4516582,ny,Bay City
347776865,4516583,ny,Pastoria
347777327,4516589,ny,Wise
347778020,4516598,ny,Fenwick
347778328,4516602,ny,Kunyumba
347778944,4516610,ny,Tsamba
347779021,4516611,ny,Peach Creek
347779483,4516617,ny,West Milford
347779714,4516620,ny,Abanda
347779791,4516621,ny,Abbeville
347780176,4516626,ny,Abernant
347781023,4516637,ny,Adamsville
347781177,4516639,ny,Addison
347781254,4516640,ny,Adler
347782255,4516653,ny,Alabaster
347782409,4516655,ny,Alberta
347782486,4516656,ny,Albertville
347783025,4516663,ny,Alexander City
347783102,4516664,ny,Alexandria
347783410,4516668,ny,Aliceville
347784103,4516677,ny,Allenville
347784180,4516678,ny,Allgood
347785797,4516699,ny,Altoona
347785951,4516701,ny,Andalusia
347786028,4516702,ny,Anderson
347786105,4516703,ny,Anderson
347786413,4516707,ny,Anniston
347787568,4516722,ny,Rossburg
347787876,4516726,ny,Chiarabu
347788184,4516730,ny,Argo
347788646,4516736,ny,Argo
347789031,4516741,ny,Arley
347789647,4516749,ny,Ashbank
347789878,4516752,ny,Asbury
347790032,4516754,ny,Athens
347790263,4516757,ny,Ashford
347790340,4516758,ny,Ashland
347790494,4516760,ny,Ashville
347790879,4516765,ny,Atmore
347790956,4516766,ny,Attalla
347791264,4516770,ny,Auburn
347791649,4516775,ny,Autaugaville
347791803,4516777,ny,Axis
347792188,4516782,ny,Avon
347792573,4516787,ny,Babbie
347793420,4516798,ny,Brunswick
347793728,4516802,ny,Baileyton
347794267,4516809,ny,Baker Hill
347794344,4516810,ny,Ballplay
347795268,4516822,ny,Mabanki
347798656,4516866,ny,Haddam
347798810,4516868,ny,Norfolk
347798887,4516869,ny,South Coventry
347798964,4516870,ny,Tariffville
347799041,4516871,ny,Union
347799272,4516874,ny,Bouton
347799349,4516875,ny,Defiance
347799426,4516876,ny,Fort Atkinson
347799580,4516878,ny,Gladbrook
347799657,4516879,ny,Guernsey
347800042,4516884,ny,Cornwall
347800119,4516885,ny,Cornwall Bridge
347800273,4516887,ny,Mooar
347800350,4516888,ny,Montour
347800504,4516890,ny,New Liberty
347800581,4516891,ny,Pulcifer
347800966,4516896,ny,Victor
347801120,4516898,ny,Cos Cob
347801197,4516899,ny,Aux Sable
347801274,4516900,ny,Andover
347801351,4516901,ny,Coventry
347801428,4516902,ny,Canton
347801659,4516905,ny,Deer Park
347801813,4516907,ny,Coventry Lake
347801967,4516909,ny,Glendale Heights
347802352,4516914,ny,Kempton
347802429,4516915,ny,Lena
347802506,4516916,ny,Neponset
347802660,4516918,ny,Milo
347803045,4516923,ny,Cromwell
347803122,4516924,ny,Ripley
347803199,4516925,ny,Smithville
347803584,4516930,ny,East Falmouth
347803661,4516931,ny,Palmer
347803815,4516933,ny,`Itab
347804123,4516937,ny,Crystal Lake
347804508,4516942,ny,North Andover
347804893,4516947,ny,Revere
347805047,4516949,ny,South Lincoln
347805201,4516951,ny,West Barnstable
347805278,4516952,ny,Wareham
347805509,4516955,ny,Alfred
347805586,4516956,ny,Danbury
347805663,4516957,ny,Bertha Shaft Village
347805740,4516958,ny,Guilford
347806048,4516962,ny,Chiyembekezo
347806202,4516964,ny,Danielson
347806356,4516966,ny,Darien
347806510,4516968,ny,Rockland
347806664,4516970,ny,Union
347806741,4516971,ny,Champion
347806972,4516974,ny,Kuthamangitsa
347807203,4516977,ny,Inkster
347807280,4516978,ny,Dayville
347807511,4516981,ny,Sauble
347807819,4516985,ny,Callaway
347807896,4516986,ny,Deep River
347808127,4516989,ny,Goldenrod
347808358,4516992,ny,Edina
347808435,4516993,ny,Dempsey Landing
347808820,4516998,ny,Derby
347809051,4517001,ny,Soudan
347809436,4517006,ny,Saint Edward
347809667,4517009,ny,Embden
347809744,4517010,ny,Alvo
347809898,4517012,ny,El Ojite
347810052,4517014,ny,Dodgingtown
347810514,4517020,ny,Shelby
347810591,4517021,ny,Sprague
347810745,4517023,ny,Dalton
347810976,4517026,ny,Stark
347811515,4517033,ny,Yardville
347811592,4517034,ny,Camillus
347811746,4517036,ny,Clyde
347811900,4517038,ny,Durham
347813517,4517059,ny,Remsen
347813594,4517060,ny,Rush
347814210,4517068,ny,South Bristol
347814595,4517073,ny,Wayland
347814826,4517076,ny,Watervliet
347814903,4517077,ny,East Brooklyn
347815288,4517082,ny,Catawba Island
347815519,4517085,ny,Camden
347815827,4517089,ny,Cleveland Heights
347815904,4517090,ny,Vienna
347816135,4517093,ny,Florida
347816289,4517095,ny,East Granby
347816366,4517096,ny,Glenmont
347816520,4517098,ny,Genoa
347816597,4517099,ny,Linndale
347816674,4517100,ny,East Haddam
347816982,4517104,ny,East Hampton
347817213,4517107,ny,East Hartford
347817444,4517110,ny,East Haven
347818368,4517122,ny,Kuthamangitsa
347818445,4517123,ny,Carnegie
347819754,4517140,ny,East Putnam
347819908,4517142,ny,Francis
347820216,4517146,ny,Goldsboro
347820447,4517149,ny,Harrison
347821063,4517157,ny,Moravia
347821448,4517162,ny,Pavia
347821910,4517168,ny,Plumer
347822141,4517171,ny,Eastford
347822295,4517173,ny,Michael Woyera
347822372,4517174,ny,Easton
347822449,4517175,ny,Michael Woyera
347822680,4517178,ny,Sunol
347823142,4517184,ny,Warsaw
347823681,4517191,ny,Hayti
347824297,4517199,ny,Brussels
347824374,4517200,ny,Clarks Mills
347824451,4517201,ny,Colburn
347824682,4517204,ny,Ellington
347825606,4517216,ny,Montfort
347825914,4517220,ny,Richardson
347825991,4517221,ny,Sherry
347826376,4517226,ny,Enfield
347826453,4517227,ny,Essex
347827069,4517235,ny,Fairfield
347827223,4517237,ny,Falls Village
347827300,4517238,ny,Farmington
347827762,4517244,ny,Fenwick
347827993,4517247,ny,Fitchville
347829302,4517264,ny,Makona anayi
347829764,4517270,ny,Franklin
347829841,4517271,ny,Gales Ferry
347829918,4517272,ny,Gaylordsville
347829995,4517273,ny,Georgetown
347830611,4517281,ny,Glastonbury
347830688,4517282,ny,Glastonbury Center
347830765,4517283,ny,Glen Ridge
347830842,4517284,ny,Glenville
347831381,4517291,ny,Gosheni
347831535,4517293,ny,Granby
347831920,4517298,ny,Greens Farms
347832151,4517301,ny,Greenwich
347832459,4517305,ny,Groton
347832536,4517306,ny,Groton Long Point
347832690,4517308,ny,Guilford
347833306,4517316,ny,Bhamdoun
347833614,4517320,ny,Hampton
347833845,4517323,ny,Hanover
347834307,4517329,ny,Hartford
347834384,4517330,ny,Hartland
347834461,4517331,ny,Harwinton
347835077,4517339,ny,Hazardville
347835154,4517340,ny,Hawleyville
347835231,4517341,ny,Hebron
347835385,4517343,ny,Heritage Village
347835539,4517345,ny,Higganum
347836155,4517353,ny,Hilliardville
347838080,4517378,ny,Jewett City
347838619,4517385,ny,Kensington
347838696,4517386,ny,Kent
347839004,4517390,ny,Killingly Center
347839081,4517391,ny,Killingworth
347839543,4517397,ny,Lake Pocotopaug
347840005,4517403,ny,Lakeside Woods
347840082,4517404,ny,Lakeville
347840698,4517412,ny,Lebanon
347840775,4517413,ny,Ledyard
347841237,4517419,ny,Lisbon
347841314,4517420,ny,Litchfield
347841622,4517424,ny,Long Hill
347841853,4517427,ny,Long Hill
347842084,4517430,ny,Lordship
347842700,4517438,ny,Madison
347842777,4517439,ny,Manchester
347842931,4517441,ny,Manitock Spring
347843008,4517442,ny,Mansfield Center
347843085,4517443,ny,Mansfield
347843624,4517450,ny,Marlborough
347844471,4517461,ny,Mudzi wa Melville
347844548,4517462,ny,Meriden
347845010,4517468,ny,Middlebury
347845087,4517469,ny,Middlefield
347845164,4517470,ny,Middletown
347845241,4517471,ny,Midway
347845395,4517473,ny,Milford
347847012,4517494,ny,Monroe
347847166,4517496,ny,Montville Center
347847320,4517498,ny,Moodus
347847474,4517500,ny,Moosup
347847782,4517504,ny,Morris
347848475,4517513,ny,Mystic
347848706,4517516,ny,Naugatuck
347849091,4517521,ny,New Britain
347849168,4517522,ny,New Canaan
347849245,4517523,ny,New Fairfield
347849399,4517525,ny,New Hartford
347849476,4517526,ny,New Haven
347849553,4517527,ny,New London
347849630,4517528,ny,New Milford
347849707,4517529,ny,New Preston
347850246,4517536,ny,Newington
347850400,4517538,ny,Niantic
347850554,4517540,ny,Nanuk
347850631,4517541,ny,Noroton
347850708,4517542,ny,Noroton Heights
347850862,4517544,ny,North Bloomfield
347850939,4517545,ny,North Branford
347851093,4517547,ny,North Cornwall
347851170,4517548,ny,North Coventry
347851478,4517552,ny,North Franklin
347851632,4517554,ny,North Granby
347851786,4517556,ny,North Grosvenor Dale
347851863,4517557,ny,North Guilford
347851940,4517558,ny,North Haven
347852710,4517568,ny,North Stonington
347853018,4517572,ny,North Windham
347853403,4517577,ny,Northford
347853557,4517579,ny,Norwalk
347853634,4517580,ny,Norwich
347854096,4517586,ny,Oakland Gardens
347854250,4517588,ny,Oakville
347854558,4517592,ny,Old Greenwich
347854635,4517593,ny,Old Lyme
347854789,4517595,ny,Old Mystic
347854866,4517596,ny,Old Saybrook
347855020,4517598,ny,Orange
347855174,4517600,ny,Ore Hill
347855328,4517602,ny,Oronoque
347855636,4517606,ny,Oswegatchie
347856021,4517611,ny,Oxford
347856329,4517615,ny,Packer
347856637,4517619,ny,Pawcatuck
347856945,4517623,ny,Pemberwick
347858100,4517638,ny,Plainfield
347858177,4517639,ny,Plainville
347858254,4517640,ny,Plantsville
347858485,4517643,ny,Plattsville
347858947,4517649,ny,Plymouth
347859332,4517654,ny,Pomfret
347860025,4517663,ny,Poquonock
347860102,4517664,ny,Poquonock Bridge
347860179,4517665,ny,Portland
347860333,4517667,ny,Prospect
347860410,4517668,ny,Preston City
347860795,4517673,ny,Putnam
347861257,4517679,ny,Quinebaug
347861642,4517684,ny,Redding
347861950,4517688,ny,Ridgebury
347862027,4517689,ny,Ridgefield
347862720,4517698,ny,Riverdale
347862874,4517700,ny,Riverside
347863798,4517712,ny,Rockville
347863952,4517714,ny,Rocky Hill
347864491,4517721,ny,Roxbury
347864722,4517724,ny,Russian Village
347864876,4517726,ny,Salem
347864953,4517727,ny,Salisbury
347865030,4517728,ny,Salmon Brook
347865261,4517731,ny,Sandy Hook
347865723,4517737,ny,Saybrook Manor
347866108,4517742,ny,Scotland
347866647,4517749,ny,Seymour
347867032,4517754,ny,Sharon
347867109,4517755,ny,Shelton
347867186,4517756,ny,Sherman
347867340,4517758,ny,Sherwood Manor
347867571,4517761,ny,Shorehaven
347868033,4517767,ny,Simsbury
347868418,4517772,ny,Somers
347868572,4517774,ny,Sound View
347868726,4517776,ny,South Canaan
347869496,4517786,ny,South Glastonbury
347869881,4517791,ny,South Windham
347869958,4517792,ny,South Windsor
347870035,4517793,ny,South Woodstock
347870112,4517794,ny,Southbury
347870266,4517796,ny,Southington
347870343,4517797,ny,Southport
347870420,4517798,ny,Southwood Acres
347870497,4517799,ny,South Wilton
347870959,4517805,ny,Stafford
347871036,4517806,ny,Stafford Springs
347871113,4517807,ny,Staffordville
347871190,4517808,ny,Stamford
347871344,4517810,ny,Stepney
347871421,4517811,ny,Sterling
347871806,4517816,ny,Stonington
347871960,4517818,ny,Storrs
347872191,4517821,ny,Stratford
347872345,4517823,ny,Suffield
347872422,4517824,ny,Suffield Depot
347873115,4517833,ny,Taylor Corners
347873269,4517835,ny,Terramuggus
347873346,4517836,ny,Terryville
347873731,4517841,ny,Thomaston
347873808,4517842,ny,Thompson
347873885,4517843,ny,Thompsonville
347874270,4517848,ny,Tokeneke
347874347,4517849,ny,Tolland
347874424,4517850,ny,\N
347874578,4517852,ny,Topstone
347874732,4517854,ny,Torrington
347875271,4517861,ny,Trumbull
347876426,4517876,ny,Vernon
347876734,4517880,ny,Voluntown
347876811,4517881,ny,Wallingford
347877196,4517886,ny,Warehouse Point
347877273,4517887,ny,Warren
347877427,4517889,ny,Washington
347877581,4517891,ny,Waterbury
347877658,4517892,ny,Watertown
347877812,4517894,ny,Wauregan
347877966,4517896,ny,Weatogue
347878582,4517904,ny,West Cornwall
347878736,4517906,ny,West Goshen
347878967,4517909,ny,West Hartford
347879121,4517911,ny,West Haven
347879968,4517922,ny,West Simsbury
347880507,4517929,ny,West Woodstock
347880584,4517930,ny,Westbrook
347881046,4517936,ny,Weston
347881123,4517937,ny,Westport
347881431,4517941,ny,Wethersfield
347882047,4517949,ny,Willimantic
347882432,4517954,ny,Wilton
347882509,4517955,ny,Winchester Center
347882663,4517957,ny,Windham
347882817,4517959,ny,Windsor
347882894,4517960,ny,Windsor Locks
347883202,4517964,ny,Winsted
347883356,4517966,ny,Wolcott
347883433,4517967,ny,Woodbridge
347883510,4517968,ny,Woodbury
347883587,4517969,ny,Woodmont
347883664,4517970,ny,Woodstock
347884665,4517983,ny,Ackley
347884742,4517984,ny,Ackworth
347884819,4517985,ny,Adair
347885050,4517988,ny,Adel
347885204,4517990,ny,Afton
347885281,4517991,ny,Agency
347885358,4517992,ny,Ainsworth
347885435,4517993,ny,Akron
347885666,4517996,ny,Albert City
347885743,4517997,ny,Alvaro Obregon
347885820,4517998,ny,Albion
347885897,4517999,ny,Alburnett
347885974,4518000,ny,Alden
347886051,4518001,ny,Alexander
347886128,4518002,ny,Algona
347886282,4518004,ny,Alleman
347886513,4518007,ny,Allerton
347886590,4518008,ny,Allison
347886898,4518012,ny,Alta
347886975,4518013,ny,Alta Vista
347887052,4518014,ny,Mathithi aku America
347887129,4518015,ny,Altoona
347887206,4518016,ny,Alvord
347887283,4518017,ny,Amana
347887437,4518019,ny,Amene
347887668,4518022,ny,Anamosa
347887745,4518023,ny,Anderson
347887822,4518024,ny,Andover
347887899,4518025,ny,Andrew
347888053,4518027,ny,Andrews
347888207,4518029,ny,Anita
347888284,4518030,ny,Ankeny
347888361,4518031,ny,Anthon
347888438,4518032,ny,Aplington
347888669,4518035,ny,Arcadia
347888746,4518036,ny,Woponya mivi
347888900,4518038,ny,Aredale
347889131,4518041,ny,Arion
347889208,4518042,ny,Arispe
347889285,4518043,ny,Arlington
347889593,4518047,ny,Armstrong
347889747,4518049,ny,Arnolds Park
347889978,4518052,ny,Arthur
347890055,4518053,ny,Asbury
347890209,4518055,ny,Argyle
347890440,4518058,ny,Ashton
347890517,4518059,ny,Aspinwall
347890671,4518061,ny,Atalissa
347890748,4518062,ny,Athelstan
347890825,4518063,ny,Atkins
347890902,4518064,ny,Atlantic
347891133,4518067,ny,Auburn
347891210,4518068,ny,Audubon
347891287,4518069,ny,Augusta
347891364,4518070,ny,Aurelia
347891518,4518072,ny,Aurora
347891826,4518076,ny,Avoca
347892134,4518080,ny,Ayrshire
347892365,4518083,ny,Badger
347892519,4518085,ny,Bagley
347892750,4518088,ny,Baldwin
347892981,4518091,ny,Balltown
347893135,4518093,ny,Bancroft
347893289,4518095,ny,Bankston
347893520,4518098,ny,Barnes City
347893674,4518100,ny,Barnum
347893828,4518102,ny,Bartlett
347893905,4518103,ny,Bassett
347893982,4518104,ny,Batavia
347894059,4518105,ny,Battle Creek
347894213,4518107,ny,Baxter
347894290,4518108,ny,Bayard
347894444,4518110,ny,Beacon
347894521,4518111,ny,Beaconsfield
347894598,4518112,ny,Beaman
347894675,4518113,ny,Beaver
347894752,4518114,ny,Beaverdale
347894906,4518116,ny,Bedford
347895368,4518122,ny,Belle Plaine
347895522,4518124,ny,Bellevue
347895599,4518125,ny,Belmond
347895830,4518128,ny,Bennett
347896061,4518131,ny,Bentley
347896138,4518132,ny,Benton
347896369,4518135,ny,Berkley
347896523,4518137,ny,Bernard
347896831,4518141,ny,Bertram
347897293,4518147,ny,Bettembourg
347897524,4518150,ny,Bevington
347897601,4518151,ny,Bidwell
347897678,4518152,ny,Big Mound
347898063,4518157,ny,Birmingham
347898448,4518162,ny,Blairsburg
347898525,4518163,ny,Blairstown
347898602,4518164,ny,Blakesburg
347898756,4518166,ny,Blencoe
347899064,4518170,ny,Blockton
347899141,4518171,ny,Bloomfield
347899372,4518174,ny,Blue Grass
347899757,4518179,ny,Bode
347899911,4518181,ny,Bolan
347900219,4518185,ny,Bonaparte
347900296,4518186,ny,Bondurant
347900373,4518187,ny,Boone
347900450,4518188,ny,Booneville
347900758,4518192,ny,Boxholm
347900912,4518194,ny,Boyden
347901143,4518197,ny,Braddyville
347901297,4518199,ny,Bradford
347901374,4518200,ny,Bradgate
347901528,4518202,ny,Brandon
347901605,4518203,ny,Brayton
347901836,4518206,ny,Breda
347902298,4518212,ny,Bridgewater
347902375,4518213,ny,Brighton
347902452,4518214,ny,Bristol
347902529,4518215,ny,Bristow
347902606,4518216,ny,Britt
347902837,4518219,ny,Bronson
347903068,4518222,ny,Brooklyn
347903607,4518229,ny,Brunsville
347904146,4518236,ny,Buck Grove
347904223,4518237,ny,Buck Grove
347904300,4518238,ny,Buckeye
347904762,4518244,ny,Buffalo
347904839,4518245,ny,Buffalo Center
347905147,4518249,ny,Burchinal
347905301,4518251,ny,Burlington
347905455,4518253,ny,Burr Oak
347905532,4518254,ny,Burt
347905686,4518256,ny,Bussey
347905763,4518257,ny,Butler Center
347905994,4518260,ny,Calamus
347906225,4518263,ny,California Junction
347906302,4518264,ny,Allende
347906379,4518265,ny,Calmar
347906456,4518266,ny,Calumet
347906533,4518267,ny,Camanche
347906687,4518269,ny,Cambridge
347907534,4518280,ny,Cantril
347907688,4518282,ny,Carbon
347907842,4518284,ny,Carbondale
347907996,4518286,ny,Carlisle
347908612,4518294,ny,Mmisiri wa matabwa
347908766,4518296,ny,Carroll
347908997,4518299,ny,Carson
347909151,4518301,ny,Carter Lake
347909305,4518303,ny,Cascade
347909382,4518304,ny,Casey
347909613,4518307,ny,Castalia
347909690,4518308,ny,Castana
347910229,4518315,ny,Cedar Falls
347910691,4518321,ny,Cedar Rapids
347910922,4518324,ny,Center Junction
347910999,4518325,ny,Center Point
347911153,4518327,ny,Centerville
347911230,4518328,ny,Centerville
347911307,4518329,ny,Central City
347911461,4518331,ny,Centralia
347911692,4518334,ny,Chapin
347911769,4518335,ny,Chariton
347911846,4518336,ny,Charles City
347912000,4518338,ny,Charlotte
347912077,4518339,ny,Charter Oak
347912154,4518340,ny,Chatsworth
347912308,4518342,ny,Chelsea
347912539,4518345,ny,Cherokee
347912693,4518347,ny,Chester
347912770,4518348,ny,Chillicothe
347913001,4518351,ny,Churdan
347913078,4518352,ny,Cincinnati
347913232,4518354,ny,Clare
347913309,4518355,ny,Clarence
347913386,4518356,ny,Clarinda
347913463,4518357,ny,Clarion
347913694,4518360,ny,Clarksville
347913848,4518362,ny,Clayton
347914079,4518365,ny,Clear Lake
347914156,4518366,ny,Clearfield
347914233,4518367,ny,Cleghorn
347914310,4518368,ny,Clemons
347914387,4518369,ny,Clermont
347914695,4518373,ny,Climbing Hill
347914772,4518374,ny,Clinton
347914926,4518376,ny,Clio
347915003,4518377,ny,Clive
347915311,4518381,ny,Clutier
347915696,4518386,ny,Coalville
347915773,4518387,ny,Coburg
347915850,4518388,ny,Coggon
347915927,4518389,ny,Coin
347916004,4518390,ny,Colesburg
347916081,4518391,ny,Colfax
347916158,4518392,ny,College Springs
347916312,4518394,ny,Collins
347916389,4518395,ny,Colo
347916543,4518397,ny,Colonial Terrace Mobile Home Park
347916697,4518399,ny,Columbus City
347916774,4518400,ny,Columbus Junction
347916851,4518401,ny,Colwell
347917082,4518404,ny,Conesville
347917236,4518406,ny,Conger
347917467,4518409,ny,Conrad
347917544,4518410,ny,Conroy
347917852,4518414,ny,Coon Rapids
347918006,4518416,ny,Coppock
347918160,4518418,ny,Coralville
347918314,4518420,ny,Corley
347918545,4518423,ny,Corning
347918622,4518424,ny,Correctionville
347918699,4518425,ny,Corwith
347918776,4518426,ny,Corydon
347919084,4518430,ny,Cotter
347919315,4518433,ny,Coulter
347919392,4518434,ny,Council Bluffs
347920162,4518444,ny,Countryside Mobile Home Court
347920393,4518447,ny,Craig
347920624,4518450,ny,Crawfordsville
347920778,4518452,ny,Crescent
347920932,4518454,ny,Cresco
347921009,4518455,ny,Creston
347921548,4518462,ny,Cromwell
347921702,4518464,ny,Crows Nest Resort
347921779,4518465,ny,Crystal Lake
347921856,4518466,ny,Cumberland
347921933,4518467,ny,Cumming
347922010,4518468,ny,Curlew
347922087,4518469,ny,Cushing
347922164,4518470,ny,Cylinder
347922395,4518473,ny,Dakota City
347922780,4518478,ny,Dallas Center
347922857,4518479,ny,Dana
347922934,4518480,ny,Danbury
347923011,4518481,ny,Danville
347923242,4518484,ny,Davenport
347923319,4518485,ny,Davis City
347923627,4518489,ny,Dayton
347923781,4518491,ny,De Soto
347923858,4518492,ny,De Witt
347923935,4518493,ny,Dawson
347924089,4518495,ny,Decatur
347924166,4518496,ny,Decorah
347924243,4518497,ny,Dedham
347924320,4518498,ny,Deep River
347924551,4518501,ny,Delaware
347924628,4518502,ny,Delhi
347924705,4518503,ny,Delmar
347924782,4518504,ny,El Ojite
347924859,4518505,ny,Delphos
347924936,4518506,ny,Delta
347925090,4518508,ny,Denison
347925167,4518509,ny,Denmark
347925321,4518511,ny,Denver
347925475,4518513,ny,Derby
347925552,4518514,ny,Des Moines
347925860,4518518,ny,Dexter
347925937,4518519,ny,Diagonal
347926091,4518521,ny,Dickens
347926553,4518527,ny,Dixon
347926630,4518528,ny,Dike
347926784,4518530,ny,Dolliver
347926861,4518531,ny,Donahue
347927092,4518534,ny,Donnellson
347927169,4518535,ny,Doon
347927477,4518539,ny,Douds
347927554,4518540,ny,Dougherty
347927862,4518544,ny,Dow City
347928093,4518547,ny,Dows
347928170,4518548,ny,Drakesville
347928478,4518552,ny,Dubuque
347928709,4518555,ny,Dumont
347928863,4518557,ny,Duncan
347928940,4518558,ny,Duncombe
347929017,4518559,ny,Dundee
347929094,4518560,ny,Dunkerton
347929171,4518561,ny,Dunlap
347929248,4518562,ny,Durango
347929325,4518563,ny,Durant
347929556,4518566,ny,Dyersville
347929633,4518567,ny,Dysart
347929864,4518570,ny,Eagle Grove
347930095,4518573,ny,Earlham
347930172,4518574,ny,Earling
347930249,4518575,ny,Earlville
347930326,4518576,ny,Early
347930480,4518578,ny,East Amana
347931019,4518585,ny,East Peru
347931096,4518586,ny,East Pleasant Plain
347931866,4518596,ny,Edenville
347931943,4518597,ny,Edgewood
347932328,4518602,ny,Eddyville
347932559,4518605,ny,Elberon
347932713,4518607,ny,Eldon
347932790,4518608,ny,Eldora
347932944,4518610,ny,Eldridge
347933098,4518612,ny,Elgin
347933175,4518613,ny,Elk Horn
347933329,4518615,ny,Elk Run Heights
347933406,4518616,ny,Elkader
347933483,4518617,ny,Elkhart
347933560,4518618,ny,Elkport
347933714,4518620,ny,Elliott
347933868,4518622,ny,Ellston
347933945,4518623,ny,Ellsworth
347934099,4518625,ny,Elma
347934484,4518630,ny,Elwood
347934561,4518631,ny,Ely
347934715,4518633,ny,Emerson
347934869,4518635,ny,Emmetsburg
347935100,4518638,ny,Epworth
347935331,4518641,ny,Estherville
347935408,4518642,ny,Essex
347935793,4518647,ny,Evansdale
347936101,4518651,ny,Everly
347936332,4518654,ny,Exira
347936409,4518655,ny,Exline
347936486,4518656,ny,Fairbank
347936563,4518657,ny,Fairfax
347936640,4518658,ny,Fairfield
347936717,4518659,ny,Fairport
347936871,4518661,ny,Fairview
347937102,4518664,ny,Farley
347937333,4518667,ny,Farmersburg
347937410,4518668,ny,Farmington
347937487,4518669,ny,Farnhamville
347937564,4518670,ny,Farragut
347937872,4518674,ny,Fayette
347937949,4518675,ny,Fenton
347938026,4518676,ny,Ferguson
347938257,4518679,ny,Fertile
347938642,4518684,ny,Findley
347939335,4518693,ny,Floris
347939412,4518694,ny,Floyd
347939643,4518697,ny,Fonda
347939720,4518698,ny,Fontanelle
347939951,4518701,ny,Forest City
347940413,4518707,ny,Fort Dodge
347940490,4518708,ny,Fort Madison
347940644,4518710,ny,Fostoria
347940721,4518711,ny,Franklin
347940875,4518713,ny,Fraser
347940952,4518714,ny,Fredericksburg
347941029,4518715,ny,Fedorivka
347941106,4518716,ny,Fredonia
347941414,4518720,ny,Fremont
347941722,4518724,ny,Fruitland
347942107,4518729,ny,Galva
347942184,4518730,ny,Garber
347942261,4518731,ny,Galt
347942338,4518732,ny,Garden City
347942415,4518733,ny,Garden Grove
347942723,4518737,ny,Garland
347942800,4518738,ny,Garnavillo
347942877,4518739,ny,Garner
347942954,4518740,ny,Garrison
347943108,4518742,ny,Garwin
347943570,4518748,ny,Geneva
347943801,4518751,ny,George
347943955,4518753,ny,Garretville
347944263,4518757,ny,Germanville
347944494,4518760,ny,Gibson
347944648,4518762,ny,Gilbert
347944725,4518763,ny,Gilbertville
347944879,4518765,ny,Gillett Grove
347945033,4518767,ny,Gilman
347945110,4518768,ny,Gilmore City
347945880,4518778,ny,Glenwood
347945957,4518779,ny,Glidden
347946342,4518784,ny,Goldfield
347946573,4518787,ny,Goodell
347946650,4518788,ny,Goose Lake
347946804,4518790,ny,Gowrie
347947035,4518793,ny,Graettinger
347947112,4518794,ny,Graf
347947189,4518795,ny,Grafton
347947266,4518796,ny,Grand Junction
347947343,4518797,ny,Grand Mound
347947420,4518798,ny,Grand River
347947574,4518800,ny,Grandview
347947728,4518802,ny,Granger
347948036,4518806,ny,Grant
347948190,4518808,ny,Granville
347948344,4518810,ny,Gravity
347948498,4518812,ny,Greeley
347948960,4518818,ny,Green Island
347949114,4518820,ny,Green Mountain
347949422,4518824,ny,Greene
347949499,4518825,ny,Greenfield
347949653,4518827,ny,Greenville
347949884,4518830,ny,Grimes
347949961,4518831,ny,Grinnell
347950038,4518832,ny,Griswold
347950115,4518833,ny,Grundy Center
347950192,4518834,ny,Gruver
347950423,4518837,ny,Guthrie Center
347950500,4518838,ny,Guttenberg
347950731,4518841,ny,Halbur
347951039,4518845,ny,Hamburg
347951193,4518847,ny,Hamilton
347951347,4518849,ny,Hampton
347951424,4518850,ny,Hancock
347951655,4518853,ny,Hanlontown
347951963,4518857,ny,Hansell
347952040,4518858,ny,Harcourt
347952271,4518861,ny,Hardy
347952348,4518862,ny,Harlan
347952502,4518864,ny,Harper
347952579,4518865,ny,Harpers Ferry
347952656,4518866,ny,Harris
347953041,4518871,ny,Hartford
347953118,4518872,ny,Hartley
347953195,4518873,ny,Hartwick
347953349,4518875,ny,Harvey
347953580,4518878,ny,Hastings
347953734,4518880,ny,Havelock
347953888,4518882,ny,Haverhill
347954042,4518884,ny,Hawarden
347954119,4518885,ny,Hawkeye
347954427,4518889,ny,Hayesville
347954504,4518890,ny,Hayfield
347954658,4518892,ny,Hazel Green
347954735,4518893,ny,Hazleton
347954889,4518895,ny,Hedrick
347955043,4518897,ny,Henderson
347955197,4518899,ny,Hepburn
347955582,4518904,ny,Hiawatha
347956044,4518910,ny,High Amana
347956891,4518921,ny,Hills
347956968,4518922,ny,Hillsboro
347957276,4518926,ny,Hinton
347957969,4518935,ny,Holland
347958200,4518938,ny,Holstein
347958354,4518940,ny,Holy Cross
347958431,4518941,ny,Holy Cross
347958585,4518943,ny,Homestead
347959047,4518949,ny,Hopkinton
347959201,4518951,ny,Hornick
347959355,4518953,ny,Hospers
347959432,4518954,ny,Houghton
347959663,4518957,ny,Hubbard
347959740,4518958,ny,Hudson
347959894,4518960,ny,Hull
347959971,4518961,ny,Humboldt
347960048,4518962,ny,Humeston
347960433,4518967,ny,Hutchins
347960510,4518968,ny,Huxley
347960664,4518970,ny,Ida Grove
347960895,4518973,ny,Imogene
347960972,4518974,ny,Independence
347961280,4518978,ny,Indianola
347961434,4518980,ny,Inwood
347961588,4518982,ny,Ionia
347961742,4518984,ny,Iowa City
347961819,4518985,ny,Iowa Falls
347961973,4518987,ny,Ireton
347962204,4518990,ny,Irvington
347962281,4518991,ny,Irwin
347962666,4518996,ny,Jackson Junction
347962820,4518998,ny,Jacksonville
347962974,4519000,ny,Jamaica
347963359,4519005,ny,Janesville
347963513,4519007,ny,Jefferson
347963744,4519010,ny,Jesup
347963821,4519011,ny,Jewell
347963898,4519012,ny,Johnston
347963975,4519013,ny,Joice
347964052,4519014,ny,Jolley
347964822,4519024,ny,Kalona
347964976,4519026,ny,Kamrar
347965053,4519027,ny,Kanawha
347965130,4519028,ny,Kellerton
347965207,4519029,ny,Kelley
347965284,4519030,ny,Kellogg
347965746,4519036,ny,Kensett
347965823,4519037,ny,Kent
347965900,4519038,ny,Kentner
347966054,4519040,ny,Keokuk
347966131,4519041,ny,Keomah Village
347966208,4519042,ny,Keosauqua
347966285,4519043,ny,Keota
347966439,4519045,ny,Keswick
347966593,4519047,ny,Keystone
347966901,4519051,ny,Kimballton
347967132,4519054,ny,Kingsley
347967286,4519056,ny,Kingston
347967363,4519057,ny,Kinross
347967440,4519058,ny,Kirkman
347967517,4519059,ny,Kirkville
347967671,4519061,ny,Kiron
347967748,4519062,ny,Klemme
347968133,4519067,ny,Knierim
347968364,4519070,ny,Knoxville
347968826,4519076,ny,La Motte
347968903,4519077,ny,La Porte City
347969211,4519081,ny,Lacona
347969365,4519083,ny,Ladora
347969673,4519087,ny,Lake City
347969750,4519088,ny,Lake Mills
347969827,4519089,ny,Nyanja Sarah
347969981,4519091,ny,Lake View
347970058,4519092,ny,Lakeside
347970597,4519099,ny,Lakota
347970674,4519100,ny,Lambs Grove
347970751,4519101,ny,Lamoni
347970828,4519102,ny,Lamont
347971059,4519105,ny,Lanesboro
347971367,4519109,ny,Lansing
347971675,4519113,ny,Larchwood
347971829,4519115,ny,Larrabee
347971983,4519117,ny,Latimer
347972214,4519120,ny,Laurel
347972291,4519121,ny,Laurens
347972445,4519123,ny,Lawler
347972676,4519126,ny,Lawton
347972753,4519127,ny,Le Claire
347972830,4519128,ny,Le Grand
347972907,4519129,ny,Le Mars
347972984,4519130,ny,Le Roy
347973292,4519134,ny,Leando
347973446,4519136,ny,Lehigh
347973523,4519137,ny,Leighton
347973600,4519138,ny,Ledyard
347973677,4519139,ny,Leland
347973831,4519141,ny,Lenox
347973908,4519142,ny,Leon
347974062,4519144,ny,Lester
347974139,4519145,ny,Letts
347974370,4519148,ny,Lewis
347974755,4519153,ny,Libertyville
347974832,4519154,ny,Lidderdale
347975140,4519158,ny,Lime Springs
347975371,4519161,ny,Lincoln
347975448,4519162,ny,Lincoln Center
347975679,4519165,ny,Linden
347975756,4519166,ny,Lineville
347975833,4519167,ny,Linn Grove
347976064,4519170,ny,Lisbon
347976141,4519171,ny,Liscomb
347976218,4519172,ny,Little Cedar
347976372,4519174,ny,Little Rock
347976449,4519175,ny,Little Sioux
347976757,4519179,ny,Livermore
347976911,4519181,ny,Lockridge
347977142,4519184,ny,Logan
347977296,4519186,ny,Lohrville
347977450,4519188,ny,Lone Rock
347977527,4519189,ny,Lone Tree
347977681,4519191,ny,Long Grove
347977989,4519195,ny,Lorimor
347978066,4519196,ny,Loring
347978220,4519198,ny,Mtundu Wotayika
347978605,4519203,ny,Loveland
347978682,4519204,ny,Lovilia
347978836,4519206,ny,Low Moor
347978913,4519207,ny,Lowden
347979067,4519209,ny,Lu Verne
347979144,4519210,ny,Luana
347979221,4519211,ny,Lucas
347979606,4519216,ny,Luther
347979683,4519217,ny,Luton
347979760,4519218,ny,Luxembourg
347979837,4519219,ny,Luzerne
347980145,4519223,ny,Lynnville
347980299,4519225,ny,Lytton
347980453,4519227,ny,Macedonia
347980684,4519230,ny,Macksburg
347980761,4519231,ny,Madrid
347980915,4519233,ny,Magnolia
347980992,4519234,ny,Maharishi Vedic City
347981146,4519236,ny,Malcom
347981223,4519237,ny,Mallard
347981454,4519240,ny,Malvern
347981531,4519241,ny,Maloy
347981685,4519243,ny,Manchester
347981839,4519245,ny,Manilla
347981916,4519246,ny,Manly
347981993,4519247,ny,Manning
347982070,4519248,ny,Manson
347982378,4519252,ny,Mtsinje wa Maple
347982532,4519254,ny,Mapleton
347982609,4519255,ny,Maquoketa
347982686,4519256,ny,Marathon
347982763,4519257,ny,Marble Rock
347982840,4519258,ny,Marcus
347982994,4519260,ny,Marengo
347983148,4519262,ny,Marion
347983379,4519265,ny,Marne
347983456,4519266,ny,Marquette
347983610,4519268,ny,Marsh
347983687,4519269,ny,Marshalltown
347983764,4519270,ny,Martelle
347983841,4519271,ny,Martensdale
347983918,4519272,ny,Martinsburg
347984072,4519274,ny,Marysville
347984226,4519276,ny,Mason City
347984380,4519278,ny,Masonville
347984457,4519279,ny,Massena
347984688,4519282,ny,Matlock
347984765,4519283,ny,Maud
347984919,4519285,ny,Maurice
347985150,4519288,ny,Maxwell
347985381,4519291,ny,Maynard
347985458,4519292,ny,Maysville
347985612,4519294,ny,McCallsburg
347985689,4519295,ny,McCausland
347985766,4519296,ny,McClelland
347985920,4519298,ny,McGregor
347986074,4519300,ny,McIntire
347986613,4519307,ny,Mechanicsville
347986767,4519309,ny,Mediapolis
347987075,4519313,ny,Melbourne
347987152,4519314,ny,Melcher-Dallas
347987229,4519315,ny,Melrose
347987383,4519317,ny,Melvin
347987460,4519318,ny,Menlo
347987691,4519321,ny,Meriden
347987845,4519323,ny,Merrill
347987999,4519325,ny,Meservey
347988230,4519328,ny,Meyer
347988384,4519330,ny,Middle Amana
347988538,4519332,ny,Middletown
347989231,4519341,ny,Miles
347989308,4519342,ny,Milford
347989385,4519343,ny,Miller
347989462,4519344,ny,Millersburg
347989539,4519345,ny,Millerton
347990078,4519352,ny,Milo
347990155,4519353,ny,Milton
347990232,4519354,ny,Minburn
347990309,4519355,ny,Minden
347990386,4519356,ny,Mineola
347990617,4519359,ny,Mingo
347990694,4519360,ny,Missouri Valley
347990771,4519361,ny,Mitchell
347990848,4519362,ny,Mitchellville
347990925,4519363,ny,Modale
347991156,4519366,ny,Mona
347991233,4519367,ny,Mondamin
347991387,4519369,ny,Moneta
347991618,4519372,ny,Monmouth
347991695,4519373,ny,Monona
347991772,4519374,ny,Monroe
347992003,4519377,ny,Montezuma
347992157,4519379,ny,Monticello
347992234,4519380,ny,Montpelier
347992311,4519381,ny,Montrose
347992388,4519382,ny,Moorhead
347992465,4519383,ny,Moorland
347992542,4519384,ny,Moravia
347992850,4519388,ny,Morley
347992927,4519389,ny,Morning Sun
347993081,4519391,ny,Morrison
347993312,4519394,ny,Moscow
347993466,4519396,ny,Moulton
347993543,4519397,ny,Mount Auburn
347993620,4519398,ny,Mount Ayr
347994236,4519406,ny,Mount Pleasant
347994313,4519407,ny,Mount Sterling
347994390,4519408,ny,Mount Union
347994467,4519409,ny,Phiri la Vernon
347994621,4519411,ny,Moville
347994852,4519414,ny,Murray
347994929,4519415,ny,Muscatine
347995006,4519416,ny,Mystic
347995237,4519419,ny,Nansen
347995391,4519421,ny,Nashua
347995699,4519425,ny,Nemaha
347995776,4519426,ny,Neola
347996007,4519429,ny,Nevada
347996161,4519431,ny,New Albin
347996238,4519432,ny,New Albion
347996700,4519438,ny,New Hampton
347996777,4519439,ny,New Hartford
347996854,4519440,ny,New Haven
347996931,4519441,ny,New London
347997008,4519442,ny,Msika Watsopano
347997085,4519443,ny,Providence Yatsopano
347997162,4519444,ny,New Sharon
347997239,4519445,ny,New Vienna
347997316,4519446,ny,New Virginia
347997547,4519449,ny,Newell
347997624,4519450,ny,Newhall
347998009,4519455,ny,Newton
347998086,4519456,ny,Nichols
347998240,4519458,ny,Ndira
347998394,4519460,ny,Nodaway
347998548,4519462,ny,Nora Springs
347999087,4519469,ny,North Buena Vista
347999164,4519470,ny,North Cedar
347999241,4519471,ny,North English
347999318,4519472,ny,North Liberty
347999472,4519474,ny,North Washington
347999780,4519478,ny,Northwind Mobile Home Park
347999857,4519479,ny,Northwood
347999934,4519480,ny,Norwalk
348000011,4519481,ny,Norway
348000396,4519486,ny,Nugent
348000473,4519487,ny,Northboro
348000550,4519488,ny,Numa
348001012,4519494,ny,Oakland
348001089,4519495,ny,Oakland
348001166,4519496,ny,Oakland Acres
348001243,4519497,ny,Oakland Mills
348001397,4519499,ny,Oakville
348001705,4519503,ny,Ocheyedan
348001782,4519504,ny,Odebolt
348001859,4519505,ny,Oelwein
348001936,4519506,ny,Ogden
348002013,4519507,ny,Okoboji
348002244,4519510,ny,Old Orchard Mobile Home Park
348002552,4519514,ny,Olds
348002629,4519515,ny,Olin
348002783,4519517,ny,Ollie
348002937,4519519,ny,Onawa
348003091,4519521,ny,Oneida
348003168,4519522,ny,Onslow
348003476,4519526,ny,Orange City
348003553,4519527,ny,Orchard
348003861,4519531,ny,Orient
348004092,4519534,ny,Orleans
348004400,4519538,ny,Osage
348004554,4519540,ny,Ormanville
348004631,4519541,ny,Osceola
348004785,4519543,ny,Oskaloosa
348004862,4519544,ny,Ossian
348004939,4519545,ny,Osterdock
348005016,4519546,ny,Otho
348005247,4519549,ny,Oto
348005324,4519550,ny,Otranto
348005786,4519556,ny,Ottosen
348005863,4519557,ny,Ottumwa
348006171,4519561,ny,Owasa
348006402,4519564,ny,Oxford
348006479,4519565,ny,Oxford Junction
348006633,4519567,ny,Oyens
348006941,4519571,ny,Pacific Junction
348007095,4519573,ny,Page Center
348007172,4519574,ny,Packwood
348007326,4519576,ny,Palmer
348007480,4519578,ny,Palo
348007557,4519579,ny,Panama
348007634,4519580,ny,Panora
348007711,4519581,ny,Panorama Park
348007865,4519583,ny,Paralta
348008173,4519587,ny,Park View
348008327,4519589,ny,Parkersburg
348008481,4519591,ny,Parkview Terrace
348008635,4519593,ny,Parnell
348008712,4519594,ny,Paton
348008866,4519596,ny,Patterson
348008943,4519597,ny,Paullina
348009251,4519601,ny,Pella
348009482,4519604,ny,Peosta
348009559,4519605,ny,Percival
348009790,4519608,ny,Perry
348010098,4519612,ny,Persia
348010175,4519613,ny,Petro
348010406,4519616,ny,Peterson
348010791,4519621,ny,Kutola
348011022,4519624,ny,Paterson
348011099,4519625,ny,\N
348011253,4519627,ny,Pilot Mound
348011561,4519631,ny,Mpainiya
348011715,4519633,ny,Pisiga
348011946,4519636,ny,Plainfield
348012100,4519638,ny,Plano
348012408,4519642,ny,Pleasant Creek
348012639,4519645,ny,Pleasant Hill
348012716,4519646,ny,Pleasant Plain
348013024,4519650,ny,Pleasanton
348013101,4519651,ny,Pleasantville
348013332,4519654,ny,Plover
348013486,4519656,ny,Plymouth
348013563,4519657,ny,Plymouth Junction
348013640,4519658,ny,Pocahontas
348013717,4519659,ny,Polk City
348013871,4519661,ny,Pomeroy
348014333,4519667,ny,Popejoy
348014410,4519668,ny,Portland
348014487,4519669,ny,Portsmouth
348014564,4519670,ny,Postville
348014872,4519674,ny,Prairie City
348015257,4519679,ny,Prairieburg
348015334,4519680,ny,Prescott
348015411,4519681,ny,Preston
348015488,4519682,ny,Primghar
348015642,4519684,ny,Princeton
348015719,4519685,ny,Probstei
348015873,4519687,ny,Promise City
348015950,4519688,ny,Protivin
348016104,4519690,ny,Michael Woyera
348016412,4519694,ny,Quasqueton
348016566,4519696,ny,Quimby
348016797,4519699,ny,Radcliffe
348016951,4519701,ny,Rake
348017105,4519703,ny,Ralston
348017182,4519704,ny,Randalia
348017259,4519705,ny,Randall
348017336,4519706,ny,Randolph
348017490,4519708,ny,Rathbun
348017644,4519710,ny,Raymond
348017721,4519711,ny,Readlyn
348017798,4519712,ny,Reasnor
348017875,4519713,ny,Red Oak
348018029,4519715,ny,Redding
348018106,4519716,ny,Redfield
348018260,4519718,ny,Reeve
348018722,4519724,ny,Reinbeck
348018799,4519725,ny,Rembrandt
348018876,4519726,ny,Remsen
348018953,4519727,ny,Renwick
348019184,4519730,ny,Rhodes
348019261,4519731,ny,Riceville
348019415,4519733,ny,Richland
348019646,4519736,ny,Rickardsville
348019723,4519737,ny,Ricketts
348020031,4519741,ny,Ridgeway
348020339,4519745,ny,Rinard
348020416,4519746,ny,Ringsted
348020493,4519747,ny,Rippey
348020801,4519751,ny,River Sioux
348021032,4519754,ny,Riverdale
348021186,4519756,ny,Riverside
348021340,4519758,ny,Riverton
348021571,4519761,ny,Robins
348021802,4519764,ny,Rochester
348021956,4519766,ny,Rock Falls
348022033,4519767,ny,Rock Rapids
348022110,4519768,ny,Rock Valley
348022264,4519770,ny,Rockford
348022572,4519774,ny,Rockwell
348022649,4519775,ny,Rockwell City
348022726,4519776,ny,Rodman
348022803,4519777,ny,Rodney
348023111,4519781,ny,Roland
348023188,4519782,ny,Rolfe
348023342,4519784,ny,Roma
348023650,4519788,ny,Rose Hill
348023881,4519791,ny,Roseville
348024112,4519794,ny,Rossie
348024343,4519797,ny,Rowley
348024497,4519799,ny,Royal
348024574,4519800,ny,Rowan
348024882,4519804,ny,Rudd
348024959,4519805,ny,Runnells
348025190,4519808,ny,Russell
348025344,4519810,ny,Ruthven
348025421,4519811,ny,Saint Albans
348025575,4519813,ny,Ryan
348025652,4519814,ny,Saint Ansgar
348025729,4519815,ny,Sac City
348025806,4519816,ny,Saint Ansgar
348025883,4519817,ny,Saint Anthony
348026037,4519819,ny,Charles Woyera
348026114,4519820,ny,Saint Donatus
348026191,4519821,ny,Sageville
348026268,4519822,ny,Joseph Woyera
348026345,4519823,ny,Saint Lucas
348026422,4519824,ny,Maria Woyera
348026499,4519825,ny,Saint Olaf
348026576,4519826,ny,Paulo Woyera
348026730,4519828,ny,Salem
348026884,4519830,ny,Salix
348027038,4519832,ny,Sanborn
348027269,4519835,ny,Sandusky
348027500,4519838,ny,Sandyville
348028116,4519846,ny,Saylorville
348028193,4519847,ny,Scarville
348028424,4519850,ny,Schaller
348028501,4519851,ny,Schleswig
348028655,4519853,ny,Sciola
348028963,4519857,ny,Scranton
348029040,4519858,ny,Searsboro
348029502,4519864,ny,Sergeant Bluff
348029810,4519868,ny,Sexton
348029887,4519869,ny,Seymour
348030272,4519874,ny,Shambaugh
348030349,4519875,ny,Shannon City
348030580,4519878,ny,Sharon Center
348030657,4519879,ny,Sharpsburg
348030811,4519881,ny,Sheffield
348030888,4519882,ny,Shelby
348030965,4519883,ny,Sheldahl
348031042,4519884,ny,Sheldon
348031119,4519885,ny,Shell Rock
348031196,4519886,ny,Shellsburg
348031273,4519887,ny,Shenandoah
348031504,4519890,ny,Sherrill
348031735,4519893,ny,Shueyville
348031966,4519896,ny,Sydney
348032043,4519897,ny,Sibley
348032120,4519898,ny,Sigourney
348032197,4519899,ny,Silver City
348032505,4519903,ny,Sioux Center
348032582,4519904,ny,Sioux City
348032659,4519905,ny,Sioux Rapids
348033121,4519911,ny,Slater
348033352,4519914,ny,Sloan
348033429,4519915,ny,Smithland
348033737,4519919,ny,Soldier
348033968,4519922,ny,Solon
348034045,4519923,ny,Somber
348034122,4519924,ny,Somers
348034199,4519925,ny,South Amana
348034353,4519927,ny,South English
348034969,4519935,ny,Spencer
348035123,4519937,ny,Sperry
348035200,4519938,ny,Spillville
348035277,4519939,ny,Spirit Lake
348035354,4519940,ny,Spragueville
348035585,4519943,ny,Spring Hill
348035739,4519945,ny,Springbrook
348036047,4519949,ny,Springville
348036124,4519950,ny,Madzi akasupe
348036278,4519952,ny,Stacyville
348036432,4519954,ny,Stanhope
348036509,4519955,ny,Stanley
348036586,4519956,ny,Stanton
348036663,4519957,ny,Stanwood
348036894,4519960,ny,State Center
348037048,4519962,ny,Steamboat Rock
348037664,4519970,ny,Stockport
348037741,4519971,ny,Stockton
348037818,4519972,ny,Stone City
348037972,4519974,ny,Storm Lake
348038049,4519975,ny,Story City
348038126,4519976,ny,Stout
348038357,4519979,ny,Strand
348038434,4519980,ny,Stratford
348038511,4519981,ny,Strawberry Point
348038742,4519984,ny,Struble
348038819,4519985,ny,Stuart
348038896,4519986,ny,Sully
348039204,4519990,ny,Summit
348039589,4519995,ny,Sumner
348040590,4520008,ny,Wapamwamba
348040667,4520009,ny,Sutherland
348040821,4520011,ny,Swaledale
348040898,4520012,ny,Swan
348041129,4520015,ny,Swea City
348041206,4520016,ny,Swedesburg
348041360,4520018,ny,Swisher
348041591,4520021,ny,Tabori
348041976,4520026,ny,Tama
348042515,4520033,ny,Templeton
348042669,4520035,ny,Tennant
348042977,4520039,ny,Terril
348043054,4520040,ny,Thayer
348043362,4520044,ny,Thompson
348043516,4520046,ny,Thor
348043593,4520047,ny,Thornburg
348043670,4520048,ny,Thornton
348043901,4520051,ny,Thurman
348044055,4520053,ny,Tiffin
348044363,4520057,ny,Tingley
348044594,4520060,ny,Tipton
348044748,4520062,ny,Titonka
348044902,4520064,ny,Toeterville
348044979,4520065,ny,Toledo
348045210,4520068,ny,Toronto
348045364,4520070,ny,Traer
348045518,4520072,ny,Treynor
348045749,4520075,ny,Tripoli
348045980,4520078,ny,Truesdale
348046057,4520079,ny,Truro
348046134,4520080,ny,Turin
348046211,4520081,ny,Turkey Creek
348047058,4520092,ny,Udell
348047212,4520094,ny,Underwood
348047289,4520095,ny,Union
348047520,4520098,ny,Unionville
348047674,4520100,ny,University Heights
348047751,4520101,ny,University Park
348047905,4520103,ny,Urbana
348047982,4520104,ny,Urbandale
348048059,4520105,ny,Ute
348048213,4520107,ny,Vail
348048290,4520108,ny,Valeria
348048829,4520115,ny,Van Horne
348048906,4520116,ny,Van Meter
348048983,4520117,ny,Van Wert
348049137,4520119,ny,Varina
348049214,4520120,ny,Conesus Hamlet
348049522,4520124,ny,Vernon
348050138,4520132,ny,Vila da Lixa
348050292,4520134,ny,Vincent
348050369,4520135,ny,Vining
348050523,4520137,ny,Vinton
348050908,4520142,ny,Volga
348051139,4520145,ny,Wadena
348051293,4520147,ny,Wahpeton
348051370,4520148,ny,Walcott
348051678,4520152,ny,Walford
348051755,4520153,ny,Walker
348051832,4520154,ny,Wall Lake
348052140,4520158,ny,Wallingford
348052217,4520159,ny,Walnut
348052525,4520163,ny,Waneta
348052679,4520165,ny,Wapello
348052910,4520168,ny,Washburn
348053064,4520170,ny,Washington
348053295,4520173,ny,Washta
348053372,4520174,ny,Waterloo
348053526,4520176,ny,Waterville
348053603,4520177,ny,Watkins
348053834,4520180,ny,Waubeek
348053911,4520181,ny,Waucoma
348053988,4520182,ny,Waukee
348054065,4520183,ny,Waukon
348054142,4520184,ny,Waukon Junction
348054296,4520186,ny,Waverly
348054450,4520188,ny,Wayland
348054527,4520189,ny,Webb
348054604,4520190,ny,Webster
348054758,4520192,ny,Webster City
348054835,4520193,ny,Weldon
348054989,4520195,ny,Wellman
348055066,4520196,ny,Wellsburg
348055143,4520197,ny,Welton
348055297,4520199,ny,Wesley
348055374,4520200,ny,West Amana
348055451,4520201,ny,West Branch
348055528,4520202,ny,West Bend
348055682,4520204,ny,West Burlington
348055759,4520205,ny,West Chester
348055836,4520206,ny,West Des Moines
348056144,4520210,ny,West Liberty
348056221,4520211,ny,West Okoboji
348056375,4520213,ny,West Point
348056529,4520215,ny,West Union
348056991,4520221,ny,Westfield
348057068,4520222,ny,Westfield
348057222,4520224,ny,Westgate
348057299,4520225,ny,Weston
348057376,4520226,ny,Westphalia
348057530,4520228,ny,Westside
348057684,4520230,ny,Westwood
348057761,4520231,ny,Wever
348057838,4520232,ny,Wheatland
348057992,4520234,ny,What Cheer
348058454,4520240,ny,Whiting
348058531,4520241,ny,Whitten
348058916,4520246,ny,Whittemore
348059301,4520251,ny,Willey
348059378,4520252,ny,Williams
348059455,4520253,ny,Williamsburg
348059532,4520254,ny,Williamson
348059609,4520255,ny,Williamson
348059763,4520257,ny,Frytown
348059994,4520260,ny,Wilton
348060148,4520262,ny,Windsor Heights
348060225,4520263,ny,Winfield
348060456,4520266,ny,Winterset
348060533,4520267,ny,Winthrop
348060610,4520268,ny,Wiota
348060841,4520271,ny,Woden
348061149,4520275,ny,Woodbine
348061226,4520276,ny,Woodburn
348061765,4520283,ny,Woodward
348061842,4520284,ny,Woolstock
348061919,4520285,ny,Worthington
348062304,4520290,ny,Wyoming
348062535,4520293,ny,Yale
348062689,4520295,ny,Yarmouth
348062920,4520298,ny,Yetter
348063228,4520302,ny,Yorktown
348063382,4520304,ny,Zearing
348063613,4520307,ny,Zwingle
348063690,4520308,ny,Abingdon
348063767,4520309,ny,Adair
348063844,4520310,ny,Addison
348063921,4520311,ny,Adeline
348064460,4520318,ny,Akron
348064537,4520319,ny,Albany
348064614,4520320,ny,Alden
348064691,4520321,ny,Aledo
348064768,4520322,ny,Alexis
348064922,4520324,ny,Algonquin
348065538,4520332,ny,Alpha
348065692,4520334,ny,Alsip
348065923,4520337,ny,Altona
348066077,4520339,ny,Alvin
348066231,4520341,ny,Amboy
348066462,4520344,ny,Nangula
348066616,4520346,ny,Andalusia
348066693,4520347,ny,Andres
348066770,4520348,ny,Annawan
348066847,4520349,ny,Antiokeya
348067155,4520353,ny,\N
348067309,4520355,ny,Argyle
348067386,4520356,ny,Apple River
348067463,4520357,ny,Arlington
348067540,4520358,ny,Zithunzi za Arlington Heights
348067617,4520359,ny,Armington
348067848,4520362,ny,Aroma Park
348068079,4520365,ny,Arrowsmith
348068233,4520367,ny,Ashkum
348068310,4520368,ny,Ashton
348068464,4520370,ny,Astoria
348068541,4520371,ny,Atkinson
348068618,4520372,ny,Atlanta
348068849,4520375,ny,Augusta
348068926,4520376,ny,Aurora
348069080,4520378,ny,Avon
348069773,4520387,ny,Bald Bluff
348070158,4520392,ny,Banner
348070235,4520393,ny,Bannockburn
348070389,4520395,ny,Bardolph
348070697,4520399,ny,Barrington
348070851,4520401,ny,Barrington Hills
348071005,4520403,ny,Barstow
348071082,4520404,ny,Bartlett
348071159,4520405,ny,Bartonville
348071236,4520406,ny,Basco
348071313,4520407,ny,Batavia
348071544,4520410,ny,Kusamba
348071621,4520411,ny,Bay View Garden
348071698,4520412,ny,Beach Park
348071852,4520414,ny,Beardstown
348071929,4520415,ny,Beason
348072160,4520418,ny,Beaverville
348072237,4520419,ny,Bedford Park
348072314,4520420,ny,Beecher
348072468,4520422,ny,Belgium
348072699,4520425,ny,Bellevue
348072776,4520426,ny,Bellflower
348072853,4520427,ny,Bellwood
348073007,4520429,ny,Belvidere
348073161,4520431,ny,Bensenville
348073238,4520432,ny,Benson
348073315,4520433,ny,Bentley
348073546,4520436,ny,Berkeley
348073700,4520438,ny,Berwyn
348073854,4520440,ny,Bertha Shaft Village
348073931,4520441,ny,Big Foot Prairie
348074008,4520442,ny,Big Rock
348074239,4520445,ny,Biggsville
348074547,4520449,ny,Birds
348074855,4520453,ny,Bishop Hill
348074932,4520454,ny,Bismarck
348075625,4520463,ny,Blandinsville
348075856,4520466,ny,Bloomingdale
348075933,4520467,ny,Bloomington
348076164,4520470,ny,Blue Island
348076626,4520476,ny,Bolingbrook
348076780,4520478,ny,Bondville
348076934,4520480,ny,Bonfield
348077011,4520481,ny,Boulder Hill
348077088,4520482,ny,Bourbonnais
348077165,4520483,ny,Bowen
348077473,4520487,ny,Braceville
348077550,4520488,ny,Bradford
348077627,4520489,ny,Bradley
348077858,4520492,ny,Braidwood
348078551,4520501,ny,Bridgeview
348078782,4520504,ny,Brimfield
348079090,4520508,ny,Broadview
348079167,4520509,ny,Broadwell
348079398,4520512,ny,Brookfield
348079475,4520513,ny,Brooklyn
348079629,4520515,ny,Brookville
348079860,4520518,ny,Browning
348080091,4520521,ny,Bryant
348080168,4520522,ny,Bryce
348080399,4520525,ny,Buckingham
348080476,4520526,ny,Buckley
348080707,4520529,ny,Buda
348081015,4520533,ny,Buffalo Prairie
348081092,4520534,ny,Buffalo Grove
348081169,4520535,ny,Bull Valley
348081246,4520536,ny,Burbank
348081323,4520537,ny,Bureau
348081554,4520540,ny,Burlington
348081631,4520541,ny,Burnham
348081862,4520544,ny,Burr Ridge
348082093,4520547,ny,Burtons Bridge
348082170,4520548,ny,Bushnell
348082555,4520553,ny,Byron
348082709,4520555,ny,Cabery
348082863,4520557,ny,Cable
348083017,4520559,ny,Caledonia
348083094,4520560,ny,Calumet City
348083171,4520561,ny,Calumet Park
348083248,4520562,ny,Cambridge
348083325,4520563,ny,Camden
348083402,4520564,ny,Cameron
348083710,4520568,ny,Camp Point
348083941,4520571,ny,Campus
348084095,4520573,ny,Capron
348084172,4520574,ny,Carbon Cliff
348084249,4520575,ny,Carbon Hill
348084557,4520579,ny,Carlock
348084634,4520580,ny,Carman
348084711,4520581,ny,Carol Stream
348084788,4520582,ny,Carpentersville
348084942,4520584,ny,Carthage
348085019,4520585,ny,Carthage
348085173,4520587,ny,Cary
348085481,4520591,ny,Catlin
348085943,4520597,ny,Cedar Point
348086020,4520598,ny,Cedarville
348086405,4520603,ny,Central City
348086559,4520605,ny,Chadwick
348086636,4520606,ny,Champaign
348086867,4520609,ny,Chandlerville
348086944,4520610,ny,Channahon
348087021,4520611,ny,Channel Lake
348087252,4520614,ny,Chatsworth
348087483,4520617,ny,Chebanse
348087637,4520619,ny,Chemung
348087791,4520621,ny,Chenoa
348087868,4520622,ny,Cherry
348088022,4520624,ny,Cherry Valley
348088176,4520626,ny,Chestnut
348088253,4520627,ny,Chicago
348088330,4520628,ny,Chicago Heights
348088407,4520629,ny,Chicago Ridge
348088561,4520631,ny,Chili
348088638,4520632,ny,Chillicothe
348088715,4520633,ny,Chippewa
348088946,4520636,ny,Cicero
348089023,4520637,ny,Cisco
348089100,4520638,ny,Cissna Park
348089331,4520641,ny,Clarendon Hills
348089408,4520642,ny,Clarion
348089870,4520648,ny,Clayton
348090024,4520650,ny,Cleveland
348090101,4520651,ny,Clifton
348090178,4520652,ny,Clinton
348090486,4520656,ny,Coal City
348090640,4520658,ny,Coal Valley
348090948,4520662,ny,Coatsburg
348091102,4520664,ny,Colchester
348091179,4520665,ny,Coldbrook
348091333,4520667,ny,Coleta
348091410,4520668,ny,Colfax
348091641,4520671,ny,Colona
348092026,4520676,ny,Como
348092103,4520677,ny,Compton
348092180,4520678,ny,Congerville
348092334,4520680,ny,Cooksville
348092488,4520682,ny,Makorali
348092565,4520683,ny,Cordova
348092642,4520684,ny,Cornell
348092719,4520685,ny,Cortland
348092873,4520687,ny,Council Hill
348092950,4520688,ny,Country Acres Mobile Manor
348093027,4520689,ny,Country Club Hills
348093104,4520690,ny,Countryside
348093335,4520693,ny,Coyne Center
348094182,4520704,ny,Crescent City
348094259,4520705,ny,Crest Hill
348094336,4520706,ny,Creston
348094413,4520707,ny,Crestwood
348094567,4520709,ny,Krete
348094644,4520710,ny,Creve Coeur
348094798,4520712,ny,Cropsey
348095029,4520715,ny,Crystal Lake
348095106,4520716,ny,Crystal Lawns
348095337,4520719,ny,Cuba
348095491,4520721,ny,Cullom
348095799,4520725,ny,Custer Park
348096107,4520729,ny,Dakota
348096184,4520730,ny,Dallas City
348096261,4520731,ny,Dalzell
348096492,4520734,ny,Dana
348096569,4520735,ny,Danforth
348096646,4520736,ny,Danvers
348096723,4520737,ny,Danville
348096877,4520739,ny,Darien
348097031,4520741,ny,Davis
348097108,4520742,ny,Davis Junction
348097339,4520745,ny,Dayton
348097416,4520746,ny,De Land
348097493,4520747,ny,DeWitt
348097570,4520748,ny,DeKalb
348097801,4520751,ny,Deer Creek
348097878,4520752,ny,Deer Grove
348098032,4520754,ny,Deer Park
348098186,4520756,ny,Deerfield
348098417,4520759,ny,Delavan
348098494,4520760,ny,Delbert Egan Housing Project
348098956,4520766,ny,Depue
348099110,4520768,ny,Des Plaines
348099264,4520770,ny,Dewey
348099341,4520771,ny,Diamondi
348099418,4520772,ny,Diamond Lake
348099649,4520775,ny,Dillon
348099880,4520778,ny,Dimmick
348100111,4520781,ny,Dixmoor
348100188,4520782,ny,Dixon
348100342,4520784,ny,Dolton
348100573,4520787,ny,Donovan
348100804,4520790,ny,Dover
348100881,4520791,ny,Downers Grove
348100958,4520792,ny,Downs
348101420,4520798,ny,Dunfermline
348101574,4520800,ny,Dunlap
348101728,4520802,ny,Durand
348101882,4520804,ny,Dwight
348102036,4520806,ny,Eagle Point
348102113,4520807,ny,Earlville
348102190,4520808,ny,East Brooklyn
348102344,4520810,ny,East Dundee
348102421,4520811,ny,East Dubuque
348102498,4520812,ny,East Galesburg
348102575,4520813,ny,East Hazel Crest
348102729,4520815,ny,East Lynn
348102806,4520816,ny,East Moline
348102960,4520818,ny,East Peoria
348103268,4520822,ny,Easton
348104115,4520833,ny,Edgington
348104346,4520836,ny,Eileen
348104423,4520837,ny,El Paso
348104654,4520840,ny,Elburn
348104808,4520842,ny,Elderville
348105116,4520846,ny,Elgin
348105193,4520847,ny,Eliza
348105270,4520848,ny,Elizabeth
348105424,4520850,ny,Elk Grove Village
348105501,4520851,ny,Elkhart
348105578,4520852,ny,Elkhorn Grove
348105655,4520853,ny,Elliott
348105809,4520855,ny,Ellisville
348105886,4520856,ny,Ellsworth
348105963,4520857,ny,Elmhurst
348106040,4520858,ny,Elmira
348106271,4520861,ny,Elmwood
348106348,4520862,ny,Elmwood Park
348106502,4520864,ny,Elvaston
348106579,4520865,ny,Elwood
348106656,4520866,ny,Emden
348106964,4520870,ny,Emington
348107580,4520878,ny,Erie
348107811,4520881,ny,Essex
348107965,4520883,ny,Eureka
348108273,4520887,ny,Evanston
348108504,4520890,ny,Evergreen Park
348108966,4520896,ny,Fairbury
348109120,4520898,ny,Fairfield
348109197,4520899,ny,Fairmont
348109274,4520900,ny,Fairmount
348109351,4520901,ny,Fairview
348109582,4520904,ny,Farm Ridge
348109659,4520905,ny,Farmdale
348109736,4520906,ny,Farmer City
348109813,4520907,ny,Farmington
348109890,4520908,ny,Farmington
348109967,4520909,ny,Fenton
348110275,4520913,ny,Ferris
348110506,4520916,ny,Fisher
348110583,4520917,ny,Fithian
348110891,4520921,ny,Flagg
348110968,4520922,ny,Flanagan
348111353,4520927,ny,Florence
348111507,4520929,ny,Flossmoor
348111661,4520931,ny,Flowerfield
348111892,4520934,ny,Woodland
348111969,4520935,ny,Ford Heights
348112046,4520936,ny,Forest City
348112200,4520938,ny,Forest Lake
348112277,4520939,ny,Forest Park
348112508,4520942,ny,Forest View
348112585,4520943,ny,Forrest
348112662,4520944,ny,Forreston
348112970,4520948,ny,Fountain Green
348113047,4520949,ny,Fountain Creek
348113124,4520950,ny,Fowler
348113201,4520951,ny,Fox
348113355,4520953,ny,Fox Lake
348113432,4520954,ny,Fox Lake Hills
348113586,4520956,ny,Fox River Grove
348114125,4520963,ny,Frankfort
348114202,4520964,ny,Frankfort Square
348114356,4520966,ny,Franklin Grove
348114433,4520967,ny,Franklin Park
348114741,4520971,ny,Frederick
348114972,4520974,ny,Freeport
348115588,4520982,ny,Fulton
348115665,4520983,ny,Funks Grove
348115742,4520984,ny,Gages Lake
348115819,4520985,ny,Galena
348115973,4520987,ny,Galesburg
348116050,4520988,ny,Galt
348116127,4520989,ny,Galva
348116281,4520991,ny,Garden Plain
348116358,4520992,ny,Garden Prairie
348116589,4520995,ny,Gardner
348116974,4521000,ny,Geneseo
348117128,4521002,ny,Geneva
348117282,4521004,ny,Genoa
348117359,4521005,ny,Georgetown
348117667,4521009,ny,German Valley
348117744,4521010,ny,Germantown Hills
348117821,4521011,ny,Giblin
348117898,4521012,ny,Gibson City
348117975,4521013,ny,Gifford
348118052,4521014,ny,Gilberts
348118437,4521019,ny,Gilman
348118591,4521021,ny,Gilson
348118745,4521023,ny,Gladstone
348118822,4521024,ny,Glasford
348118976,4521026,ny,Glen Ellyn
348119361,4521031,ny,Glenview
348119438,4521032,ny,Glenwood
348119669,4521035,ny,Godley
348119823,4521037,ny,Golide
348119977,4521039,ny,Golf
348120054,4521040,ny,Chiyembekezo Chabwino
348120208,4521042,ny,Goodenow
348120285,4521043,ny,Goodfield
348120362,4521044,ny,Goodings Grove
348120593,4521047,ny,Goofy Ridge
348120670,4521048,ny,Glencoe
348120901,4521051,ny,Grand Detour
348120978,4521052,ny,Grand Ridge
348121055,4521053,ny,Grandwood Park
348121209,4521055,ny,Grant Park
348121286,4521056,ny,Granville
348121671,4521061,ny,Grayslake
348121825,4521063,ny,Green Oaks
348121979,4521065,ny,Green Rock
348122056,4521066,ny,Green Valley
348122210,4521068,ny,Greenbush
348122364,4521070,ny,Greenview
348122518,4521072,ny,Greenwood
