id,city_id,language_key,name
182003097,2363677,ms,Narsapuram
182003482,2363682,ms,Abbayagudem
182003636,2363684,ms,Mallur
182003713,2363685,ms,Mittagudem
182003790,2363686,ms,Mutalagudem
182004021,2363689,ms,Pureddipalle
182004098,2363690,ms,Timmapuram
182004252,2363692,ms,Burrelagudem
182004406,2363694,ms,Thatgudem
182004637,2363697,ms,Kurnuballi
182004791,2363699,ms,Padmapuram
182004945,2363701,ms,Venkatapuram
182005022,2363702,ms,Papayyagudem
182005176,2363704,ms,Bhattupalle
182005638,2363710,ms,Kannayyagudem
182005715,2363711,ms,Govindapur
182005792,2363712,ms,Gopalraopeta
182005869,2363713,ms,Kotturu
182005946,2363714,ms,Ramavaram
182006254,2363718,ms,Domada
182006716,2363724,ms,Rajpet
182007024,2363728,ms,Chunchupalle
182007563,2363735,ms,Ippapuram
182007640,2363736,ms,Kondapuram
182008025,2363741,ms,Edira
182008102,2363742,ms,Ontichintagudem
182008256,2363744,ms,Janampeta
182008487,2363747,ms,Singareddipalle
182008564,2363748,ms,Mallavaram
182008718,2363750,ms,Chintala Bayaram
182008795,2363751,ms,Bayaram
182008872,2363752,ms,Ravigudem
182009180,2363756,ms,Potlapalle
182009257,2363757,ms,Gaddigudem
182009334,2363758,ms,Rajapeta
182009796,2363764,ms,Upaka
182010181,2363769,ms,Bhupatraopeta
182010335,2363771,ms,Mogaltogu
182010643,2363775,ms,Gudma
182010874,2363778,ms,Eramnar
182010951,2363779,ms,Papanpara
182011105,2363781,ms,Borjay
182011182,2363782,ms,Dhanora
182011259,2363783,ms,Kottapalli
182011336,2363784,ms,Nukanpalli
182011490,2363786,ms,Jaitalur
182012260,2363796,ms,Santaspur
182012876,2363804,ms,Korepal
182012953,2363805,ms,Naimed
182013338,2363810,ms,Mingachal
182013415,2363811,ms,Jaivaram
182013800,2363816,ms,Jappeli
182013877,2363817,ms,Ghumra
182013954,2363818,ms,Kaika
182014031,2363819,ms,Kachilwar
182014108,2363820,ms,Mosla
182014185,2363821,ms,Ghumra
182014262,2363822,ms,Cherkanti
182014339,2363823,ms,Kotter
182014416,2363824,ms,Redi
182014570,2363826,ms,Jargoya
182014647,2363827,ms,Karenar
182014878,2363830,ms,Padeda
182014955,2363831,ms,Cherpal
182015186,2363834,ms,Itpal
182015340,2363836,ms,Nukanpalli
182015417,2363837,ms,Dharawaram
182015494,2363838,ms,Cheramangi
182015725,2363841,ms,Chinna Punnuru
182015956,2363844,ms,Muradonda
182016033,2363845,ms,Chatlapalli
182016110,2363846,ms,Chilkapalli
182016803,2363855,ms,Chakaya
182016957,2363857,ms,Jhala
182017188,2363860,ms,Mangaurhia
182017342,2363862,ms,Rajapur
182017573,2363865,ms,Baruhi
182017881,2363869,ms,Timmapur
182017958,2363870,ms,Hirapur
182018112,2363872,ms,Palnar
182018189,2363873,ms,Todka
182018266,2363874,ms,Munga
182018343,2363875,ms,Savnar
182018420,2363876,ms,Dharmapur
182018651,2363879,ms,Lingagiri
182018959,2363883,ms,Kottaguda
182019190,2363886,ms,Khairi
182019421,2363889,ms,Shahpur Kalan
182019498,2363890,ms,Shahpur Khurd
182019729,2363893,ms,Rustampur
182020191,2363899,ms,Samai Gauri
182020422,2363902,ms,Gulhapur
182020499,2363903,ms,Lagdiha
182020576,2363904,ms,Nausar Gomtiha
182020653,2363905,ms,Gulariha Jagtapur
182020807,2363907,ms,Daulatpur
182020884,2363908,ms,Maheshpur
182021115,2363911,ms,Bhadyanpurwa
182021192,2363912,ms,Chiraiya
182021269,2363913,ms,Khairatipurwa
182021577,2363917,ms,Khairi Shamsa
182021654,2363918,ms,Dunapurwa
182021731,2363919,ms,Dudhadari
182021808,2363920,ms,Baruha
182021962,2363922,ms,Baibahi
182022347,2363927,ms,Narayan Purwa
182022578,2363930,ms,Bhurjanian
182022809,2363933,ms,Firozabad
182022963,2363935,ms,Girda
182023040,2363936,ms,Lalman
182023194,2363938,ms,Bhujangpurwa
182023348,2363940,ms,Shukal Purwa
182023733,2363945,ms,Tolapurwa
182023810,2363946,ms,Motipurwa
182023887,2363947,ms,Dallipurwa
182024195,2363951,ms,Jaraudhia
182024272,2363952,ms,Dallapurwa
182024811,2363959,ms,Umraopurwa
182026274,2363978,ms,Dundki
182026813,2363985,ms,Narotampur
182027737,2363997,ms,Chahlar
182028199,2364003,ms,Dhakia
182028353,2364005,ms,Baruhi
182028507,2364007,ms,Ambarpur
182028815,2364011,ms,Semaria
182029277,2364017,ms,Chhitan Purwa
182029431,2364019,ms,Sadhuapur Gokalpur
182029508,2364020,ms,Chandela
182029739,2364023,ms,Gujratipurwa
182030047,2364027,ms,Bardaha
182030124,2364028,ms,Alinagar Kalan
182030355,2364031,ms,Chaugoin
182030586,2364034,ms,Nakahi
182030740,2364036,ms,Sidhan Purwa
182030971,2364039,ms,Basantapur
182031048,2364040,ms,Bhakurha
182031125,2364041,ms,Gangadin
182031433,2364045,ms,Baundi
182031741,2364049,ms,Bazpurwa
182031972,2364052,ms,Saiyidnagar
182032126,2364054,ms,Surjipurwa
182032280,2364056,ms,Sohbatia
182032357,2364057,ms,Khaira Kalan
182032511,2364059,ms,Lodhpura
182032665,2364061,ms,Sankalpa
182032896,2364064,ms,Gadariapurwa
182033127,2364067,ms,Sumaipurwa
182033281,2364069,ms,Laukiha
182033512,2364072,ms,Raiganj
182033589,2364073,ms,Ekgharwa
182033974,2364078,ms,Kalutpura
182034128,2364080,ms,Khairi
182034898,2364090,ms,Rampur Dhobhahar
182035129,2364093,ms,Nawada Pura Kasbati
182035514,2364098,ms,Patrahia
182035976,2364104,ms,Kundri
182036207,2364107,ms,Bakhtawar Purwa
182036438,2364110,ms,Panditpurwa
182036515,2364111,ms,Daljitpurwa
182036746,2364114,ms,Botnia
182036823,2364115,ms,Mahadewa
182036977,2364117,ms,Bhawanianpur Banghusri
182037285,2364121,ms,Banghusri
182037439,2364123,ms,Chandanpur
182037516,2364124,ms,Gokalpur
182037747,2364127,ms,Matiha
182038132,2364132,ms,Gulalpurwa
182038209,2364133,ms,Sarayan
182038748,2364140,ms,Kalandarpur
182038979,2364143,ms,Pakaria Diwan
182039287,2364147,ms,Nanda Purwa
182039441,2364149,ms,Pahlepurwa
182040134,2364158,ms,Bhaja Purwa
182040365,2364161,ms,Gulra
182040596,2364164,ms,Miranpurwa
182040827,2364167,ms,Motipurwa
182040981,2364169,ms,Rajapur Kalan
182041058,2364170,ms,Rathia
182041212,2364172,ms,Hanspur
182041751,2364179,ms,Bagha
182041905,2364181,ms,Ramdayal Purwa
182042752,2364192,ms,Madaria
182042906,2364194,ms,Ayodhyagaon
182042983,2364195,ms,Ahladgaon
182043214,2364198,ms,Mansapurwa
182043291,2364199,ms,Chandpurwa
182043368,2364200,ms,Bishunathgaon
182043599,2364203,ms,Matehi
182043676,2364204,ms,Kawabhari
182043830,2364206,ms,Rikhapurwa
182043984,2364208,ms,Lachhmanpur Matehi
182044061,2364209,ms,Patal Kuti
182044138,2364210,ms,Girdharpur
182044292,2364212,ms,Gurghatta
182044446,2364214,ms,Gurdaspurwa
182044831,2364219,ms,Maholi Sher Khan
182044985,2364221,ms,Kola
182045062,2364222,ms,Lalapurwa
182045370,2364226,ms,Maghi
182045447,2364227,ms,Rajwapur
182045755,2364231,ms,Keshwapur
182045909,2364233,ms,Bahadurpur
182045986,2364234,ms,Bankatwa
182046140,2364236,ms,Manahian
182046448,2364240,ms,Kakri
182046756,2364244,ms,Banjaria
182046833,2364245,ms,Belha
182046987,2364247,ms,Takia
182047372,2364252,ms,Kakraha Budhwa
182047834,2364258,ms,Kotwa
182048219,2364263,ms,Manikpur
182048296,2364264,ms,Jura
182048527,2364267,ms,Baghauli
182049143,2364275,ms,Rakhauna
182049220,2364276,ms,Matera Kalan
182049297,2364277,ms,Rajapur
182049528,2364280,ms,Allapurwa
182049605,2364281,ms,Balsinghpur
182049913,2364285,ms,Nibia Raibojha
182050067,2364287,ms,Bankati
182050221,2364289,ms,Bhagwanpur
182050914,2364298,ms,Hemunje
182051145,2364301,ms,Undadi
182051607,2364307,ms,Kattinamakki
182051761,2364309,ms,Narkali
182052454,2364318,ms,Mudanagudde
182052916,2364324,ms,Sabladi
182052993,2364325,ms,Heri Kudru
182053070,2364326,ms,Koteshwar
182053378,2364330,ms,Hattikudru
182053532,2364332,ms,Kaikana
182053609,2364333,ms,Adike Kodlu
182054225,2364341,ms,Bajaha
182054687,2364347,ms,Kandi
182054764,2364348,ms,Panditpurwa
182054995,2364351,ms,Basantpur
182055149,2364353,ms,Gurgujpur
182055303,2364355,ms,Jagdispur
182055457,2364357,ms,Dalia
182055534,2364358,ms,Bhartha
182055765,2364361,ms,Barin Purwa
182055842,2364362,ms,Rajapur Kala
182055996,2364364,ms,Lalpur
182056227,2364367,ms,Gumai
182056381,2364369,ms,Kattupurwa
182056458,2364370,ms,Haripur
182056689,2364373,ms,Maheshpur
182056843,2364375,ms,Bachhwaria
182056997,2364377,ms,Biharipurwa
182057690,2364386,ms,Parsia
182057767,2364387,ms,Dhannipurwa
182057921,2364389,ms,Sikri Mafi
182058383,2364395,ms,Kishnapur
182059076,2364404,ms,Kewalpur
182059230,2364406,ms,Para
182059384,2364408,ms,Bansgarhi
182059538,2364410,ms,Chag Daha
182059615,2364411,ms,Bakaina
182060000,2364416,ms,Gauria
182060231,2364419,ms,Chohan Purwa
182060616,2364424,ms,Bahduria
182061155,2364431,ms,Angraura Dubha
182061463,2364435,ms,Jankinagar
182063465,2364461,ms,Budhan Purwa
182064928,2364480,ms,Galkara
182065005,2364481,ms,Pura Parshad Singh
182065082,2364482,ms,Pura Sitaram
182065236,2364484,ms,Pura Dildar Singh
182065313,2364485,ms,Chamar Purwa
182065467,2364487,ms,Pura Basti Gadaria
182065929,2364493,ms,Pandit Purwa
182066006,2364494,ms,Kotia
182066237,2364497,ms,Maikupurwa
182066391,2364499,ms,Pura Hindu Singh
182067238,2364510,ms,Chhatarpur
182068932,2364532,ms,Badrka
182069163,2364535,ms,Chaugurji
182069933,2364545,ms,Munimpur Kalan
182070010,2364546,ms,Diwan Purwa
182070164,2364548,ms,Lodhan Purwa
182070318,2364550,ms,Kursaha
182070703,2364555,ms,Raipur
182070934,2364558,ms,Chaudhary Purwa
182071011,2364559,ms,Bhujang Purwa
182071088,2364560,ms,Bisram Purwa
182071627,2364567,ms,Asmanpur
182072628,2364580,ms,Awadhnagar
182072782,2364582,ms,Purwa Kuber Pande
182073013,2364585,ms,Banjaria
182073090,2364586,ms,Narkatwa
182073244,2364588,ms,Singia Nasirpur
182073321,2364589,ms,Mahasi
182073475,2364591,ms,Parsohna
182073629,2364593,ms,Bishnapur
182074014,2364598,ms,Jot Chandpara
182074091,2364599,ms,Paharwa
182074168,2364600,ms,Bilhaura
182074707,2364607,ms,Chandpahia
182074861,2364609,ms,Sikandarpur
182074938,2364610,ms,Ghumni
182075015,2364611,ms,Shiugarh
182075092,2364612,ms,Lodh Purwa
182075477,2364617,ms,Ganga Purwa
182075554,2364618,ms,Sadhwapur
182075708,2364620,ms,Nathuapur
182075939,2364623,ms,Lakhnapur
182076016,2364624,ms,Bairampur
182076555,2364631,ms,Reotipurwa
182076632,2364632,ms,Gangapurwa
182076786,2364634,ms,Bajpai Purwa
182077325,2364641,ms,Navrang Purwa
182077402,2364642,ms,Marwat
182077710,2364646,ms,Tikuri
182078249,2364653,ms,Ludhauni
182078557,2364657,ms,Shankarpur
182078711,2364659,ms,Pipra
182078788,2364660,ms,Pipri
182079404,2364668,ms,Fatehpurwa
182079481,2364669,ms,Airia
182079866,2364674,ms,Baikuntha
182080482,2364682,ms,Gupchandpur
182081175,2364691,ms,Gadamar Kalan
182081252,2364692,ms,Baldeo
182081329,2364693,ms,Rampurwa
182081791,2364699,ms,Khamaria Hardopatti
182082715,2364711,ms,Kapurpur
182083023,2364715,ms,Baherapur
182083100,2364716,ms,Bahorakpur
182083639,2364723,ms,Deoraipur
182083716,2364724,ms,Khajuria
182083793,2364725,ms,Ganga Purwa
182083947,2364727,ms,Sankalpa
182084486,2364734,ms,Ramwapur Kalan
182084640,2364736,ms,Janijot
182084948,2364740,ms,Nautala
182085179,2364743,ms,Musallampur
182085333,2364745,ms,Kishunpur Mitha
182085872,2364752,ms,Raghuwa
182086026,2364754,ms,Dharm Kunda
182086488,2364760,ms,Pipri Mafi
182087797,2364777,ms,Rampur Gondwa
182088798,2364790,ms,Baldipurwa
182089183,2364795,ms,Takia
182089953,2364805,ms,Dharmanpur
182090184,2364808,ms,Tonri Purwa
182090492,2364812,ms,Benimadho
182090877,2364817,ms,Basauna Mafi
182091339,2364823,ms,Rehwa Mansur
182091801,2364829,ms,Maigla
182092263,2364835,ms,Umarpur
182092417,2364837,ms,Bala Sarai
182092956,2364844,ms,Khasaha Muhammadpur
182093726,2364854,ms,Khanuha
182093803,2364855,ms,Lakho Baundi
182094034,2364858,ms,Behta
182094188,2364860,ms,Surjana
182094727,2364867,ms,Birshanpur
182094881,2364869,ms,Ahlad Purwa
182095112,2364872,ms,Tejwapur
182095497,2364877,ms,Sikaria
182095728,2364880,ms,Bilaspur
182095805,2364881,ms,Bharwa
182096036,2364884,ms,Baundi Shukul
182096190,2364886,ms,Rani Purwa
182096729,2364893,ms,Nakwa
182096883,2364895,ms,Bilhaura
182097345,2364901,ms,Maku Purwa
182097422,2364902,ms,Tekmetla
182097576,2364904,ms,Busapuram
182097730,2364906,ms,Nambi
182097807,2364907,ms,Gunjiparti
182097884,2364908,ms,Utlapalli
182097961,2364909,ms,Bhimaram
182098115,2364911,ms,Regapalli
182098269,2364913,ms,Marudpaka
182098500,2364916,ms,Lingapuram
182098654,2364918,ms,Gaganpalli
182098731,2364919,ms,Polampalli
182098808,2364920,ms,Pusapaka
182098962,2364922,ms,Tarem
182099193,2364925,ms,Tekalgudem
182099501,2364929,ms,Kanchal
182099578,2364930,ms,Kotapalle
182099655,2364931,ms,Subbampeta
182099732,2364932,ms,Gollagudem
182099963,2364935,ms,Koyyuru
182100040,2364936,ms,Regunta
182100117,2364937,ms,Kotturu
182100271,2364939,ms,Singasamudram
182100348,2364940,ms,Gannavaram
182100425,2364941,ms,Kattigudem
182100579,2364943,ms,Mogullapalle
182100656,2364944,ms,Gompalle
182101349,2364953,ms,Lingala
182101426,2364954,ms,Peddipalle
182101503,2364955,ms,Kaliveru
182101811,2364959,ms,Chinnamidisileru
182101888,2364960,ms,Peddamidisileru
182101965,2364961,ms,Dosillapalli
182102042,2364962,ms,Bhumulalanka
182102119,2364963,ms,Kesavapuram
182102350,2364966,ms,Tippapuram
182102504,2364968,ms,Tekler
182102581,2364969,ms,Pamer
182102812,2364972,ms,Mangaltur
182103043,2364975,ms,Battenapalle
182103120,2364976,ms,Kurnapalle
182103197,2364977,ms,Bodanalli
182103428,2364980,ms,Bhurkunda
182103659,2364983,ms,Amira
182103890,2364986,ms,Inamipur
182103967,2364987,ms,Barethi
182104044,2364988,ms,Umri
182104121,2364989,ms,Chhangar Purwa
182104737,2364997,ms,Kumharan Purwa
182104891,2364999,ms,Nandpur
182104968,2365000,ms,Bhainsi
182105122,2365002,ms,Thaura
182105507,2365007,ms,Changapurwa
182105584,2365008,ms,Kumhar Purwa
182105661,2365009,ms,Misran Purwa
182105969,2365013,ms,Nanda Purwa
182106046,2365014,ms,Kurmipurwa
182106123,2365015,ms,Mahantpur
182106893,2365025,ms,Dhumaura
182107047,2365027,ms,Rajapur Mafi
182107355,2365031,ms,Bariarpur
182107586,2365034,ms,Meku Purwa
182107740,2365036,ms,Bhaya Pur
182108125,2365041,ms,Haithi
182108202,2365042,ms,Dhandhar
182108356,2365044,ms,Kituri
182108510,2365046,ms,Chhatauni
182108895,2365051,ms,Desi Laukiha
182109819,2365063,ms,Pandit Purwa
182110435,2365071,ms,Basantpur
182110512,2365072,ms,Kandi
182110820,2365076,ms,Raipur Alaipur
182110897,2365077,ms,Dulam Purwa
182110974,2365078,ms,Ayodhya Purwa
182111051,2365079,ms,Tutuhipur
182111205,2365081,ms,Sarkanda
182111359,2365083,ms,Bhgiapur
182111436,2365084,ms,Pataunja
182111513,2365085,ms,Jather Kishnipur
182112129,2365093,ms,Surjanpur
182112283,2365095,ms,Tulsipur Kharika
182112514,2365098,ms,Jairampur
182112668,2365100,ms,Karnapur
182112745,2365101,ms,Parah
182112976,2365104,ms,Fateh Purwa
182113438,2365110,ms,Umri
182113515,2365111,ms,Kisrai
182113669,2365113,ms,Ranjitpur
182113900,2365116,ms,Chheda
182114362,2365122,ms,Shankarpur
182114670,2365126,ms,Parsrampur
182114747,2365127,ms,Gangapur
182114901,2365129,ms,Jagtapur
182115209,2365133,ms,Lakaunda
182115517,2365137,ms,Deogaon
182115671,2365139,ms,Gaisapur
182115748,2365140,ms,Basari
182115979,2365143,ms,Shiurajpur
182116133,2365145,ms,Tandua
182116364,2365148,ms,Barwi
182116595,2365151,ms,Daulatpur
182116980,2365156,ms,Turkauli
182117288,2365160,ms,Lalpur
182117442,2365162,ms,Jalalpur
182117596,2365164,ms,Kesripur
182117673,2365165,ms,Dhanaulia
182117750,2365166,ms,Garhchapa
182118828,2365180,ms,Rampur Mathura
182118982,2365182,ms,Keora
182119059,2365183,ms,Behta
182119136,2365184,ms,Ramnagra
182119290,2365186,ms,Nausahra
182119598,2365190,ms,Manpur
182119983,2365195,ms,Mangal Purwa
182120214,2365198,ms,Keotana
182120291,2365199,ms,Mangalpurwa
182121677,2365217,ms,Bishanpur
182121754,2365218,ms,Deoria
182122139,2365223,ms,Lodhan Purwa
182122216,2365224,ms,Bhagwantpur
182122370,2365226,ms,Para
182122447,2365227,ms,Suklan Purwa
182123910,2365246,ms,Kapraul
182124218,2365250,ms,Choban Purwa
182124449,2365253,ms,Jarmapur
182124680,2365256,ms,Kumharan Purwa
182125065,2365261,ms,Daryapur Kalan
182125527,2365267,ms,Chamaranpurwa
182125989,2365273,ms,Dhandi
182126297,2365277,ms,Kothar
182126528,2365280,ms,Harharpur
182127067,2365287,ms,Dube Purwa
182127837,2365297,ms,Sihala
182127914,2365298,ms,Bodhi Purwa
182128068,2365300,ms,Tulsipur Banjar
182128145,2365301,ms,Kapurpur
182128222,2365302,ms,Daryapur
182128453,2365305,ms,Chamlai
182128530,2365306,ms,Kalwapur
182128838,2365310,ms,Gawah Dih
182128915,2365311,ms,Achlapur
182129223,2365315,ms,Barwi Barwa
182129685,2365321,ms,Manjhari
182129916,2365324,ms,Daswantpur
182129993,2365325,ms,Kutlupur
182130147,2365327,ms,Lalpur Karauta
182130455,2365331,ms,Thaur Purwa
182130532,2365332,ms,Ramwapur
182130763,2365335,ms,Bahadurpur
182130917,2365337,ms,Jokha
182131071,2365339,ms,Pandai Purwa
182131148,2365340,ms,Sadullapur
182131225,2365341,ms,Atahri
182131302,2365342,ms,Batnera
182131456,2365344,ms,Lalpurwa
182131918,2365350,ms,Kedaripur
182132226,2365354,ms,Sarsandh
182132303,2365355,ms,Katchnapur
182134921,2365389,ms,Ahir Purwa
182135306,2365394,ms,Chunilal Purwa
182135614,2365398,ms,Silauta
182136076,2365404,ms,Chindauli
182136538,2365410,ms,Bamhnauri Shankarpur
182136769,2365413,ms,Ramai Purwa
182137154,2365418,ms,Rehwa
182137308,2365420,ms,Lonian Purwa
182137385,2365421,ms,Ghosin Purwa
182137539,2365423,ms,Kauraha
182137847,2365427,ms,Madho Purwa
182138078,2365430,ms,Thakuran Purwa
182138155,2365431,ms,Tan Bagha
182138309,2365433,ms,Parspur
182139156,2365444,ms,Raipur
182139233,2365445,ms,Masuria
182139310,2365446,ms,Ganesh Purwa
182139387,2365447,ms,Tilwa
182139464,2365448,ms,Deori
182139541,2365449,ms,Khaira
182140003,2365455,ms,Naushehra
182140465,2365461,ms,Manejar Purwa
182140773,2365465,ms,Dokri
182141389,2365473,ms,Jagdat Purwa
182141466,2365474,ms,Gur Sahai Purwa
182141620,2365476,ms,Jihura Mafi
182141697,2365477,ms,Rani Purwa
182142082,2365482,ms,Behta Churaman
182142544,2365488,ms,Parauti Purwa
182142775,2365491,ms,Kodhi
182142852,2365492,ms,Nanga Purwa
182143237,2365497,ms,Ramanpur Kirhauli
182143468,2365500,ms,Ramlala Purwa
182143545,2365501,ms,Sidha
182143776,2365504,ms,Sahbapur Mahpal Singh
182143930,2365506,ms,Pande Purwa
182144700,2365516,ms,Bhauri
182145085,2365521,ms,Sipahia Hulas
182145162,2365522,ms,Husainabad
182145547,2365527,ms,Himnapur
182146317,2365537,ms,Beghauli
182146625,2365541,ms,Ikauna
182147010,2365546,ms,Ghurehta
182147087,2365547,ms,Majhgawan
182147164,2365548,ms,Sarai Ali
182147241,2365549,ms,Kothwal Khurd
182148088,2365560,ms,Purwa Basiwa
182148165,2365561,ms,Nandwal
182148242,2365562,ms,Bhilaura Basti
182148396,2365564,ms,Nathupur
182148781,2365569,ms,Amwa Tetarpur
182148858,2365570,ms,Dihwa Kalan
182148935,2365571,ms,Akbarpur Buzurg
182149397,2365577,ms,Murka
182149474,2365578,ms,Murki
182149782,2365582,ms,Bamhandiha
182149936,2365584,ms,Nimhara
182150167,2365587,ms,Bamhiari
182150244,2365588,ms,Tatarpur
182150783,2365595,ms,Duhai
182150860,2365596,ms,Banjaria
182150937,2365597,ms,Muhammadpur
182151014,2365598,ms,Chandaura
182151168,2365600,ms,Sohai
182151322,2365602,ms,Bhagnapur
182151399,2365603,ms,Kasaunja
182151707,2365607,ms,Basauli
182151861,2365609,ms,Seoli
182152092,2365612,ms,Dhadhauri
182152246,2365614,ms,Muhammadipur
182152400,2365616,ms,Kanakpur
182152631,2365619,ms,Bibiapur
182152708,2365620,ms,Bhik Purwa
182152862,2365622,ms,Banmau
182153093,2365625,ms,Burhanapur
182153324,2365628,ms,Puranpur
182153478,2365630,ms,Birahimpur
182153555,2365631,ms,Raichandmau
182153632,2365632,ms,Sarhimau
182153709,2365633,ms,Masaudpur
182153786,2365634,ms,Chandwal
182153863,2365635,ms,Miranmau
182153940,2365636,ms,Ujarwara
182154017,2365637,ms,Gagaura
182154171,2365639,ms,Gangmau
182154402,2365642,ms,Shamshipur
182154710,2365646,ms,Gangauli
182154787,2365647,ms,Ahmadpur
182154941,2365649,ms,Nahrwal
182155018,2365650,ms,Sadarganj
182155095,2365651,ms,Gopalpur
182155249,2365653,ms,Saidanpur
182155326,2365654,ms,Karimabad
182155480,2365656,ms,Khadra
182155634,2365658,ms,Baburia
182155711,2365659,ms,Shekhpur Alipur
182155788,2365660,ms,Daulatpur
182155865,2365661,ms,Tilran
182156019,2365663,ms,Rauza
182156096,2365664,ms,Kadrabad
182156173,2365665,ms,Sihali
182156250,2365666,ms,Barwa
182156327,2365667,ms,Azizmau
182156404,2365668,ms,Wahabpur
182156481,2365669,ms,Sabtapur
182156558,2365670,ms,Fatehpur
182156635,2365671,ms,Kutbapur
182156712,2365672,ms,Gadaipur
182156866,2365674,ms,Mansapur
182156943,2365675,ms,Chholaha
182157251,2365679,ms,Bazidpur
182157328,2365680,ms,Ankha
182157482,2365682,ms,Bamhaura
182157636,2365684,ms,Khapraila
182157790,2365686,ms,Hansra
182157867,2365687,ms,Nanipur
182157944,2365688,ms,Bibiapur
182158098,2365690,ms,Loharuwa
182158252,2365692,ms,Bhaiara
182158329,2365693,ms,Kutra
182158483,2365695,ms,Kotwa
182158637,2365697,ms,Amdaha
182159099,2365703,ms,Rotigaon
182159176,2365704,ms,Habibpur
182159407,2365707,ms,Pipri
182159638,2365710,ms,Datauli
182159715,2365711,ms,Budhera
182159869,2365713,ms,Kesaripur
182160331,2365719,ms,Tilokpur
182160408,2365720,ms,Gadwapur
182161024,2365728,ms,Piaripur
182161101,2365729,ms,Gagiapur
182161178,2365730,ms,Nizampur
182161255,2365731,ms,Choraulia
182161486,2365734,ms,Shahpurchak Baherwa
182161563,2365735,ms,Bailmau
182161717,2365737,ms,Mampur
182161871,2365739,ms,Karandha
182161948,2365740,ms,Mohari
182162102,2365742,ms,Mirpur Bhtoro
182162179,2365743,ms,Katra
182162333,2365745,ms,Bilauli
182162410,2365746,ms,Zafarpur
182162718,2365750,ms,Hafizpur
182162949,2365753,ms,Budamau
182163026,2365754,ms,Buragaura
182163180,2365756,ms,Mahmudpur
182163411,2365759,ms,Nanaupara
182163642,2365762,ms,Ruhera
182163796,2365764,ms,Auliapur
182163873,2365765,ms,Baraia
182164027,2365767,ms,Anuddinpur
182164335,2365771,ms,Richhla
182164412,2365772,ms,Inraura
182164489,2365773,ms,Matehna
182164643,2365775,ms,Basantpur
182164720,2365776,ms,Firozpur
182164797,2365777,ms,Jaisnghpur
182164951,2365779,ms,Utrawan
182165259,2365783,ms,Pipri
182165875,2365791,ms,Durgapur Naubasta
182166183,2365795,ms,Masuriha
182166337,2365797,ms,Chagepur
182166568,2365800,ms,Salpur
182166722,2365802,ms,Chand Sihali
182166799,2365803,ms,Bhikaripur
182167030,2365806,ms,Bairanamau
182167184,2365808,ms,Raidharmau
182167415,2365811,ms,Tikra
182167569,2365813,ms,Makauli
182167646,2365814,ms,Abdullahpur
182167954,2365818,ms,Kaziapur
182168031,2365819,ms,Umri
182168108,2365820,ms,Shahpur
182168185,2365821,ms,Sarsawah
182168339,2365823,ms,Hathoia
182168647,2365827,ms,Katahri
182168955,2365831,ms,Bhitaura
182169032,2365832,ms,Manaura
182169263,2365835,ms,Bilkhia
182169340,2365836,ms,Atrauli
182169648,2365840,ms,Biknapur
182169725,2365841,ms,Bariarpur
182170341,2365849,ms,Amoli Hisampur
182170726,2365854,ms,Amraigaon
182170957,2365857,ms,Juraunda
182171188,2365860,ms,Pura Bhagai
182171419,2365863,ms,Bargadia
182171496,2365864,ms,Loharanpur
182171804,2365868,ms,Nahamau
182172035,2365871,ms,Sadharanpur
182172112,2365872,ms,Chandpur
182172343,2365875,ms,Dal Sarai
182172497,2365877,ms,Surwari
182172651,2365879,ms,Sarauli Kalan
182172728,2365880,ms,Rampur Khargi
182172959,2365883,ms,Lalupur
182173036,2365884,ms,Dadaura
182173267,2365887,ms,Chandnanpur
182173344,2365888,ms,Malauli
182173421,2365889,ms,Bahamau
182173575,2365891,ms,Kinhauli
182174037,2365897,ms,Bhairaunpur
182174114,2365898,ms,Malpur Arsanda
182174191,2365899,ms,Gahrela
182174576,2365904,ms,Bahunpur
182174653,2365905,ms,Kandhipur
182174961,2365909,ms,Rampur Hulsa
182175115,2365911,ms,Sultanpur
182175269,2365913,ms,Bhitaura
182175500,2365916,ms,Bichalka
182175654,2365918,ms,Chandamau
182175731,2365919,ms,Katiara
182175962,2365922,ms,Gajpatipur
182176193,2365925,ms,Chandipur
182176347,2365927,ms,Gari
182176424,2365928,ms,Marocha
182176578,2365930,ms,Rahta
182176655,2365931,ms,Dhaurachia
182176732,2365932,ms,Raniganj
182177194,2365938,ms,Mallapur
182177579,2365943,ms,Banarki
182178041,2365949,ms,Rajapur
182178349,2365953,ms,Birahimpur
182178657,2365957,ms,Gonda
182178734,2365958,ms,Goba
182178965,2365961,ms,Mirzapur
182180043,2365975,ms,Bhetauli
182180197,2365977,ms,Mathra
182180890,2365986,ms,Jaitpur
182181198,2365990,ms,Karsa Kalan
182181275,2365991,ms,Karsa Khurd
182181352,2365992,ms,Puraina
182181660,2365996,ms,Bindaura
182181737,2365997,ms,Sohi
182181814,2365998,ms,Lain
182182122,2366002,ms,Baranpur
182182430,2366006,ms,Lodhaura
182183354,2366018,ms,Rajnapur
182183585,2366021,ms,Durgapur
182183662,2366022,ms,Sisaunda
182183893,2366025,ms,Harinarayanpur
182183970,2366026,ms,Aima
182184047,2366027,ms,Sarjupur
182184124,2366028,ms,Nachna
182184201,2366029,ms,Bharsawan
182184432,2366032,ms,Samnapur
182184663,2366035,ms,Sarkauli
182184817,2366037,ms,Nathnanpur
182185048,2366040,ms,Lodhpurwa
182185125,2366041,ms,Bhawaniganj
182185202,2366042,ms,Katka
182185741,2366049,ms,Madhoapur
182185895,2366051,ms,Safipur
182185972,2366052,ms,Amra
182186049,2366053,ms,Dargahpur
182186126,2366054,ms,Shahgarh
182186357,2366057,ms,Amra Kathra
182187050,2366066,ms,Alinagar
182187204,2366068,ms,Danapur
182187358,2366070,ms,Chawanpur
182188513,2366085,ms,Dhi Hajur
182189283,2366095,ms,Umra
182189437,2366097,ms,Sikandarpur
182190438,2366110,ms,Salempur Siki
182190746,2366114,ms,Pure Siddha
182190900,2366116,ms,Pemrajpur
182191131,2366119,ms,Bhatpura
182191439,2366123,ms,Behta
182191824,2366128,ms,Bandramau
182192440,2366136,ms,Mulhiamau
182193441,2366149,ms,Raghunathpur
182193672,2366152,ms,Chhata Purwa
182193826,2366154,ms,Jaraula
182193903,2366155,ms,Surjumau
182193980,2366156,ms,Bhuemau
182194365,2366161,ms,Newalganj
182194519,2366163,ms,Chak Pali
182194904,2366168,ms,Aiaspur Dih
182195212,2366172,ms,Darwapur
182195520,2366176,ms,Rustampur
182195597,2366177,ms,Gobindpur
182195674,2366178,ms,Paintmau
182195828,2366180,ms,Dohari
182196059,2366183,ms,Dighia
182196136,2366184,ms,Jhakrasi
182197060,2366196,ms,Kurchandamau
182197137,2366197,ms,Bakarwara
182197214,2366198,ms,Khanpur
182197676,2366204,ms,Raipur Maheri
182197984,2366208,ms,Sarai Damu
182201911,2366259,ms,Anurudpur
182202373,2366265,ms,Oeni Kopa
182203528,2366280,ms,Nawabganj
182203759,2366283,ms,Paraura
182204221,2366289,ms,Muhiuddinpur
182206531,2366319,ms,Lodhwari
182206916,2366324,ms,Sanhu Kuwan
182208610,2366346,ms,Bhikh
182209457,2366357,ms,Shankarpur
182209534,2366358,ms,Purabgaon
182209996,2366364,ms,Sidhaur
182211151,2366379,ms,Pure Jham Singh
182211998,2366390,ms,Jigna
182212768,2366400,ms,Gokulpur
182214616,2366424,ms,Ramechhap
182216849,2366453,ms,Bachaupur
182217388,2366460,ms,Kewalpur
182217465,2366461,ms,Chaubepur
182218004,2366468,ms,Itaura Ruzuro
182218543,2366475,ms,Bindaganj
182218851,2366479,ms,Harpur Halla
182219390,2366486,ms,Undwa
182219467,2366487,ms,Pure Jagat Singh
182219698,2366490,ms,Rampur Baghel
182220314,2366498,ms,Pura Purai
182220776,2366504,ms,Rupamau
182221854,2366518,ms,Pura Rati Bhan
182222393,2366525,ms,Pura Jaskaram Singh
182223625,2366541,ms,Pura Baba
182223933,2366545,ms,Bakwara
182224164,2366548,ms,Kalandarpur
182224318,2366550,ms,Manpur Sahewa
182224549,2366553,ms,Pura Sadhar
182225088,2366560,ms,Tambarpur
182225704,2366568,ms,Ratansipur
182227937,2366597,ms,Gondwara
182228553,2366605,ms,Bargadha
182228707,2366607,ms,Manai
182229246,2366614,ms,Tikari Sahan
182231402,2366642,ms,Kurwar
182232095,2366651,ms,Pura Kalka
182232711,2366659,ms,Gulabganj
182233327,2366667,ms,Pura Bakhshi
182233404,2366668,ms,Pura Jugraj Singh
182233558,2366670,ms,Matiara
182233712,2366672,ms,Bargadha
182233789,2366673,ms,Anti Naugawan
182234097,2366677,ms,Pura Subadar
182234713,2366685,ms,Nigohi
182235021,2366689,ms,Pura Rokha
182235098,2366690,ms,Pura Lal
182235868,2366700,ms,Dela
182236561,2366709,ms,Tala Gopalpur
182236792,2366712,ms,Basar
182237562,2366722,ms,Dandupur
182238563,2366735,ms,Kondar
182238794,2366738,ms,Pure Fursat
182238871,2366739,ms,Kol
182239102,2366742,ms,Bargadhi Purwa
182239487,2366747,ms,Asanpur
182239795,2366751,ms,Pura Mian
182240334,2366758,ms,Simri
182240411,2366759,ms,Jhakrasi
182240642,2366762,ms,Goera
182241104,2366768,ms,Pura Goshain
182242105,2366781,ms,Balipur
182243029,2366793,ms,Tiwaripur
182243491,2366799,ms,Darsawan
182243645,2366801,ms,Gawa
182244030,2366806,ms,Etara
182244107,2366807,ms,Suchi
182244338,2366810,ms,Jamurawa Buzurg
182244492,2366812,ms,Jamurawa Khurd
182244877,2366817,ms,Rehwara
182244954,2366818,ms,Umri
182245801,2366829,ms,Pichhwargaon
182246109,2366833,ms,Aliganj
182246494,2366838,ms,Bhagautipur
182246956,2366844,ms,Asaria
182247649,2366853,ms,Ramulpur
182247880,2366856,ms,Pure Lalji
182248034,2366858,ms,Saidpur
182248265,2366861,ms,Khairabad
182248419,2366863,ms,Harkishanpur Tikra
182248573,2366865,ms,Bisaiya
182248650,2366866,ms,Chakpurwa
182249420,2366876,ms,Atulabad
182250344,2366888,ms,Kathiara
182250652,2366892,ms,Athartharia
182250806,2366894,ms,Bagha
182251037,2366897,ms,Pura Rani
182251268,2366900,ms,Bhadaiyan Mahmudpur
182254579,2366943,ms,Jamalpur Hurriya
182256735,2366971,ms,Mau
182257274,2366978,ms,Thauri
182258891,2366999,ms,Rokha
182260200,2367016,ms,Basupur
182260508,2367020,ms,Udapur
182260585,2367021,ms,Kukha
182260739,2367023,ms,Lakhapur
182261124,2367028,ms,Pure Bansi
182263511,2367059,ms,Pura Upadhia
182263973,2367065,ms,Satanpur
182264358,2367070,ms,Pradhanpur
182265205,2367081,ms,Pura Pathai
182265975,2367091,ms,Dayalpur
182266206,2367094,ms,Birnawa
182266591,2367099,ms,Sarai
182267284,2367108,ms,Jagdispur
182267592,2367112,ms,Pirhi
182268208,2367120,ms,Purwa Thakrain
182269209,2367133,ms,Khetaundhan
182269594,2367138,ms,Rasidpur
182269902,2367142,ms,Asapur
182270287,2367147,ms,Ghatampur
182270672,2367152,ms,Gosigarh
182271057,2367157,ms,Gohindpur
182271442,2367162,ms,Sheikhpur
182271596,2367164,ms,Hanu Misr Purwa
182272058,2367170,ms,Ramnagar
182272366,2367174,ms,Pura Sadhai Misr
182272828,2367180,ms,Dilawalpur
182273290,2367186,ms,Padumanpur Bijauli
182273829,2367193,ms,Tilokpur
182274984,2367208,ms,Nain
182275061,2367209,ms,Kandi
182275215,2367211,ms,Okalangarh
182275292,2367212,ms,Jankiban
182275369,2367213,ms,Purab Nain
182275446,2367214,ms,Mangapur
182275831,2367219,ms,Dhankesra
182276678,2367230,ms,Sirnathpur
182277140,2367236,ms,Jijaulia
182277217,2367237,ms,Pura Kusal
182277833,2367245,ms,Kateha
182277987,2367247,ms,Shahbazpur
182278141,2367249,ms,Gaddipur
182279142,2367262,ms,Mauzam Khan Purwa
182279219,2367263,ms,Matka
182279373,2367265,ms,Gajai Purwa
182279450,2367266,ms,Kahua
182281375,2367291,ms,Jahanpur
182282607,2367307,ms,Ramipur
182283223,2367315,ms,Osukuru
182283608,2367320,ms,Bithaura
182283685,2367321,ms,Sanda Saidan
182283916,2367324,ms,Belampur
182284070,2367326,ms,Bikapur
182284609,2367333,ms,Chak Mirzapatti
182285687,2367347,ms,Dohri
182285764,2367348,ms,Raghupur
182286765,2367361,ms,Dandiamau
182286919,2367363,ms,Amanianpur
182287073,2367365,ms,Tahsipur
182287150,2367366,ms,Bibiapur
182287227,2367367,ms,Iganpur
182287304,2367368,ms,Tilwari
182287535,2367371,ms,Pananpur
182287920,2367376,ms,Pattipur
182288074,2367378,ms,Chamar Purwa
182288382,2367382,ms,Piprauli
182288536,2367384,ms,Udaitnagar
182288844,2367388,ms,Lalpur
182288921,2367389,ms,Haraha
182288998,2367390,ms,Naghapur
182289306,2367394,ms,Sura
182289460,2367396,ms,Lodh Purwa
182289768,2367400,ms,Durjanpur
182289999,2367403,ms,Bidianagar
182290230,2367406,ms,Hansaur
182290384,2367408,ms,Khevrajpur
182291693,2367425,ms,Kamrauli
182292001,2367429,ms,Hausinghpur
182292386,2367434,ms,Kuthri Gauria
182292771,2367439,ms,Uprauli
182293233,2367445,ms,Bangawan
182293464,2367448,ms,Baghauli
182293618,2367450,ms,Kanchanpur
182293695,2367451,ms,Bakhshupur
182293772,2367452,ms,Jatha
182293849,2367453,ms,Chakambarpur
182294003,2367455,ms,Khubaha Purwa
182294234,2367458,ms,Miyaganj
182294388,2367460,ms,Minnagar
182294465,2367461,ms,Bhawanianpur
182294542,2367462,ms,Nanhipur
182294696,2367464,ms,Jarmau
182294773,2367465,ms,Malu Lalpur
182295466,2367474,ms,Lachhmanpur
182295543,2367475,ms,Kusfar
182295620,2367476,ms,Goshainpurwa
182295697,2367477,ms,Neoli
182295774,2367478,ms,Kheorajpur
182295851,2367479,ms,Niamatpur
182296313,2367485,ms,Harbanspur
182296698,2367490,ms,Tarapur
182297006,2367494,ms,Khatripur
182297083,2367495,ms,Simaur
182297468,2367500,ms,Rampur
182297699,2367503,ms,Malin Pur
182298007,2367507,ms,Madarpur
182298084,2367508,ms,Ausergarh
182299470,2367526,ms,Khutauli
182299701,2367529,ms,Chandauli
182299855,2367531,ms,Manjhela
182300009,2367533,ms,Gaura
182300163,2367535,ms,Ajaimau
182300856,2367544,ms,Indarpur
182300933,2367545,ms,Pahrupur
182301241,2367549,ms,Gokala
182301395,2367551,ms,Raipur
182301780,2367556,ms,Ranipur
182302396,2367564,ms,Lalpur Guman
182302627,2367567,ms,Khargwapur
182302704,2367568,ms,Hulsipur
182302781,2367569,ms,Tilma
182303397,2367577,ms,Shahpur
182303859,2367583,ms,Chandauli
182304244,2367588,ms,Asena
182304552,2367592,ms,Dilona
182304629,2367593,ms,Bhagwanpur
182305091,2367599,ms,Lalganj
182305476,2367604,ms,Shiamnagar
182305553,2367605,ms,Patulki
182305784,2367608,ms,Sultanpur
182305861,2367609,ms,Kutwa
182305938,2367610,ms,Ghusawal
182306092,2367612,ms,Nagra
182306169,2367613,ms,Makhdumpur
182306246,2367614,ms,Gajkari
182306554,2367618,ms,Bilhari
182306862,2367622,ms,Patranga
182306939,2367623,ms,Rasulpur
182307093,2367625,ms,Darauli
182307401,2367629,ms,Gangapur
182307786,2367634,ms,Kashipur
182307940,2367636,ms,Dharauli
182308325,2367641,ms,Sital Purwa
182308479,2367643,ms,Ashrafpur Gangrela
182309249,2367653,ms,Wajiuddinpur
182309403,2367655,ms,Mahulara
182310250,2367666,ms,Malinpur
182310327,2367667,ms,Takia
182310712,2367672,ms,Ibrahimabad
182310943,2367675,ms,Tulsi Purwa
182311482,2367682,ms,Chamar Purwa
182311713,2367685,ms,Bhanpur
182312175,2367691,ms,Amahia
182312329,2367693,ms,Sadwabhelu
182312637,2367697,ms,Jamoli
182313099,2367703,ms,Pachlu
182313176,2367704,ms,Pahelwan Purwa
182313638,2367710,ms,Zainabad
182314100,2367716,ms,Bakauli
182314254,2367718,ms,Ranimau
182314331,2367719,ms,Bakarpur
182314485,2367721,ms,Manapur
182314639,2367723,ms,Dulhapur
182314793,2367725,ms,Majanpur
182314947,2367727,ms,Ashrafnagar
182315178,2367730,ms,Jaisukhpur
182315409,2367733,ms,Muhammadpur Daudpur
182315486,2367734,ms,Bibipur
182315563,2367735,ms,Lakhmipur
182315717,2367737,ms,Hunhuna
182316025,2367741,ms,Pathan Purwa
182316487,2367747,ms,Bataya
182317180,2367756,ms,Fatehpur Khurd
182317334,2367758,ms,Saratha
182317488,2367760,ms,Matauli
182317719,2367763,ms,Kusa
182317950,2367766,ms,Sultan Chak
182318104,2367768,ms,Jarail Khurd
182318258,2367770,ms,Razanagar
182318412,2367772,ms,Dilwal
182318489,2367773,ms,Raipur
182318874,2367778,ms,Ganauli
182318951,2367779,ms,Harmau
182319028,2367780,ms,Ramau
182319336,2367784,ms,Shahbaz Chak
182319413,2367785,ms,Miramau
182319490,2367786,ms,Sithauli
182319644,2367788,ms,Bulbulpur
182319721,2367789,ms,Jakhauli
182319952,2367792,ms,Sela Manpur
182320106,2367794,ms,Ichaulia
182320183,2367795,ms,Lotanbagh
182320260,2367796,ms,Dasrathmau
182320337,2367797,ms,Yakubpur
182320414,2367798,ms,Firozpur Puraran
182320722,2367802,ms,Sidhauna
182320799,2367803,ms,Asumau
182320876,2367804,ms,Sahni
182321569,2367813,ms,Shahpur
182322416,2367824,ms,Jalilpur
182322647,2367827,ms,Tanda Khulasa
182323032,2367832,ms,Dhamaura
182323109,2367833,ms,Husainganj
182323494,2367838,ms,Khedipur
182323571,2367839,ms,Kinhaura
182323725,2367841,ms,Palpur
182323879,2367843,ms,Chamrauli
182324033,2367845,ms,Gulchappa Kalan
182324110,2367846,ms,Purekamgar
182324264,2367848,ms,Chandamau
182324341,2367849,ms,Nawabganj
182324726,2367854,ms,Khamauli
182324803,2367855,ms,Alhanmau
182325034,2367858,ms,Bahorikpur
182325111,2367859,ms,Muradabad
182325188,2367860,ms,Dopahria
182325342,2367862,ms,Junedpur
182325573,2367865,ms,Lodhpurwa
182325804,2367868,ms,Khurdha
182325881,2367869,ms,Diwali
182326035,2367871,ms,Sarai Ahmad
182326189,2367873,ms,Bhitaura
182326266,2367874,ms,Amrauli
182326343,2367875,ms,Danialpur
182326497,2367877,ms,Ahmadabad
182326651,2367879,ms,Dafiapur
182326728,2367880,ms,Pasi Purwa
182327113,2367885,ms,Khandpipra
182327190,2367886,ms,Sarai Barai
182328499,2367903,ms,Lilar
182328884,2367908,ms,Sukhipur
182329038,2367910,ms,Akbarpur
182329192,2367912,ms,Pansara
182329577,2367917,ms,Bilkhara
182329808,2367920,ms,Badshahnagar
182330039,2367923,ms,Fatehpur Kalan
182330193,2367925,ms,Khudapur
182330424,2367928,ms,Badri Purwa
182330501,2367929,ms,Tikwamau
182330655,2367931,ms,Chak Purwa
182330809,2367933,ms,Ranimau
182330963,2367935,ms,Pande Purwa
182332657,2367957,ms,Asua
182332734,2367958,ms,Maila
182332811,2367959,ms,Patra
182333119,2367963,ms,Basantpur
182333196,2367964,ms,Sikrijiwal
182333658,2367970,ms,Simri
182334505,2367981,ms,Amrahra
182334659,2367983,ms,Atarsuia
182334813,2367985,ms,Kakarh
182335198,2367990,ms,Pura Gurian
182336045,2368001,ms,Pathan Purwa
182336815,2368011,ms,Poeni
182337508,2368020,ms,Katgara
182337662,2368022,ms,Kuti
182338201,2368029,ms,Jijauli
182338509,2368033,ms,Utia
182338663,2368035,ms,Banbharia
182338817,2368037,ms,Shekhangaon
182338894,2368038,ms,Pure Kashi
182339125,2368041,ms,Allahnagar
182339202,2368042,ms,Pura Misran
182339356,2368044,ms,Karangaon
182339587,2368047,ms,Dilwargarh
182339741,2368049,ms,Yusufnagar
182340126,2368054,ms,Nahargarh
182340280,2368056,ms,Pure Mallah
182340665,2368061,ms,Pura Thakurain
182340973,2368065,ms,Konchi
182341204,2368068,ms,Paharpur
182341435,2368071,ms,Samha
182341512,2368072,ms,Roshanganj
182341589,2368073,ms,Pura Thakurain
182342282,2368082,ms,Mirzagarh
182342359,2368083,ms,Sardarganj
182342667,2368087,ms,Matepur
182343052,2368092,ms,Pura Ram Singh
182343129,2368093,ms,Bahuwa
182343360,2368096,ms,Zorawarganj
182343437,2368097,ms,Pura Koli Pasi
182343514,2368098,ms,Nazarganj
182344361,2368109,ms,Lapkana
182344669,2368113,ms,Misrganj
182345285,2368121,ms,Pura Ara Singh
182345439,2368123,ms,Pura Zorawarganj
182345747,2368127,ms,Barhauli
182346517,2368137,ms,Purabgaon
182346671,2368139,ms,Utargaon
182346979,2368143,ms,Malawan
182347133,2368145,ms,Pura Hari Singh
182347672,2368152,ms,Koilara Mubarakpur
182347903,2368155,ms,Ujhaini
182348211,2368159,ms,Chhitauwan
182348288,2368160,ms,Ramsala
182348673,2368165,ms,Ariawan
182348904,2368168,ms,Saraiyan
182348981,2368169,ms,Tataharwapur
182349058,2368170,ms,Rajamau
182349597,2368177,ms,Jagannathpur
182350290,2368186,ms,Pure Shiv Singh
182350675,2368191,ms,Shahmau
182350752,2368192,ms,Balapur
182350906,2368194,ms,Agauna
182351830,2368206,ms,Pure Baderai
182352446,2368214,ms,Alampur
182353139,2368223,ms,Pura Sardar Singh
182353216,2368224,ms,Pura Harpal Singh
182353524,2368228,ms,Belwa Hasanpur
182353832,2368232,ms,Pure Ibrahim
182354217,2368237,ms,Sadiapur
182355141,2368249,ms,Pura Thakrain
182355295,2368251,ms,Miranmau
182355372,2368252,ms,Birara
182355449,2368253,ms,Singhapur
182355603,2368255,ms,Tataharwapur
182355834,2368258,ms,Lihi
182355988,2368260,ms,Rampur
182356681,2368269,ms,Jagdispur
182359222,2368302,ms,Pura Shitab Rai
182359838,2368310,ms,Pure Chitai
182359915,2368311,ms,Pura Hasan
182360300,2368316,ms,Harkarnpur
182360762,2368322,ms,Bhawapur
182361301,2368329,ms,Garhilal Shah
182361378,2368330,ms,Ahuri
182361609,2368333,ms,Gopalpur
182361917,2368337,ms,Lalpur
182362995,2368351,ms,Jamrawan
182363149,2368353,ms,Dharampur
182363226,2368354,ms,Medhauna
182363765,2368361,ms,Umrawal
182364073,2368365,ms,Naudand
182364458,2368370,ms,Edilpur
182364612,2368372,ms,Katkarpur
182365690,2368386,ms,Basantpur
182365844,2368388,ms,Bahadurpur
182366075,2368391,ms,Sindurwa
182366614,2368398,ms,Rasulpur
182366691,2368399,ms,Sarai Alam
182367230,2368406,ms,Dularinagar
182367846,2368414,ms,Sarai Hetan
182368616,2368424,ms,Saresar
182368693,2368425,ms,Maraucha
182369386,2368434,ms,Muhammadpur
182369540,2368436,ms,Khaunpur
182369694,2368438,ms,Haswa Sarwanan
182369848,2368440,ms,Pura Mian Manju Shah
182370002,2368442,ms,Walipur
182370156,2368444,ms,Pura Dalel Khan
182370233,2368445,ms,Itraur
182370464,2368448,ms,Pure Ganga Pande
182370541,2368449,ms,Sheikhpur
182370926,2368454,ms,Majhgawan
182371542,2368462,ms,Dakhinwara
182371619,2368463,ms,Dibra
182371927,2368467,ms,Maharajpur
182372004,2368468,ms,Rajamau
182372081,2368469,ms,Janapur
182372158,2368470,ms,Kapasi
182372466,2368474,ms,Suratgarh
182372620,2368476,ms,Pathrauli
182372928,2368480,ms,Ghoriabad
182374006,2368494,ms,Mawai
182374237,2368497,ms,Deosipur
182374853,2368505,ms,Duramau
182375469,2368513,ms,Hardo
182376008,2368520,ms,Ranipur
182376162,2368522,ms,Pure Gulam Khan
182376239,2368523,ms,Pure Ausan Singh
182376470,2368526,ms,Pure Pandit
182377009,2368533,ms,Lalpur
182377394,2368538,ms,Pura Pashad Singh
182377471,2368539,ms,Baraulia
182378241,2368549,ms,Bakshgarh
182378318,2368550,ms,Bhikhipur
182378472,2368552,ms,Pura Bhikai Sunar
182379396,2368564,ms,Umradih
182379627,2368567,ms,Pure Mahant
182379858,2368570,ms,Pure Bhagirath
182379935,2368571,ms,Balbhaddarpur
182380397,2368577,ms,Ajabgarh
182382553,2368605,ms,Pure Gopi Tiwari
182382784,2368608,ms,Hagaon
182383246,2368614,ms,Ahad
182383939,2368623,ms,Achalpur
182384709,2368633,ms,Parbatpur
182385094,2368638,ms,Harimau
182385556,2368644,ms,Lusanpur
182386018,2368650,ms,Bagahi
182388097,2368677,ms,Pura Talewand
182388174,2368678,ms,Urwa
182388482,2368682,ms,Nisura
182389098,2368690,ms,Paharpur
182389175,2368691,ms,Khairatpur
182389329,2368693,ms,Mangauli
182389406,2368694,ms,Parezpur
182389483,2368695,ms,Bubupur
182389945,2368701,ms,Misrauli
182390176,2368704,ms,Atrauna
182390407,2368707,ms,Jagdharpur
182390638,2368710,ms,Pura Dahpal
182390715,2368711,ms,Gungemau
182390946,2368714,ms,Sambai
182391408,2368720,ms,Ram Shahpur
182391485,2368721,ms,Pure Sadhai
182391947,2368727,ms,Kalianpur
182392024,2368728,ms,Rampurchaudhari
182392101,2368729,ms,Salhapur
182393025,2368741,ms,Ram Shahpur
182394488,2368760,ms,Gogmau
182396028,2368780,ms,Pure Bania
182396336,2368784,ms,Pura Mohan Singh
182396644,2368788,ms,Pura Khushhal
182396721,2368789,ms,Gopalpur
182397183,2368795,ms,Sarauli
182397260,2368796,ms,Sujanpur
182398107,2368807,ms,Oripur
182398877,2368817,ms,Mau
182400109,2368833,ms,Pure Gautam
182400340,2368836,ms,Pure Dharu Shah
182401264,2368848,ms,Utargaon
182401495,2368851,ms,Pura Sripal Tiwari
182401572,2368852,ms,Pura Lachhman Singh
182401649,2368853,ms,Bastidai
182401726,2368854,ms,Pure Bakhat
182402342,2368862,ms,Sarmi
182402804,2368868,ms,Parasrampur
182403343,2368875,ms,Todarpur
182405037,2368897,ms,Bhanianpur
182405114,2368898,ms,Kusbaira
182405884,2368908,ms,Atrauli
182406654,2368918,ms,Mahapur
182406808,2368920,ms,Nawada Kishangarh
182408579,2368943,ms,Kitiawan
182410273,2368965,ms,Dalilpur
182410658,2368970,ms,Babupur
182411274,2368978,ms,Hardaspur
182411505,2368981,ms,Pure Kandi
182411736,2368984,ms,Gaura
182411967,2368987,ms,Dhargadpur
182412044,2368988,ms,Pura Ram Nawaz
182412121,2368989,ms,Purab Gaura
182412429,2368993,ms,Katari
182412814,2368998,ms,Raniganj
182413045,2369001,ms,Resi
182413276,2369004,ms,Biripur
182414277,2369017,ms,Tikra
182415201,2369029,ms,Kankupur
182416048,2369040,ms,Barenti
182416202,2369042,ms,Ankhara
182416356,2369044,ms,Manshahpur
182416664,2369048,ms,Shahpur
182417203,2369055,ms,Maya
182417742,2369062,ms,Kanjas
182417819,2369063,ms,Richaura
182418358,2369070,ms,Gaimau
182418974,2369078,ms,Tanda
182419436,2369084,ms,Ashrafpur
182419513,2369085,ms,Mohabatpur
182419744,2369088,ms,Katehti
182419821,2369089,ms,Pure Gauhar
182420360,2369096,ms,Deokali
182420437,2369097,ms,Mohiuddinpur
182421438,2369110,ms,Muhammadpur
182421977,2369117,ms,Purabgaon
182422131,2369119,ms,Daulatpur Lunhat
182422208,2369120,ms,Pure Lalai Bhagat
182422439,2369123,ms,Khaupur
182422516,2369124,ms,Namdarpur
182422978,2369130,ms,Pura Pancham Pasi
182423286,2369134,ms,Bechugarh
182423363,2369135,ms,Dakhingaon
182423594,2369138,ms,Kaima
182423902,2369142,ms,Pura Thakurain
182424210,2369146,ms,Amligaon
182424595,2369151,ms,Pura Dala
182425134,2369158,ms,Dichauli
182425211,2369159,ms,Dadupur
182425519,2369163,ms,Maigalganj
182426212,2369172,ms,Thauri
182426674,2369178,ms,Adhinpur
182426751,2369179,ms,Jiapur
182427136,2369184,ms,Chithaula
182427829,2369193,ms,Todarpur
182429677,2369217,ms,Purwa Talai
182430524,2369228,ms,Kundra
182430601,2369229,ms,Tikaria
182430678,2369230,ms,Pura Lal
182430909,2369233,ms,Kapurpur
182431063,2369235,ms,Kanakpur
182431140,2369236,ms,Chandapur
182431756,2369244,ms,Padampur
182432064,2369248,ms,Ahora Rampur
182432603,2369255,ms,Pura Lala
182432757,2369257,ms,Pura Sahibzada
182433142,2369262,ms,Pirthipur
182433296,2369264,ms,Hajipur
182434143,2369275,ms,Kalu Jalalpur
182434220,2369276,ms,Pure Narayan
182434528,2369280,ms,Rampur Kasiha
182434759,2369283,ms,Pura Gaharwar
182434836,2369284,ms,Pura Koharan
182434913,2369285,ms,Sirsira
182435914,2369298,ms,Maheshpur
182436068,2369300,ms,Bachhaul Khurd
182436222,2369302,ms,Mahanandpur
182436376,2369304,ms,Ninawan
182436684,2369308,ms,Birpur
182436838,2369310,ms,Barawan
182437146,2369314,ms,Sisni
182437762,2369322,ms,Bahinpur
182438224,2369328,ms,Chhatoh
182438378,2369330,ms,Maidapur
182439687,2369347,ms,Behta Murtaza
182439841,2369349,ms,Pura Bakhshi
182439918,2369350,ms,Jawahirganj
182439995,2369351,ms,Pura Jawahir Khan
182440072,2369352,ms,Barkhurdarpur
182440226,2369354,ms,Kulwa
182441920,2369376,ms,Amarpur
182443845,2369401,ms,Rajapur
182444153,2369405,ms,Pure Kalandar
182444692,2369412,ms,Nanda Shukul
182444846,2369414,ms,Sujauria
182445154,2369418,ms,Gadha
182445462,2369422,ms,Bisesherpur
182445539,2369423,ms,Sulaipur
182445616,2369424,ms,Pura Barhai
182446309,2369433,ms,Dostpur Budhbar
182446540,2369436,ms,Pachhuabar
182446771,2369439,ms,Bara
182447695,2369451,ms,Madhkarpur
182448311,2369459,ms,Paranipur
182448927,2369467,ms,Ramnagar Kot
182449158,2369470,ms,Pure Gurian
182449312,2369472,ms,Mustafabad
182449466,2369474,ms,Pure Dhali
182449543,2369475,ms,Ichhwapur
182449620,2369476,ms,Garhi Islamnagar
182449851,2369479,ms,Ghuranpur
182450852,2369492,ms,Basantpur
182451237,2369497,ms,Bairampur
182452623,2369515,ms,Pure Nohar
182453393,2369525,ms,Pura Dirgaj Singh
182454240,2369536,ms,Pure Ganga Ahir
182454317,2369537,ms,Pura Kanhaia Pande
182455241,2369549,ms,Reoli
182455780,2369556,ms,Jogapur
182455857,2369557,ms,Samgarh
182456088,2369560,ms,Daulatpur
182456165,2369561,ms,Sarawan
182456242,2369562,ms,Pure Tikai
182457243,2369575,ms,Pura Dube
182458552,2369592,ms,Pure Bhawandin Pasi
182458706,2369594,ms,Bewal
182460554,2369618,ms,Pura Bhikai
182460708,2369620,ms,Pure Nunar
182460785,2369621,ms,Paraiya Nimaksar
182461016,2369624,ms,Pura Ramzan
182461093,2369625,ms,Pura Binda
182461478,2369630,ms,Ramsapur
182462094,2369638,ms,Digha
182462248,2369640,ms,Mawaya
182463326,2369654,ms,Kanta
182463480,2369656,ms,Pura Raja
182463711,2369659,ms,Kazipur Tiliani
182464173,2369665,ms,Sarai
182464943,2369675,ms,Pure Bharat
182465097,2369677,ms,Pure Kadim
182465636,2369684,ms,Pure Bhagan
182465944,2369688,ms,Sarayan
182466252,2369692,ms,Pure Kuresi
182466791,2369699,ms,Rampur Kasha
182467176,2369704,ms,Pure Chobsingh
182468100,2369716,ms,Ochhapur
182468485,2369721,ms,Rahatikar
182468716,2369724,ms,Pure Gautam
182469717,2369737,ms,Narwal
182470102,2369742,ms,Pure Shiva
182470256,2369744,ms,Ranki
182470718,2369750,ms,Dhunwa
182471180,2369756,ms,Pure Sirohi
182471488,2369760,ms,Mahgapur
182472104,2369768,ms,Pura Badwan
182473259,2369783,ms,Pura Raghu Singh
182473413,2369785,ms,Rajapur
182473798,2369790,ms,Kishangarh
182473875,2369791,ms,Shiugarh
182474414,2369798,ms,Rajiapur
182474722,2369802,ms,Pura Lal Pande
182475184,2369808,ms,Sandaha
182475954,2369818,ms,Itraura
182476108,2369820,ms,Bhawapur
182476955,2369831,ms,Kurha
182477879,2369843,ms,Pura Prem
182478033,2369845,ms,Pura Hindu Singh
182478572,2369852,ms,Daulatpur
182478880,2369856,ms,Aidhi
182479265,2369861,ms,Pure Jaisingh
182479496,2369864,ms,Pura Fazil
182480497,2369877,ms,Dharupur
182480728,2369880,ms,Asura
182480882,2369882,ms,Jariari
182481036,2369884,ms,Pura Bhadaurian
182481267,2369887,ms,Makhdumpur
182481806,2369894,ms,Pure Mansa
182482037,2369897,ms,Ghorah
182482268,2369900,ms,Ranjitpur
182482499,2369903,ms,Umrar
182483192,2369912,ms,Pithapur
182483577,2369917,ms,Pura Baswan Singh
182483731,2369919,ms,Pura Ahiran
182483808,2369920,ms,Birgarh
182484116,2369924,ms,Pura Bhagwant
182484270,2369926,ms,Kusauli
182484578,2369930,ms,Pura Bakhshi
182484655,2369931,ms,Udaipur
182484809,2369933,ms,Salwahanpur
182484963,2369935,ms,Rantai Pura
182485040,2369936,ms,Khanipur
182485425,2369941,ms,Pura Purandar
182487350,2369966,ms,Lakhnapur
182487735,2369971,ms,Pura Sobha Singh
182488351,2369979,ms,Chahan
182489121,2369989,ms,Sohagpur
182489583,2369995,ms,Dehlupur
182489814,2369998,ms,Pura Ahiran
182489968,2370000,ms,Pura Sital Singh
182490199,2370003,ms,Shamspur
182490507,2370007,ms,Haripur
182491277,2370017,ms,Salehpur
182491739,2370023,ms,Pura Lunia
182492278,2370030,ms,Muraini
182492817,2370037,ms,Pura Loka
182493048,2370040,ms,Jodhipur
182493433,2370045,ms,Upadhyapur
182493741,2370049,ms,Simra
182494280,2370056,ms,Alawalpur
182494357,2370057,ms,Amawa
182494588,2370060,ms,Kumbhiaima
182494973,2370065,ms,Pinjari
182495127,2370067,ms,Dhanewa
182496359,2370083,ms,Dhanapur
182496436,2370084,ms,Pura Shukul
182496744,2370088,ms,Jagmalpur
182497283,2370095,ms,Pura Keshri
182497591,2370099,ms,Gujartola
182498130,2370106,ms,Pure Dhanu
182498900,2370116,ms,Luniapur
182499670,2370126,ms,Madhpur
182500671,2370139,ms,Bhawanshahpur
182501749,2370153,ms,Pure Gautam
182501980,2370156,ms,Atanagar
182502211,2370159,ms,Pure Raghunath
182502904,2370168,ms,Aintha
182503520,2370176,ms,Pathanpur
182503674,2370178,ms,Paraspur
182504290,2370186,ms,Aharbihar
182504367,2370187,ms,Kataria
182504598,2370190,ms,Baijalpur
182504675,2370191,ms,Patti Kacherha
182504829,2370193,ms,Umarpur
182507832,2370232,ms,Pure Sagra
182508063,2370235,ms,Pura Sewak Ram
182508217,2370237,ms,Oripur Naugir
182508371,2370239,ms,Bhojpur
182508756,2370244,ms,Chamrupur
182509449,2370253,ms,Sakrawan
182509911,2370259,ms,Saintha
182510296,2370264,ms,Pura Guru
182510527,2370267,ms,Paharganj
182510758,2370270,ms,Pura Dhanai
182511143,2370275,ms,Pura Dala
182511220,2370276,ms,Kumbhidiha
182512452,2370292,ms,Malhipur
182512991,2370299,ms,Dewapur
182513222,2370302,ms,Usmanpur
182513299,2370303,ms,Pura Ram Ghulam
182515994,2370338,ms,Kumbapur
182516379,2370343,ms,Pura Chaudhri
182517611,2370359,ms,Madhopur
182517919,2370363,ms,Ismailpur
182517996,2370364,ms,Pure Chhediram
182518150,2370366,ms,Kharanwan
182518381,2370369,ms,Dalshahpur
182518458,2370370,ms,Saripur
182518689,2370373,ms,Ramaipur
182518766,2370374,ms,Palia
182521230,2370406,ms,Anapur
182521384,2370408,ms,Halha
182522539,2370423,ms,Argwan
182522693,2370425,ms,Dalshahpur
182522847,2370427,ms,Makanpur
182523463,2370435,ms,Kohra
182524926,2370454,ms,Jagdispur
182525157,2370457,ms,Gopalpur
182525311,2370459,ms,Gobardhanpur
182525388,2370460,ms,Debigarh
182525696,2370464,ms,Sujakhar
182525773,2370465,ms,Pura Kanthi
182526235,2370471,ms,Deum Purab
182526543,2370475,ms,Pure Sudama
182527236,2370484,ms,Bijahri
182527390,2370486,ms,Silaundhi
182527467,2370487,ms,Badshahpur
182527698,2370490,ms,Sarai Lalshah
182528083,2370495,ms,Kalianpur
182528160,2370496,ms,Pura Diwan
182528391,2370499,ms,Pura Narayan Das
182529469,2370513,ms,Kateti
182530162,2370522,ms,Saraiya Duban
182530778,2370530,ms,Pura Maha Brahman
182533319,2370563,ms,Chhitepur
182533627,2370567,ms,Pura Udho
182534012,2370572,ms,Aghar
182534089,2370573,ms,Lal Shahpur
182534551,2370579,ms,Bisura
182535013,2370585,ms,Anibaijal
182537631,2370619,ms,Bojhi
182538786,2370634,ms,Juriapur
182538940,2370636,ms,Bhagwapur
182539094,2370638,ms,Mahimapur
182539556,2370644,ms,Basthan
182542174,2370678,ms,Gunder
182542636,2370684,ms,Basaikpur
182542713,2370685,ms,Sonpur Mankanth
182543329,2370693,ms,Pura Datta
182543714,2370698,ms,Sarai Hirmati
182543868,2370700,ms,Jagatgaon
182544022,2370702,ms,Chaturbhojpur
182544176,2370704,ms,Maharajpur
182544407,2370707,ms,Naraini
182545100,2370716,ms,Nainha
182545947,2370727,ms,Nauhajaya
182546101,2370729,ms,Nauhadal Singh
182546178,2370730,ms,Nauha Lalu
182546332,2370732,ms,Pura Ahiran
182546794,2370738,ms,Bhaisana
182546948,2370740,ms,Shahbari
182547410,2370746,ms,Kotha
182547641,2370749,ms,Pure Banwar
182548488,2370760,ms,Khajuri
182548642,2370762,ms,Pura Goshain
182548719,2370763,ms,Tharia
182548796,2370764,ms,Hirmapur
182549720,2370776,ms,Pipri
182549951,2370779,ms,Dhrushahpur
182550028,2370780,ms,Pura Guru
182550182,2370782,ms,Pura Bijai Singh
182551645,2370801,ms,Bahorikpur
182552877,2370817,ms,Adra
182552954,2370818,ms,Dabba
182553339,2370823,ms,Rukuba
182554417,2370837,ms,Domariguda
182554725,2370841,ms,Kotragondi
182554802,2370842,ms,Korakavalasa
182555110,2370846,ms,Koranjuguda
182555649,2370853,ms,Bejjaguda
182556265,2370861,ms,Hatibari
182556496,2370864,ms,Kona
182556573,2370865,ms,Ranginivalasa
182557035,2370871,ms,Jira
182557420,2370876,ms,Ballayaguda
182558113,2370885,ms,Jadiguda
182558190,2370886,ms,Kuda
182558575,2370891,ms,Kamlabanda
182558883,2370895,ms,Pujariputtu
182559037,2370897,ms,Kodamjolla
182559114,2370898,ms,Kilaguda
182559268,2370900,ms,Sagara
182559576,2370904,ms,Mariguda
182559653,2370905,ms,Podaguda
182559730,2370906,ms,Gadyaguda
182559807,2370907,ms,Chotua
182559884,2370908,ms,Sarai
182559961,2370909,ms,Bilaguda
182560192,2370912,ms,Paridi
182560269,2370913,ms,Sorinaikguda
182560654,2370918,ms,Dandaguda
182560731,2370919,ms,Jodiguda
182561193,2370925,ms,Boduguda
182561347,2370927,ms,Livitiput
182561501,2370929,ms,Dumriguda
182561732,2370932,ms,Antriguda
182561886,2370934,ms,Putabanda
182561963,2370935,ms,Adapavalasa
182562117,2370937,ms,Jangdavalasa
182562271,2370939,ms,Pantalchinta
182562502,2370942,ms,Pedapadu
182562579,2370943,ms,Tokavalasa
182563580,2370956,ms,Balluguda
182563657,2370957,ms,Gondiguda
182563888,2370960,ms,Kusumaguda
182564042,2370962,ms,Sampapatti
182564427,2370967,ms,Silamgondi
182564735,2370971,ms,Lantampada
182564889,2370973,ms,Nadimivalasa
182565120,2370976,ms,Chompa
182565197,2370977,ms,Gammelivalasa
182565582,2370982,ms,Gayibanda
182565659,2370983,ms,Kappalagondi
182565813,2370985,ms,Kusmaguda
182566121,2370989,ms,Champaguda
182566429,2370993,ms,Bodiguda
182567122,2371002,ms,Danrangani
182567199,2371003,ms,Pokanguda
182567353,2371005,ms,Kursaliguda
182567430,2371006,ms,Littiguda
182567661,2371009,ms,Dalpatiguda
182568046,2371014,ms,Gollarvalasa
182568277,2371017,ms,Anjada
182568431,2371019,ms,Neradavalasa
182568508,2371020,ms,Bondguda
182568662,2371022,ms,Jamaguda
182569047,2371027,ms,Gunjriguda
182569278,2371030,ms,Pimpalguda
182569355,2371031,ms,Dummaguda
182569971,2371039,ms,Malivalasa
182570356,2371044,ms,Kambari
182571049,2371053,ms,Sadadib
182571126,2371054,ms,Gondivalasa
182571203,2371055,ms,Gasba
182571357,2371057,ms,Simliguda
182572204,2371068,ms,Bodlamamidi
182572897,2371077,ms,Sembai
182573051,2371079,ms,Sonabeta
182573205,2371081,ms,Moniguda
182573282,2371082,ms,Bitragonda
182574283,2371095,ms,Pondai
182574668,2371100,ms,Maripadu
182574976,2371104,ms,Jangarada
182575130,2371106,ms,Reni
182575361,2371109,ms,Sankar
182576824,2371128,ms,Meta Kandel
182577132,2371132,ms,Nimalpadu
182577286,2371134,ms,Chandoka
182577671,2371139,ms,Surada
182578133,2371145,ms,Galipadu
182578749,2371153,ms,Padmapuram
182578903,2371155,ms,Kurli
182579750,2371166,ms,Dekapadu
182580520,2371176,ms,Tudumu
182580597,2371177,ms,Gondivalasa
182582368,2371200,ms,Dabuguda
182582984,2371208,ms,Attaguda
182583138,2371210,ms,Gudiaguda
182583215,2371211,ms,Simliguda
182583292,2371212,ms,Dummagudri
182583369,2371213,ms,Nandivalasa
182584216,2371224,ms,Pujariguda
182584293,2371225,ms,Soraiguda
182584447,2371227,ms,Limbaguda
182585140,2371236,ms,Sukuruguda
182585756,2371244,ms,Boriguda
182585833,2371245,ms,Musriguda
182585910,2371246,ms,Pottangipadu
182586141,2371249,ms,Gannela
182586449,2371253,ms,Bondam
182586526,2371254,ms,Ranginiguda
182586603,2371255,ms,Kaliaguda
182586911,2371259,ms,Pirbanda
182587142,2371262,ms,Kinanguda
182588451,2371279,ms,Doraguda
182588605,2371281,ms,Tolavalasa
182589144,2371288,ms,Marel
182589298,2371290,ms,Maripalem
182589837,2371297,ms,Bodigaput
182590145,2371301,ms,Egrudi
182590222,2371302,ms,Soda
182590299,2371303,ms,Sudimetta
182590607,2371307,ms,Palem
182590761,2371309,ms,Ontipaka
182591069,2371313,ms,Korra
182591223,2371315,ms,Satibanda
182591531,2371319,ms,Borapalem
182591608,2371320,ms,Devalam
182591839,2371323,ms,Pimpolguda
182592301,2371329,ms,Goppalpalem
182592378,2371330,ms,Bakuru
182593071,2371339,ms,Jilagalbanda
182593610,2371346,ms,Santari
182593841,2371349,ms,Bandichinta
182593918,2371350,ms,Kamsalgundi
182594072,2371352,ms,Burdagummi
182594149,2371353,ms,Bandamamidi
182594534,2371358,ms,Dabbagaru
182594611,2371359,ms,Patakota
182594765,2371361,ms,Mangalamamidi
182595073,2371365,ms,Ralla Machapuram
182595304,2371368,ms,Rampa
182595766,2371374,ms,Olda
182596074,2371378,ms,Beraduvalasa
182596305,2371381,ms,Jangamput
182596690,2371386,ms,Burdapadu
182597075,2371391,ms,Gangudi
182597152,2371392,ms,Rangsingipadu
182597614,2371398,ms,Geddavalasa
182597691,2371399,ms,Kangarmamidi
182597768,2371400,ms,Gassarpalle
182598692,2371412,ms,Sembi
182598846,2371414,ms,Salagu
182598923,2371415,ms,Rolangpadu
182599308,2371420,ms,Jirakonda
182599924,2371428,ms,Sariya
182600078,2371430,ms,Kodapalle
182600232,2371432,ms,Rajakilam
182600309,2371433,ms,Gummanti
182601079,2371443,ms,Vakapalle
182601310,2371446,ms,Dargedda
182601772,2371452,ms,Gumanti
182601926,2371454,ms,Peddabayal
182602080,2371456,ms,Boddaput
182602542,2371462,ms,Tenkavalasa
182603081,2371469,ms,Padi
182603774,2371478,ms,Kalipadu
182604082,2371482,ms,Dabuvalasa
182604159,2371483,ms,Patam
182604544,2371488,ms,Girligudem
182604698,2371490,ms,Diguvasonabha
182604929,2371493,ms,Vengada
182605006,2371494,ms,Gaddivalasa
182605160,2371496,ms,Devarpalle
182605545,2371501,ms,Majivalasa
182605622,2371502,ms,Banjoda
182606546,2371514,ms,Gandha
182606777,2371517,ms,Baski
182607239,2371523,ms,Kontriaguda
182607316,2371524,ms,Dobarangini
182607393,2371525,ms,Koraguda
182607547,2371527,ms,Barangibanda
182607701,2371529,ms,Tumbaguda
182607778,2371530,ms,Santaripadu
182608702,2371542,ms,Regam
182608779,2371543,ms,Pulusumamidi
182608856,2371544,ms,Rayapadu
182608933,2371545,ms,Longuparti
182609472,2371552,ms,Putikaputtu
182610088,2371560,ms,Kottavalasa
182610165,2371561,ms,Chedivalasa
182610396,2371564,ms,Nullapalem
182610704,2371568,ms,Kondimkota
182610935,2371571,ms,Malampeta
182611320,2371576,ms,Jenipadu
182611397,2371577,ms,Chintapeta
182611474,2371578,ms,Pinakota
182611551,2371579,ms,Pedakota
182611628,2371580,ms,Chatakamba
182612321,2371589,ms,Meba
182612552,2371592,ms,Gandhanuru
182612706,2371594,ms,Tokarai
182613091,2371599,ms,Perambakkam
182613399,2371603,ms,Kondamangalam
182613553,2371605,ms,Hanumanthai
182614400,2371616,ms,Tiruvadisulam
182614939,2371623,ms,Peruntandalam
182615632,2371632,ms,Konerikuppam
182615940,2371636,ms,Mullipakkam
182616171,2371639,ms,Periyavippedu
182616248,2371640,ms,Otteri
182616402,2371642,ms,Sinnavippedu
182616479,2371643,ms,Tandarai
182617018,2371650,ms,Alagusamudram
182617326,2371654,ms,Mettukuppam
182617788,2371660,ms,Narapakkam
182619559,2371683,ms,Perumbedu
182619790,2371686,ms,Kollamedu
182620021,2371689,ms,Perikattupakkam
182620098,2371690,ms,Chinnakattuppakkam
182620406,2371694,ms,Suradimangalam
182620560,2371696,ms,Annamalaiputheri
182620714,2371698,ms,Nilamangalam
182620791,2371699,ms,Sattamangalam
182620945,2371701,ms,Nelvay
182621407,2371707,ms,Ayappakkam
182621484,2371708,ms,Pudupattanam
182622254,2371718,ms,Lattur
182622331,2371719,ms,Kuduperambakkam
182622485,2371721,ms,Aminjikarai
182622562,2371722,ms,Virapuram
182623024,2371728,ms,Karumarapakkam
182623486,2371734,ms,Kilakalani
182623717,2371737,ms,Karuppangadu
182623948,2371740,ms,Melakuppam
182624256,2371744,ms,Perumaleri
182624795,2371751,ms,Karanai
182625026,2371754,ms,Melapattu
182625334,2371758,ms,Amayampattu
182625719,2371763,ms,Agaram
182625873,2371765,ms,Tirunilai
182626489,2371773,ms,Acharavakkam
182626566,2371774,ms,Sirudavur
182626643,2371775,ms,Sembakkam
182626720,2371776,ms,Madayattur
182626951,2371779,ms,Kottamedu
182627105,2371781,ms,Kilur
182627259,2371783,ms,Illalur
182627336,2371784,ms,Kattur
182627413,2371785,ms,Ammapettai
182628337,2371797,ms,Alattur
182629877,2371817,ms,Viralpakkam
182629954,2371818,ms,Nellikuppam
182630262,2371822,ms,Singagudem
182630339,2371823,ms,Lingapalem
182630416,2371824,ms,Kottapalle
182630570,2371826,ms,Timmireddipalle
182630647,2371827,ms,Pachchanagaram
182630878,2371830,ms,Nagulavarigudem
182631032,2371832,ms,Mattamgudem
182631186,2371834,ms,Timmakkapalem
182631263,2371835,ms,Narasammapalem
182631417,2371837,ms,Rangapuram
182631494,2371838,ms,Mulagalampadu
182631571,2371839,ms,Bhogolu
182631648,2371840,ms,Venkatapuram
182631725,2371841,ms,Katamreddipalle
182631802,2371842,ms,Erravarigudem
182631879,2371843,ms,Kalarayanigudem
182632033,2371845,ms,Ayyaparajugudem
182632110,2371846,ms,Bapirajugudem
182632187,2371847,ms,Ramachandrapuram
182632264,2371848,ms,Rayannapalem
182632341,2371849,ms,Bommarajukunta
182632418,2371850,ms,Ratnalakunta
182632495,2371851,ms,Kondalaraopalem
182632572,2371852,ms,Nadipalle
182632649,2371853,ms,Balive
182632726,2371854,ms,Rangampet
182632880,2371856,ms,Suraraopeta
182632957,2371857,ms,Jagannadhapuram
182633034,2371858,ms,Velpucherla
182633188,2371860,ms,Annapanenivarigudem
182633342,2371862,ms,Ankannagudem
182633496,2371864,ms,Singavaram
182633573,2371865,ms,Janampeta
182633804,2371868,ms,Vanguru
182633881,2371869,ms,Challapalle
182634035,2371871,ms,Gopannapalem
182634189,2371873,ms,Algulgudem
182634266,2371874,ms,Uppugudem
182634420,2371876,ms,Galayagudem
182634574,2371878,ms,Gorlamadugu
182634651,2371879,ms,Lakshmipuram
182634882,2371882,ms,Akkireddigudem
182635036,2371884,ms,Venkatakrishnapuram
182635113,2371885,ms,Kavagunta
182635190,2371886,ms,Pedavegi
182635344,2371888,ms,Koppilivarigudem
182635498,2371890,ms,Mundur
182635652,2371892,ms,Kuchimpudi
182635806,2371894,ms,Ramasingavaram
182635960,2371896,ms,Tallagokavaram
182636037,2371897,ms,Polasigudem
182636268,2371900,ms,Virampalem
182636345,2371901,ms,Pathagandigudem
182636422,2371902,ms,Kallacheruvu
182636499,2371903,ms,Asanagudem
182636576,2371904,ms,Vemulapalle
182636884,2371908,ms,Puppalavarigudem
182636961,2371909,ms,Ganapavarigudem
182637115,2371911,ms,Khandrika Sitaramavaram
182637192,2371912,ms,Annapanavarigudem
182637269,2371913,ms,Gadivarigudem
182637423,2371915,ms,Jalapavarigudem
182637500,2371916,ms,Tadicherla
182637577,2371917,ms,Gundugolanukunta
182637654,2371918,ms,Vadlapatlanutanam
182637731,2371919,ms,Sagupadu
182637808,2371920,ms,Chinnaraopalem
182637962,2371922,ms,Venkatakrishnapuram
182638039,2371923,ms,Mettagudem
182638193,2371925,ms,Varisettigudem
182638270,2371926,ms,Ramannagudem
182638347,2371927,ms,Devinavarigudem
182638424,2371928,ms,Timmapuram
182638501,2371929,ms,Papayyapalem
182638655,2371931,ms,Battevaram
182638732,2371932,ms,Govindapuram
182638809,2371933,ms,Vempadu
182638886,2371934,ms,Havelilingapalem
182638963,2371935,ms,Sitarampuram
182639040,2371936,ms,Mediniraopalem
182639117,2371937,ms,Challachintalapudi
182639194,2371938,ms,Peruggudem
182639271,2371939,ms,Pangidigudem
182639348,2371940,ms,Timmanagudem
182639502,2371942,ms,Ramaraogudem
182639579,2371943,ms,Malakacherla
182639656,2371944,ms,Narasimhapuram
182639887,2371947,ms,Surappagudem
182639964,2371948,ms,Patturu
182640195,2371951,ms,Apparaopalem
182640349,2371953,ms,Denduluru
182640426,2371954,ms,Komirepalle
182640580,2371956,ms,Bhogapuram
182640734,2371958,ms,Sriramavaram
182640811,2371959,ms,Nyayampalle
182641196,2371964,ms,Dadilikavada
182641273,2371965,ms,Buradakota
182641427,2371967,ms,Palakajidi
182641504,2371968,ms,Appalrajupeta
182641735,2371971,ms,Kakanuru
182642351,2371979,ms,Marripakalu
182642428,2371980,ms,Kannavaram
182642582,2371982,ms,Galikonda
182642659,2371983,ms,Kampamanupakalu
182642736,2371984,ms,Bodamanupakalu
182642967,2371987,ms,Kotturu
182643352,2371992,ms,Ammavaridharakonda
182643583,2371995,ms,Jajipakalu
182644122,2372002,ms,Pujaripakalu
182644507,2372007,ms,Lakavaram
182644584,2372008,ms,Garimanda
182644661,2372009,ms,Erracheruvulu
182644738,2372010,ms,Sagulu
182644815,2372011,ms,Lakavarapupeta
182644969,2372013,ms,Pinakadimi
182645046,2372014,ms,Sanivarapupeta
182645354,2372018,ms,Bhogapuram
182645508,2372020,ms,Ramulakonda
182645662,2372022,ms,Ulligunta
182645739,2372023,ms,Kanatalabanda
182645816,2372024,ms,Burugavada
182646201,2372029,ms,Devaramadugu
182646355,2372031,ms,Viravaram
182646509,2372033,ms,Dabbapalem
182646663,2372035,ms,Chodavaram
182646740,2372036,ms,Chikkapugedda
182646817,2372037,ms,Chinavadisakarra
182646894,2372038,ms,Rayapalle
182647048,2372040,ms,Mamidipalem
182647125,2372041,ms,Anukulapalem
182647356,2372044,ms,Ramavaram
182647741,2372049,ms,Darsanuthul
182647818,2372050,ms,Nimmalapalem
182647895,2372051,ms,Bonangipalem
182647972,2372052,ms,Doramamidi
182648049,2372053,ms,Busulapalem
182648203,2372055,ms,Ulibogula
182648434,2372058,ms,Lododdi
182648511,2372059,ms,Chidipalem
182648665,2372061,ms,Gobbilamadugu
182648742,2372062,ms,Anantagiri
182648819,2372063,ms,Tirumalavada
182648896,2372064,ms,Potuluru
182648973,2372065,ms,Jajipalem
182649204,2372068,ms,Dakodu
182649281,2372069,ms,Mulakayala Bhimavaram
182649512,2372072,ms,Gangavaram
182649666,2372074,ms,Gangavaram
182649820,2372076,ms,Balrevulu
182649897,2372077,ms,Pidugurai
182650051,2372079,ms,Sakulapalem
182650282,2372082,ms,Duppulapalem
182650436,2372084,ms,Mampa
182650513,2372085,ms,Burugupalem
182650744,2372088,ms,Kirraba
182650821,2372089,ms,Revallu
182650898,2372090,ms,Nimmalapalem
182650975,2372091,ms,Chinna Singavaram
182651052,2372092,ms,Bodagondi
182651129,2372093,ms,Tallapalem
182651206,2372094,ms,Sarabhavaram
182651283,2372095,ms,Boyavatu
182651437,2372097,ms,Kakarapadu
182651514,2372098,ms,Potavaram
182651899,2372103,ms,Kindra
182652053,2372105,ms,Nellimetla
182652130,2372106,ms,Labbarti
182652207,2372107,ms,Lagarayi
182652284,2372108,ms,Kondapalle
182652361,2372109,ms,Mullimetla
182652438,2372110,ms,Dusaripamu
182652515,2372111,ms,Rajavommangi
182652592,2372112,ms,Surampalem
182652746,2372114,ms,Singampalli
182652823,2372115,ms,Tantikonda
182652977,2372117,ms,Ginjarti
182653054,2372118,ms,Subbampadu
182653208,2372120,ms,Vanakarai
182653285,2372121,ms,Ammapalem
182653362,2372122,ms,Vempadu
182653516,2372124,ms,Kokkirapadu
182653670,2372126,ms,Kalaparru
182653824,2372128,ms,Punukollu
182653978,2372130,ms,Idulakunta
182654055,2372131,ms,Venkatapuram
182654132,2372132,ms,Virammakunta
182654209,2372133,ms,Nayudugudem
182654286,2372134,ms,Rajupeta
182654594,2372138,ms,Sakalakothapalle
182654671,2372139,ms,Satyavolu
182654825,2372141,ms,Gogunta
182654902,2372142,ms,Kotturu
182654979,2372143,ms,Rallapillivarigudem
182655056,2372144,ms,Gudipadu
182655133,2372145,ms,Khajigudem
182655210,2372146,ms,Ramanagudem
182655287,2372147,ms,Koniki
182655364,2372148,ms,Kudaravalli
182655441,2372149,ms,Vaddigudem
182655595,2372151,ms,Ilaparru
182655672,2372152,ms,Pedavirivada
182655749,2372153,ms,Suryaprakasaraopet
182655826,2372154,ms,Sankarapadu
182655980,2372156,ms,Venkataraghavapuram
182656134,2372158,ms,Ramapuram
182656288,2372160,ms,Tummalapalle
182656365,2372161,ms,Vennanapudi
182656519,2372163,ms,Dandiganapudi
182656596,2372164,ms,Gandepudi
182656673,2372165,ms,Polukonda
182656750,2372166,ms,Ponukumadu
182656904,2372168,ms,Satyanarayanapuram
182656981,2372169,ms,Anamanapudi
182657135,2372171,ms,Rudrapaka
182657212,2372172,ms,Gopalapuram
182657366,2372174,ms,Singanapudi
182657443,2372175,ms,Venkatasubbaraopet
182657520,2372176,ms,Mulapeta
182657674,2372178,ms,Anandapuram
182657751,2372179,ms,Unikili
182657828,2372180,ms,Gajulapadu
182657905,2372181,ms,Ingilipakalanka
182657982,2372182,ms,Mudutallapadu
182658059,2372183,ms,Mandavalli
182658136,2372184,ms,Gannavaram
182658213,2372185,ms,Takkellapadu
182658444,2372188,ms,Nandigamalanka
182658521,2372189,ms,Nuchchumilli
182658675,2372191,ms,Penumakalanka
182658752,2372192,ms,Haripuram
182658829,2372193,ms,Maheswarapuram
182658906,2372194,ms,Kalakurru
182658983,2372195,ms,Manuru
182659060,2372196,ms,Pathamupparru
182659214,2372198,ms,Tallagudem
182659291,2372199,ms,Ponangi
182659368,2372200,ms,Sriparru
182659676,2372204,ms,Madepalle
182659753,2372205,ms,Kotlampudi
182659830,2372206,ms,Jalipudi
182660215,2372211,ms,Kovvali
182660292,2372212,ms,Dosapadu
182660446,2372214,ms,Potunuru
182660600,2372216,ms,Kotesvardurgapuram
182660677,2372217,ms,Gudivakalanka
182660754,2372218,ms,Kokkirayalanka
182660831,2372219,ms,Prattikollalanka
182660908,2372220,ms,Manugunuru
182660985,2372221,ms,Kovvadalanka
182661062,2372222,ms,Chintapadu
182661139,2372223,ms,Pedayaganamilli
182661216,2372224,ms,Komatilanka
182661370,2372226,ms,Pulaparru
182661447,2372227,ms,Pillipadu
182661678,2372230,ms,Nattugullapadu
182661909,2372233,ms,Gopavaram
182662063,2372235,ms,Chavalipadu
182662140,2372236,ms,Prattipadu
182662217,2372237,ms,Bhairavapatnam
182662294,2372238,ms,Sobhanadripuram
182662371,2372239,ms,Appapuram
182662448,2372240,ms,Ayyavarirudravaram
182662525,2372241,ms,Anandaraopeta
182662602,2372242,ms,Tamarakollu
182662833,2372245,ms,Syamalambapuram
182662987,2372247,ms,Rapalle
182663064,2372248,ms,Gonepadu
182663141,2372249,ms,Lakshmipuram
182663218,2372250,ms,Koppaka
182663295,2372251,ms,Gongallamudi
182663372,2372252,ms,Dokuluru
182663603,2372255,ms,Budaralla
182663680,2372256,ms,Lokavaram
182663834,2372258,ms,Kappalbandam
182664142,2372262,ms,Vetamamidi
182664296,2372264,ms,Ellavaram
182664450,2372266,ms,Dokkapalem
182664527,2372267,ms,Patapadu
182664604,2372268,ms,Anigeru
182664758,2372270,ms,Papampeta
182664912,2372272,ms,Sarampeta
182664989,2372273,ms,Gondolu
182665066,2372274,ms,Chenupakalu
182665143,2372275,ms,Venkatanagaram
182665220,2372276,ms,Bodlanka
182665297,2372277,ms,Kovvilapalem
182665374,2372278,ms,Lotavaripakalu
182665528,2372280,ms,Rajanagaram
182665605,2372281,ms,Virabhadrapuram
182665836,2372284,ms,Matlapadu
182666144,2372288,ms,Uppalapadu
182666221,2372289,ms,Nayadupakalu
182666452,2372292,ms,Krishnavaram
182666683,2372295,ms,Ramuldevapuram
182666760,2372296,ms,Bhavaram
182666837,2372297,ms,Narendrapatnam
182666914,2372298,ms,Mamidada
182666991,2372299,ms,Appannapalem
182667068,2372300,ms,Ramanayyapeta
182667145,2372301,ms,Rayavaram
182667222,2372302,ms,Lingamparti
182667453,2372305,ms,Bhadravaram
182667530,2372306,ms,Peravaram
182667607,2372307,ms,Eluru
182667684,2372308,ms,China Sankarlapudi
182667761,2372309,ms,Vantada
182668069,2372313,ms,Kimmuru
182668146,2372314,ms,Gontuvanipalem
182668223,2372315,ms,Kotturupadu
182668300,2372316,ms,Puligogulapadu
182668377,2372317,ms,Mangampadu
182668454,2372318,ms,Sarampetapadu
182668531,2372319,ms,Doddivaka
182668685,2372321,ms,Konalova
182668839,2372323,ms,Gavarayyapeta
182668916,2372324,ms,Bornagudem
182669070,2372326,ms,Velagalapalem
182669224,2372328,ms,Marripalem
182669378,2372330,ms,Urlakulapadu
182669455,2372331,ms,Chinnampalem
182669686,2372334,ms,Aminbada
182669763,2372335,ms,Vanakarai
182669840,2372336,ms,Karidevupalem
182669917,2372337,ms,Chikilinta
182669994,2372338,ms,Kumarapuram
182670148,2372340,ms,Pedagarrangi
182670225,2372341,ms,Maredubaka
182670302,2372342,ms,Girijanapuram
182670379,2372343,ms,Uligogula
182670456,2372344,ms,Balijepadu
182670533,2372345,ms,Kondalingamparthi
182670610,2372346,ms,Kottapalle
182670687,2372347,ms,Vanchangi
182670918,2372350,ms,Bapandhara
182671226,2372354,ms,Gokavaram
182671303,2372355,ms,Vemulapalem
182671457,2372357,ms,Lampakalova
182671534,2372358,ms,Peda Sankarlapudi
182671688,2372360,ms,Uttarakanchi
182671765,2372361,ms,Peddipalem
182672073,2372365,ms,Podurupaka
182672304,2372368,ms,Buradakota
182672381,2372369,ms,Timmapuram
182672458,2372370,ms,Govindapuram
182672535,2372371,ms,Kandregula
182672612,2372372,ms,Manyamvaripalem
182672689,2372373,ms,Rajapudi
182672843,2372375,ms,Gollalagunta
182672920,2372376,ms,Marripaka
182672997,2372377,ms,Gurappalem
182673074,2372378,ms,Sitaramapuram
182673382,2372382,ms,Uppalapadu
182673536,2372384,ms,Talluru
182673613,2372385,ms,Borrampalem
182673690,2372386,ms,Ellamilli
182673767,2372387,ms,Errampalem
182673844,2372388,ms,P.Nayakampalle
182673921,2372389,ms,Pedarayavaram
182674075,2372391,ms,Surampalem
182674152,2372392,ms,Katravulapalle
182674383,2372395,ms,Kotapadu
182674460,2372396,ms,Venkatapuram
182674614,2372398,ms,Anuru
182674691,2372399,ms,Kondapalle
182674768,2372400,ms,Doddigunta
182674922,2372402,ms,Singampalle
182674999,2372403,ms,Nallamilli
182675076,2372404,ms,Rangapuram
182675230,2372406,ms,Marripudi
182675461,2372409,ms,Chinabrahmadevam
182675538,2372410,ms,Rayabhupalapatnam
182675692,2372412,ms,Valutimmapuram
182675846,2372414,ms,Vetlapalem
182676000,2372416,ms,Mamilladoddi
182676077,2372417,ms,Boyanapudi
182676154,2372418,ms,Venkatakrishnarayapuram
182676539,2372423,ms,Kattamuru
182676616,2372424,ms,Gudivada
182676693,2372425,ms,Pulimeru
182676770,2372426,ms,Sirivada
182676847,2372427,ms,Kandrakota
182676924,2372428,ms,Ulimeswaram
182677155,2372431,ms,Divila
182677232,2372432,ms,Tirupati
182677309,2372433,ms,Turpu Pakala
182677386,2372434,ms,Marlava
182677540,2372436,ms,Goneda
182677694,2372438,ms,Tamarada
182677848,2372440,ms,Viravaram
182677925,2372441,ms,Rajupalem
182678002,2372442,ms,Mukkollu
182678079,2372443,ms,Ramakrishnapuram
182678156,2372444,ms,Bhupalapatnam
182678310,2372446,ms,Sungarayunipalem
182678387,2372447,ms,Geddanapalle
182678541,2372449,ms,Burugupudi
182678618,2372450,ms,Krishnavaram
182678695,2372451,ms,Velanka
182678772,2372452,ms,Peddanapalle
182678849,2372453,ms,Erravaram
182678926,2372454,ms,Irripaka
182679003,2372455,ms,Tirumali
182679080,2372456,ms,Siripuram
182679234,2372458,ms,Chinnampeta
182679465,2372461,ms,Simhadripuram
182679542,2372462,ms,Dharmavaram
182680004,2372468,ms,Jagapatirajapuram
182680081,2372469,ms,Raparti
182680158,2372470,ms,Gokivada
182680235,2372471,ms,Jamulapalle
182680312,2372472,ms,Kolanka
182680620,2372476,ms,Virava
182680851,2372479,ms,Viravada
182680928,2372480,ms,Subbarayudupeta
182681005,2372481,ms,Gorinta
182681082,2372482,ms,Mallam
182681313,2372485,ms,Govindrajpalem
182681467,2372487,ms,Jalluru
182681544,2372488,ms,Kandarada
182681698,2372490,ms,Chendrampalem
182681852,2372492,ms,Kapavaram
182681929,2372493,ms,Pavara
182682160,2372496,ms,Navara
182682237,2372497,ms,Vemavaram
182682314,2372498,ms,Unduru
182682468,2372500,ms,Gonchela
182682545,2372501,ms,Achchampeta
182682622,2372502,ms,Koppavaram
182682776,2372504,ms,Sarpavaram
182683007,2372507,ms,Kodiguden
182683084,2372508,ms,Rallakunta
182683161,2372509,ms,Dwaraka Tirumala
182683238,2372510,ms,Sattanagudem
182683315,2372511,ms,Ayyavaram
182683392,2372512,ms,Malasanikunta
182683546,2372514,ms,Gollagudem
182683623,2372515,ms,Tirumalampalem
182683931,2372519,ms,Zajulakunta
182684008,2372520,ms,Marampalli
182684085,2372521,ms,Madhavapuram
182684239,2372523,ms,Gunnampalle
182684316,2372524,ms,Buttayagudem
182684393,2372525,ms,Takkelapadu
182684855,2372531,ms,Sattala
182684932,2372532,ms,Malapalle
182685009,2372533,ms,Sarabhapuram
182685163,2372535,ms,Matenuvarigudem
182685394,2372538,ms,Vadlapadu
182685625,2372541,ms,Ambarpeta
182685702,2372542,ms,Lingampadu
182685779,2372543,ms,Kurellagudem
182686087,2372547,ms,Tokalapalle
182686318,2372550,ms,Ramanagudem
182686472,2372552,ms,Chinanindrakolanu
182686549,2372553,ms,Lankamallapalle
182686626,2372554,ms,Apparaopeta
182686857,2372557,ms,Kodurupadu
182687550,2372566,ms,Gopinadhapatnam
182687627,2372567,ms,Kottagudem
182687704,2372568,ms,Kamsalakunta
182687781,2372569,ms,Erramallipadu
182687935,2372571,ms,Nallamadu
182688089,2372573,ms,Ramachandrapuram
182688320,2372576,ms,Pandireddigudem
182688397,2372577,ms,Gollagudem
182688474,2372578,ms,Kottagudem
182688705,2372581,ms,Pulalpadu
182688782,2372582,ms,Marellamudi
182688936,2372584,ms,Nabipata
182689013,2372585,ms,Anantapalle
182689167,2372587,ms,Chipuraugudem
182689244,2372588,ms,Timmanapalem
182689398,2372590,ms,Gundepalle
182689475,2372591,ms,Telikicherla
182689629,2372593,ms,Avapadu
182689706,2372594,ms,Prakasaraopalem
182689860,2372596,ms,Singarajupalem
182689937,2372597,ms,Venkatramannagudem
182690014,2372598,ms,Gullapadu
182690091,2372599,ms,Niladripuram
182690168,2372600,ms,Ellamilli
182690245,2372601,ms,Erramalla
182690322,2372602,ms,Nachukunta
182690399,2372603,ms,Kottagudem
182690553,2372605,ms,Badampudi
182690630,2372606,ms,Unguturu
182690707,2372607,ms,Kagupadu
182690784,2372608,ms,Bommidi
182690861,2372609,ms,Devaraguntapadu
182690938,2372610,ms,Pottipadu
182691015,2372611,ms,Ravulaparru
182691092,2372612,ms,Rachuru
182691246,2372614,ms,Kakarlamudi
182691400,2372616,ms,Mavunjipadu
182691477,2372617,ms,Upparagudem
182691631,2372619,ms,Tadepalle
182691708,2372620,ms,Jaggannapeta
182691785,2372621,ms,Pulla
182691939,2372623,ms,Ramannagudem
182692247,2372627,ms,Jatlapalem
182692401,2372629,ms,Kandrapalle
182692632,2372632,ms,Mondigedda
182692709,2372633,ms,Jerrela
182693094,2372638,ms,Vantadipalle
182693171,2372639,ms,Gaigampalle
182693248,2372640,ms,Viravaram
182693402,2372642,ms,Adaparaigondi
182693787,2372647,ms,Pasuvulabanda
182693941,2372649,ms,Rintada
182694018,2372650,ms,Devarapalle
182694095,2372651,ms,Asurodda
182694172,2372652,ms,Antarla
182694326,2372654,ms,Lingavaram
182694403,2372655,ms,Sankada
182694480,2372656,ms,Kotnabilli
182694557,2372657,ms,Erranabilli
182694711,2372659,ms,Kodasingi
182694788,2372660,ms,Suravaram
182695019,2372663,ms,Nimmalapalem
182695096,2372664,ms,Signapalle
182695250,2372666,ms,Turumamidi
182695558,2372670,ms,Rampul
182695866,2372674,ms,Annavaram
182695943,2372675,ms,Kottavuru
182696251,2372679,ms,Bayalukinchangi
182696405,2372681,ms,Mallavaram
182696790,2372686,ms,Kolapari
182696944,2372688,ms,Nagulagondi
182697098,2372690,ms,Sallai
182697329,2372693,ms,Kommangi
182697483,2372695,ms,Damanapalle
182697560,2372696,ms,Rolangi
182697791,2372699,ms,Nimmagedda
182698022,2372702,ms,Kappali
182698792,2372712,ms,Krishnapuram
182698869,2372713,ms,Boyapadu
182699100,2372716,ms,Komalammamidi
182699716,2372724,ms,Tajangi
182699793,2372725,ms,Erravaram
182699870,2372726,ms,Sikayipalem
182699947,2372727,ms,Errabanda
182700255,2372731,ms,Smagiri
182700409,2372733,ms,Kottapalem
182700640,2372736,ms,Battumetta
182700717,2372737,ms,Tenkalametta
182700871,2372739,ms,Sarabhannapalem
182700948,2372740,ms,Labbangi
182701102,2372742,ms,Siripuram
182701179,2372743,ms,Errabommalu
182701333,2372745,ms,Terapalle
182701410,2372746,ms,Madigunta
182701564,2372748,ms,Kudapasingi
182701718,2372750,ms,Gaddipakalu
182701949,2372753,ms,Pedabarada
182702103,2372755,ms,Pedda Kiltari
182702411,2372759,ms,Munsala
182702488,2372760,ms,Kottapalle
182702642,2372762,ms,Antada
182702719,2372763,ms,Balusukurapakalu
182702796,2372764,ms,Gummalapalem
182702950,2372766,ms,Pidatamamidi
182703104,2372768,ms,Jaggampeta
182703181,2372769,ms,Solabu
182703258,2372770,ms,Nallagonda
182703335,2372771,ms,Nadimpalem
182703412,2372772,ms,Pittachalma
182703489,2372773,ms,Lubbarti
182703566,2372774,ms,Koppukonda
182703720,2372776,ms,Panasalapadu
182703797,2372777,ms,Chintalapudi
182703951,2372779,ms,Gangavaram
182704182,2372782,ms,Ginjarti
182704413,2372785,ms,Borampet
182704490,2372786,ms,Koppukonda
182704721,2372789,ms,Amirekula
182704798,2372790,ms,Kimiligadda
182704952,2372792,ms,Kesavaram
182705029,2372793,ms,Lododdi
182705722,2372802,ms,Ramannapalem
182705799,2372803,ms,Sarugudu
182705876,2372804,ms,Torada
182705953,2372805,ms,Asanagiri
182706030,2372806,ms,Sundarikota
182706184,2372808,ms,Bakuluru
182706261,2372809,ms,Nellipudi
182706338,2372810,ms,Ankampalem
182706415,2372811,ms,Kinchell
182706569,2372813,ms,Revallu
182706646,2372814,ms,Kommika
182706800,2372816,ms,Kothatummalabanda
182707185,2372821,ms,Mallavaram
182707262,2372822,ms,Degalapalem
182707339,2372823,ms,Tallapalem
182707801,2372829,ms,Kumarapuram
182707878,2372830,ms,Konkasingi
182707955,2372831,ms,Ratnampeta
182708032,2372832,ms,Gujjumanpakalu
182708417,2372837,ms,Paradesipakalu
182708648,2372840,ms,Bangarampeta
182708725,2372841,ms,Bhimavaram
182708879,2372843,ms,Suttabanda
182708956,2372844,ms,Kinaparti
182709110,2372846,ms,Rajupeta
182709341,2372849,ms,Ganugulu
182709880,2372856,ms,Battapanukulu
182709957,2372857,ms,Nadimpalem
182710034,2372858,ms,Katragedda
182710111,2372859,ms,Ganerlapalem
182710419,2372863,ms,Chandrayapalem
182710804,2372868,ms,Pata Mallampeta
182710881,2372869,ms,Kottapalem
182711035,2372871,ms,Rekapalle
182711189,2372873,ms,Lingandorapalem
182711420,2372876,ms,Golugonda
182711728,2372880,ms,Jaggampeta
182711805,2372881,ms,Chodyam
182711959,2372883,ms,Ammapeta
182712113,2372885,ms,Jammadevipeta
182712190,2372886,ms,Salika Mallavaram
182712421,2372889,ms,Kannampeta
182712652,2372892,ms,Kuruvada
182712806,2372894,ms,Chammachinta
182713268,2372900,ms,Mallapeta
182713422,2372902,ms,Putta Nagandorapalem
182713653,2372905,ms,Natavaram
182713730,2372906,ms,Gummudukonda
182714115,2372911,ms,Lingampeta
182714269,2372913,ms,Manyapuratla
182714731,2372919,ms,Allipudi
182714808,2372920,ms,Gunipudi
182714885,2372921,ms,Adakula
182714962,2372922,ms,Lingampeta
182715039,2372923,ms,Anantasagaram
182715193,2372925,ms,Pudedu
182715270,2372926,ms,Nimmagedda
182715347,2372927,ms,Pappusettipalem
182715501,2372929,ms,Sarlanka
182715655,2372931,ms,Dabbadi
182715732,2372932,ms,Ginnelaram
182715809,2372933,ms,Vatangi
182716040,2372936,ms,Pedduru
182716348,2372940,ms,Ondregula
182716733,2372945,ms,Polavaram
182716810,2372946,ms,Velangi
182716964,2372948,ms,Kondapalle
182717118,2372950,ms,Ankampalem
182717349,2372953,ms,Siddivaripalem
182717503,2372955,ms,Taduvayi
182717734,2372958,ms,Jagannadhapuram
182717888,2372960,ms,Bavuruvaka
182718042,2372962,ms,Gondi
182718119,2372963,ms,Achchampeta
182718196,2372964,ms,Pandavulapalem
182718350,2372966,ms,Totapalle
182718504,2372968,ms,Chintaluru
182718658,2372970,ms,Venkatanagaram
182718812,2372972,ms,Vakapalle
182718889,2372973,ms,Potuluru
182719043,2372975,ms,Nellipudi
182719120,2372976,ms,Kontangi
182719197,2372977,ms,Bendapudi
182719351,2372979,ms,Sankhavaram
182719428,2372980,ms,Jaggampeta
182719505,2372981,ms,Tallapalem
182719582,2372982,ms,Mandapam
182719967,2372987,ms,Srungavaram
182720044,2372988,ms,Parupaka
182720121,2372989,ms,Pallapuchamavaram
182720275,2372991,ms,Koduru
182720352,2372992,ms,Gidajam
182720506,2372994,ms,Bapabhupalapatnam
182720583,2372995,ms,Mallavaram
182720660,2372996,ms,Gummaregula
182720737,2372997,ms,Uppampalem
182720814,2372998,ms,Balarampuram
182720968,2373000,ms,Santapaidipala
182721045,2373001,ms,Mulagapudi
182721122,2373002,ms,Mallampeta
182721199,2373003,ms,Sakirevulapalem
182721430,2373006,ms,Ramakrishnapuram
182721892,2373012,ms,Venkatapuram
182722046,2373014,ms,Raghavapatnam
182722200,2373016,ms,Kotturu
182722354,2373018,ms,Masampalli
182722431,2373019,ms,Satyavaram
182722816,2373024,ms,Kotham
182722970,2373026,ms,Mallavaram
182723509,2373033,ms,Sanguvaka
182723740,2373036,ms,Venkatapuram
182723817,2373037,ms,Latchireddipalem
182724125,2373041,ms,Dhara Jagannadhapuram
182724202,2373042,ms,Srungadhara Agraharam
182724279,2373043,ms,Rajupeta
182724433,2373045,ms,Tetagunta
182724587,2373047,ms,Venkatapuram
182724664,2373048,ms,Hamsavaram
182724741,2373049,ms,Kotturu
182724818,2373050,ms,Timmapuram
182724895,2373051,ms,Gavarapeta
182725357,2373057,ms,Marlapadu
182725434,2373058,ms,Agadallanka
182725511,2373059,ms,Chettunnapadu
182725588,2373060,ms,Mallavaram
182725742,2373062,ms,Paidichintapadu
182725819,2373063,ms,Gukarnapuram
182725896,2373064,ms,Srungarapadu
182725973,2373065,ms,Gummalapadu
182726050,2373066,ms,Lakshmipuram
182726127,2373067,ms,Kolletikota
182726204,2373068,ms,Pandiripalligudem
182726281,2373069,ms,Vadlaguditippa
182726358,2373070,ms,Penchikalamarru
182726512,2373072,ms,Bhujabalapatnam
182726589,2373073,ms,Singapura
182726666,2373074,ms,Alapadu
182726820,2373076,ms,Ramavaram
182726897,2373077,ms,Doddipatla
182726974,2373078,ms,Narasayapalem
182727051,2373079,ms,Vadarlapadu
182727128,2373080,ms,Sitanapalle
182727205,2373081,ms,Tadinada
182727359,2373083,ms,Aruthagalapadu
182727513,2373085,ms,Venkatapuram
182727667,2373087,ms,Paramanandunipeta
182727744,2373088,ms,Potumarru
182727821,2373089,ms,Konduru
182727898,2373090,ms,Kallapalem
182728360,2373096,ms,Maddivanigudem
182728591,2373099,ms,Sunnapudi
182728668,2373100,ms,Kondangi
182728745,2373101,ms,Pallepalem
182729053,2373105,ms,Cherukumilli
182729284,2373108,ms,Doddanapudi
182729361,2373109,ms,Jvalapalem
182729438,2373110,ms,Elurupadu
182729592,2373112,ms,Kalla
182729669,2373113,ms,Kolanapalle
182729746,2373114,ms,Kuppanapudi
182730054,2373118,ms,Pallepalem
182730362,2373122,ms,Chinakottada
182730516,2373124,ms,Kuruvaka
182730747,2373127,ms,Kollaparru
182730824,2373128,ms,Kottacheruvu
182730901,2373129,ms,Chinna Mallipadu
182731055,2373131,ms,Nandamillipadu
182731132,2373132,ms,Siddapuram
182731209,2373133,ms,Ramayagudem
182731286,2373134,ms,Apparaopeta
182731363,2373135,ms,Taratava
182731440,2373136,ms,Gummuluru
182731748,2373140,ms,Narasimhapuram
182731825,2373141,ms,Pedanindrakolanu
182731902,2373142,ms,Nidamarru
182731979,2373143,ms,Mandalaparru
182732056,2373144,ms,Naganamilli
182732133,2373145,ms,Adavikolanu
182732210,2373146,ms,Gunaparru
182732441,2373149,ms,Chanamilli
182732518,2373150,ms,Siddapuram
182732595,2373151,ms,Bavayapalem
182732672,2373152,ms,Pedakapavaram
182732749,2373153,ms,Chinakapavaram
182732826,2373154,ms,Kaligotla
182732903,2373155,ms,Krovvidi
182733057,2373157,ms,Artamuru
182733134,2373158,ms,Uppukunta
182733211,2373159,ms,Cherukuwada
182733288,2373160,ms,Kalisipudi
182733365,2373161,ms,Pedapulleru
182733442,2373162,ms,Medavaram
182733519,2373163,ms,Komatigunta
182733750,2373166,ms,Jakkaram
182733904,2373168,ms,Suryraopeta
182734058,2373170,ms,Kopalle
182734366,2373174,ms,Ramachandrapuram
182734520,2373176,ms,Velivarru
182734674,2373178,ms,Pamulaparru
182734751,2373179,ms,Kolamuru
182734828,2373180,ms,Uppuluru
182734905,2373181,ms,Panduvva
182734982,2373182,ms,Aredu
182735059,2373183,ms,Kottapalle
182735290,2373186,ms,Velagapalle
182735367,2373187,ms,Kommara
182735521,2373189,ms,Chilukuru
182735598,2373190,ms,Bainepalle
182735752,2373192,ms,Tyajampudi
182735829,2373193,ms,Pallantla
182736060,2373196,ms,Korumamidi
182736137,2373197,ms,Pattempalem
182736214,2373198,ms,Bangarugudem
182736291,2373199,ms,Virampalem
182736368,2373200,ms,Kommugudem
182736445,2373201,ms,Niladripuram
182736522,2373202,ms,Krishnapuram
182736599,2373203,ms,Kadiyadda
182736676,2373204,ms,Chinna Tadepalle
182736830,2373206,ms,Kondruprolu
182737215,2373211,ms,Parasavaripalem
182737369,2373213,ms,Santoshapuram
182737446,2373214,ms,Edavalli
182737523,2373215,ms,Amaravati
182737600,2373216,ms,Urlagonditippa
182737677,2373217,ms,Kotta Pusalamuru
182737754,2373218,ms,Pedalanka
182737908,2373220,ms,Apparaopet
182738062,2373222,ms,Matlam
182738139,2373223,ms,Pratallameraka
182738216,2373224,ms,Dongapindi
182738447,2373227,ms,Mattagunta
182738524,2373228,ms,Pallipalem
182738678,2373230,ms,Mallampudi
182738755,2373231,ms,Modi
182738909,2373233,ms,Anakoderu
182738986,2373234,ms,Elampudi
182739140,2373236,ms,Kalavapudi
182739217,2373237,ms,Lakshmipuram
182739294,2373238,ms,Pallepalem
182739371,2373239,ms,Losari
182739525,2373241,ms,Nagedupalem
182739602,2373242,ms,Patapadu
182739833,2373245,ms,Padatadika
182739910,2373246,ms,Tokatippa
182739987,2373247,ms,Podu
182740064,2373248,ms,Nidamarru
182740141,2373249,ms,Chandala
182740218,2373250,ms,Garisepudi
182740295,2373251,ms,Komallapudi
182740372,2373252,ms,Pedagollapalem
182740449,2373253,ms,Vaivaka
182740526,2373254,ms,Venkatanarayanapuram
182740603,2373255,ms,Chorampudi
182740680,2373256,ms,Ramanamudi
182740757,2373257,ms,Ramavarapumudi
182740834,2373258,ms,Jayapuram
182740911,2373259,ms,Mulaparru
182741373,2373265,ms,Chinapandraka
182741450,2373266,ms,Narayanapuram
182741681,2373269,ms,Jonalavaripalem
182741758,2373270,ms,Interu
182741835,2373271,ms,Endapalle
182741912,2373272,ms,Cherkumilli
182742066,2373274,ms,Munipeda
182742143,2373275,ms,Gollagudem
182742220,2373276,ms,Nilipudi
182742297,2373277,ms,Pendurru
182742528,2373280,ms,Kruttivennu
182742605,2373281,ms,Pallepalem
182743221,2373289,ms,Padala
182743452,2373292,ms,Umamaheswaram
182743606,2373294,ms,Yanalapalle
182743683,2373295,ms,Akutigapadu
182743760,2373296,ms,Muktipuram
182743837,2373297,ms,Mudunuru
182743914,2373298,ms,Billagunta
182744068,2373300,ms,Pentapadu Agraharam
182744145,2373301,ms,Darsiparru
182744222,2373302,ms,Vallurupalle
182744530,2373306,ms,Ittikelakunta
182744607,2373307,ms,Amritapuram
182744838,2373310,ms,Upparagudem
182744915,2373311,ms,Modugagunta
182744992,2373312,ms,Pullayagudem
182745146,2373314,ms,Chikkala
182745454,2373318,ms,Vemuluru
182745608,2373320,ms,Togummi
182745685,2373321,ms,Vadapalle
182745762,2373322,ms,Mallavaram
182745916,2373324,ms,Chandravaram
182745993,2373325,ms,Markondapadu
182746070,2373326,ms,Nandigampadu
182746147,2373327,ms,Kunkudupalle
182746224,2373328,ms,Maddurulanka
182746301,2373329,ms,Vijjeswaram
182746378,2373330,ms,Madduru
182746532,2373332,ms,Purushottapalle
182746609,2373333,ms,Gopavaram
182746763,2373335,ms,Pandalaparru
182746840,2373336,ms,Muppavaram
182746917,2373337,ms,Jidigunta
182746994,2373338,ms,Kalavacherla
182747071,2373339,ms,Korupalle
182747148,2373340,ms,Pendyala
182747225,2373341,ms,Munupalle
182747302,2373342,ms,Atlapadu
182747379,2373343,ms,Settipeta
182747456,2373344,ms,Daravaram
182747533,2373345,ms,Brahmanagudem
182747610,2373346,ms,Singanamuppavaran
182747687,2373347,ms,Unagatla
182747841,2373349,ms,Timmarajupalem
182747918,2373350,ms,Sankarapuram
182748072,2373352,ms,Singavaram
182748226,2373354,ms,Velivennu
182748457,2373357,ms,Kanuru
182748688,2373360,ms,Morta
182748765,2373361,ms,Velagadurru
182748919,2373363,ms,Tadiparru
182748996,2373364,ms,Sitarampuram
182749073,2373365,ms,Ajjaram
182749535,2373371,ms,Satyavada
182749612,2373372,ms,Redducheruvu
182749689,2373373,ms,Suryaraopalem
182749766,2373374,ms,Pasalapudi
182749920,2373376,ms,Konala
182749997,2373377,ms,Muddapuram
182750074,2373378,ms,Alampuram
182750228,2373380,ms,Krishnayapalem
182750382,2373382,ms,Arugollu
182750459,2373383,ms,Kotturu
182750536,2373384,ms,Nawabpalem
182750613,2373385,ms,Jagannadhapuram
182750690,2373386,ms,Madhavaram
182750767,2373387,ms,Gollagudem
182750844,2373388,ms,Apparaopeta
182750921,2373389,ms,Kamsalipalem
182751075,2373391,ms,Tadimalla
182751152,2373392,ms,Unakaramilli
182751229,2373393,ms,Surapuram
182751306,2373394,ms,Katakuteswaram
182751383,2373395,ms,Kalavalapalle
182751460,2373396,ms,Rajavaram
182751537,2373397,ms,Dammennu
182751614,2373398,ms,Peravali
182751845,2373401,ms,Undrajavaram
182751922,2373402,ms,Duvva
182752076,2373404,ms,Chilakapadu
182752153,2373405,ms,Kaldhari
182752230,2373406,ms,Tallapalem
182752307,2373407,ms,Marampalli
182752384,2373408,ms,Nandamuru
182752461,2373409,ms,Arulla
182752538,2373410,ms,Ravipadu
182752615,2373411,ms,Chintapalle
182752692,2373412,ms,Bodapadu
182752769,2373413,ms,Racherla
182752923,2373415,ms,Ernagudem
182753000,2373416,ms,Komarada
182753154,2373418,ms,Enamadurru
182753231,2373419,ms,Dirusumarru
182753308,2373420,ms,Santoshapuram
182753539,2373423,ms,Pallipalem
182753693,2373425,ms,Betapudi
182753847,2373427,ms,Kalipatnam
182754001,2373429,ms,Vadlavaripalem
182754617,2373437,ms,Perupalem
182754771,2373439,ms,Melamvaripalem
182755079,2373443,ms,Vadlavaripalem
182755156,2373444,ms,Kummarapurugupalem
182755387,2373447,ms,Mutyalapalle
182755772,2373452,ms,Akanavaritota
182755849,2373453,ms,Seripalem
182755926,2373454,ms,Kottapalem
182756003,2373455,ms,Vempa
182756157,2373457,ms,Tundurru
182756696,2373464,ms,Kopparru
182756927,2373467,ms,Ramannapalem
182757004,2373468,ms,Jettipalem
182757235,2373471,ms,Pasaladivi
182757389,2373473,ms,Turputallu
182757466,2373474,ms,Modi
182757620,2373476,ms,Likhitapudi
182757851,2373479,ms,Mallavaram
182758005,2373481,ms,Velivela
182758082,2373482,ms,Agartipalem
182758313,2373485,ms,Sakkamcheruvu
182758544,2373488,ms,Bobbanapalle
182758852,2373492,ms,Vemuladivi
182758929,2373493,ms,Maritippa
182759006,2373494,ms,Darbharevu
182759622,2373502,ms,Agarru
182759853,2373505,ms,Penkillapadu
182759930,2373506,ms,Idigapalem
182760084,2373508,ms,Chittavaram
182760238,2373510,ms,Navarasapuram
182760469,2373513,ms,Rameswaram
182760546,2373514,ms,Gudimulakhandrika
182760700,2373516,ms,Pallipalem
182761008,2373520,ms,Varidhanam
182761162,2373522,ms,Pedamamidipalli
182761239,2373523,ms,Digamarru
182761316,2373524,ms,Gondi
182761470,2373526,ms,Biyyaputippa
182761624,2373528,ms,Rompinalla
182761701,2373529,ms,Mittagudem
182761855,2373531,ms,Dundiralapadu
182761932,2373532,ms,Konicherla
182762009,2373533,ms,Nemali
182762163,2373535,ms,Utukuru
182762317,2373537,ms,Arlapadu
182762394,2373538,ms,Chintalanarva
182762471,2373539,ms,Muchavaram
182762625,2373541,ms,Rajannapeta
182762779,2373543,ms,Maddulabanda
182763087,2373547,ms,Degalarai
182763164,2373548,ms,Totlagondi
182763318,2373550,ms,Galaganda
182763472,2373552,ms,Rallaputtu
182763626,2373554,ms,Pullaya Banjar
182764011,2373559,ms,Chandrupatla
182764088,2373560,ms,Narayanapuram
182764165,2373561,ms,Lingala
182764242,2373562,ms,Ragunathagudem
182764319,2373563,ms,Akkapalem
182764550,2373566,ms,Peddavaram
182764627,2373567,ms,Rajagudem
182764704,2373568,ms,Vavilala
182764781,2373569,ms,Vamakuntla
182765012,2373572,ms,Erramadu
182765089,2373573,ms,Gollapudi
182765166,2373574,ms,Kommireddipalli
182765243,2373575,ms,Mustikuntla
182765397,2373577,ms,Suravaram
182765474,2373578,ms,Rolupadu
182765628,2373580,ms,Erukopadu
182765782,2373582,ms,Lingala
182765859,2373583,ms,Sobbala
182765936,2373584,ms,Gangapadu
182766013,2373585,ms,Chintalapadu
182766167,2373587,ms,Pullarlamudi
182766244,2373588,ms,Kotturu
182766321,2373589,ms,Koduru
182766475,2373591,ms,Polisettipadu
182766552,2373592,ms,Marepalle
182766629,2373593,ms,Gudichintalapadu
182766783,2373595,ms,Ramannapalem
182766860,2373596,ms,Kakarla
182766937,2373597,ms,Jillakunta
182767091,2373599,ms,Vallampatla
182767476,2373604,ms,Kokilampadu
182767553,2373605,ms,Lankaseshayya Banjar
182768246,2373614,ms,Peruvancha
182768323,2373615,ms,Korlagudem
182768554,2373618,ms,Bayannagudem
182768708,2373620,ms,Tekalpalle
182768939,2373623,ms,Karalpadu
182769093,2373625,ms,Brahmalkunta
182769247,2373627,ms,Tadlapenta
182769324,2373628,ms,Gangadevipadu
182769555,2373631,ms,Lingagudem
182769632,2373632,ms,Rangaraobanjara
182769863,2373635,ms,Chaudavaram
182770017,2373637,ms,Ramachandraraobanjar
182770094,2373638,ms,Penaballi
182770171,2373639,ms,Gollagudem
182770248,2373640,ms,Mandalapadu
182770402,2373642,ms,Gollagudem
182770787,2373647,ms,Pallevada
182770864,2373648,ms,Rajagudem
182770941,2373649,ms,Suraya Banjar
182771249,2373653,ms,Ramannapalem
182772096,2373664,ms,Kallurgudem
182772250,2373666,ms,Kotturu
182772404,2373668,ms,Chinna Mallela
182772481,2373669,ms,Jayalakshmipuram
182772635,2373671,ms,Nuthapadu
182772712,2373672,ms,Sattanegudem
182772789,2373673,ms,Vemireddipalle
182773097,2373677,ms,Mallela
182773559,2373683,ms,Anjaneyapuram
182774098,2373690,ms,Mallepalli
182774868,2373700,ms,Aswapuram
182775022,2373702,ms,Gundigudem
182775099,2373703,ms,Venkatapuram
182775176,2373704,ms,Tummalacheruvu
182775407,2373707,ms,Turubaka
182775484,2373708,ms,Bandarugudem
182775561,2373709,ms,Maredubaka
182775638,2373710,ms,Narsapuram
182775715,2373711,ms,Dantenam
182776331,2373719,ms,Sanrallabodu
182776408,2373720,ms,Chintriyalu
182776485,2373721,ms,Subbaraopeta
182776562,2373722,ms,Nadikudi
182776639,2373723,ms,Gangolu
182776793,2373725,ms,Kotta Dummagudem
182777024,2373728,ms,Jaggavaram
182777332,2373732,ms,Anjupaka
182777409,2373733,ms,Kummarigudem
182777486,2373734,ms,Pamulapalle
182777563,2373735,ms,Kasinagaram
182777794,2373738,ms,Musalimadugu
182778179,2373743,ms,Jettigudem
182778641,2373749,ms,Puligundala
182778795,2373751,ms,Mulakanapalle
182779026,2373754,ms,Lingapuram
182779103,2373755,ms,Chinnabandirevu
182779257,2373757,ms,Sangam
182779411,2373759,ms,Paidakulamadugu
182779488,2373760,ms,Lakshmanapuram
182779565,2373761,ms,Peddanallaballi
182779796,2373764,ms,Sugnanapuram
182780027,2373767,ms,Dabbanutula
182780258,2373770,ms,Erraboru
182780335,2373771,ms,Kottagudem
182780412,2373772,ms,Dharmapuram
182780489,2373773,ms,Arlagudem
182780643,2373775,ms,Gangavaram
182780797,2373777,ms,Singavaram
182781028,2373780,ms,Gurralabayalu
182781798,2373790,ms,Lakshmipuram
182781875,2373791,ms,Morampalle
182781952,2373792,ms,Somulagudem
182782029,2373793,ms,Uppusaga
182782106,2373794,ms,Budagudem
182782260,2373796,ms,Sompalle
182782337,2373797,ms,Narayanraopeta
182782568,2373800,ms,Sangam
182782645,2373801,ms,Malagudem
182782799,2373803,ms,Kotturu
182782953,2373805,ms,Vemukunta
182783107,2373807,ms,Pusugudem
182783338,2373810,ms,Sobbanapalle
182783569,2373813,ms,Chotigudem
182783877,2373817,ms,Mangaligutta
182783954,2373818,ms,Tummalakunta
182784031,2373819,ms,Timmapeta
182784108,2373820,ms,Puttatogu
182784185,2373821,ms,Gangadeviguppa
182784416,2373824,ms,Sridhara
182784493,2373825,ms,Burguvayi
182784724,2373828,ms,Purushottapatnam
182784878,2373830,ms,Sarapaka
182785032,2373832,ms,Chinampeta
182785263,2373835,ms,Yetapaka
182785571,2373839,ms,Tallagudem
182785725,2373841,ms,Kannayagudem
182785802,2373842,ms,Gottugudem
182786033,2373845,ms,Tunikioheruvu
182786110,2373846,ms,Narayanapuram
182786264,2373848,ms,Kondapalle
182786418,2373850,ms,Erragunta
182786495,2373851,ms,Rayunipeta
182786572,2373852,ms,Chodavaram
182786649,2373853,ms,Ganapavaram
182786726,2373854,ms,Ibrahimpeta
182786803,2373855,ms,Gumpenapalle
182786957,2373857,ms,Ravigudem
182787034,2373858,ms,Mittagudem
182787265,2373861,ms,Tontipaka
182787342,2373862,ms,Kotturu
182787496,2373864,ms,Komatlagudem
182787727,2373867,ms,Chintalagudem
182787958,2373870,ms,Jagannathapuram
182788189,2373873,ms,Kistavaram
182788266,2373874,ms,Komepalli
182788420,2373876,ms,Sadpalli
182788497,2373877,ms,Rejarla
182788882,2373882,ms,Lingapalem
182788959,2373883,ms,Bhimavaram
182789113,2373885,ms,Kotturu
182789421,2373889,ms,Lakshminarayanapuram
182789498,2373890,ms,Ammapalem
182789883,2373895,ms,Krishnaraopalem
182789960,2373896,ms,Chanubanda
182790037,2373897,ms,Korlamanda
182790114,2373898,ms,Kalagara
182790191,2373899,ms,Lakshmipuram
182790422,2373902,ms,Viraraghavapuram
182790576,2373904,ms,Burugugudem
182790730,2373906,ms,Potanapalle
182790807,2373907,ms,Parvatapuram
182790884,2373908,ms,Kandukuru
182790961,2373909,ms,Barnipadu
182791038,2373910,ms,Chinnampet
182791115,2373911,ms,Sevapuram
182791269,2373913,ms,Malleswaram
182791346,2373914,ms,Gollapudi
182791423,2373915,ms,Indapalle
182791500,2373916,ms,Dudipudi
182791962,2373922,ms,Gurubhatlagudem
182792039,2373923,ms,Lingagudem
182792809,2373933,ms,Nacharam
182793348,2373940,ms,Mustibanda
182793656,2373944,ms,Allipalle
182793733,2373945,ms,Maddimuttangudem
182793810,2373946,ms,Rangapuramkhandrika
182793887,2373947,ms,Pattayagudem
182793964,2373948,ms,Kamalapuram
182794118,2373950,ms,Venkatadrigudem
182794195,2373951,ms,Venkatapuram
182794272,2373952,ms,Namavaram
182794503,2373955,ms,Raghavapuram
182794657,2373957,ms,Ganijirla
182794734,2373958,ms,Kantampalem
182795042,2373962,ms,Mallayagudem
182795119,2373963,ms,Potunuru
182795196,2373964,ms,Kotapadu
182795427,2373967,ms,Samituvarigudem
182795504,2373968,ms,Pata Chintalpudi
182795658,2373970,ms,Maribandam
182795735,2373971,ms,Mankollu
182795812,2373972,ms,Velagalapalle
182795966,2373974,ms,Surampalem
182796043,2373975,ms,Utasamudram
182796120,2373976,ms,Ustapalle
182796274,2373978,ms,Nemalipuri
182796428,2373980,ms,Pulichinta
182796505,2373981,ms,Kolluru
182796659,2373983,ms,Ninducherla
182796736,2373984,ms,Perkipadu
182796890,2373986,ms,Dodleru
182796967,2373987,ms,Konduru
182797044,2373988,ms,Kandipadu
182797121,2373989,ms,Chandrazupalem
182797198,2373990,ms,Vannayapalem
182797275,2373991,ms,Hassanbada
182797429,2373993,ms,Garikepadu
182797506,2373994,ms,Anantavaram
182797583,2373995,ms,Gudipadu
182797660,2373996,ms,Uyyandana
182797737,2373997,ms,Talluru
182797814,2373998,ms,Yerrapalem
182797891,2373999,ms,Parupalle
182797968,2374000,ms,Gorantla
182798045,2374001,ms,Mittapalem
182798122,2374002,ms,Velpuru
182798199,2374003,ms,Grandasari
182798276,2374004,ms,Pedapalem
182798353,2374005,ms,Nileswarapalem
182798430,2374006,ms,Chigurupadu
182798661,2374009,ms,Tallacheruvu
182798738,2374010,ms,Kottapalle
182798815,2374011,ms,Kasarabada
182798892,2374012,ms,Pokkunuru
182798969,2374013,ms,Chamarru
182799046,2374014,ms,Cheru Kommapalem
182799123,2374015,ms,Chintapalle
182799200,2374016,ms,Putlagudem
182799277,2374017,ms,Taduvaya
182799354,2374018,ms,Ramannapeta
182799431,2374019,ms,Gudimetta
182799508,2374020,ms,Brahmabotlapalem
182799662,2374022,ms,Konayapalem
182799739,2374023,ms,Guttavaripalem
182799816,2374024,ms,Bobbellapadu
182799893,2374025,ms,Chandralapadu
182799970,2374026,ms,Patempadu
182800124,2374028,ms,Kondapeta
182800201,2374029,ms,Kodavatkallu
182800278,2374030,ms,Punnavalli
182800355,2374031,ms,Veladi
182800432,2374032,ms,Popuru
182800509,2374033,ms,Ambadipudi
182800586,2374034,ms,Konuru
182800663,2374035,ms,Rudravaram
182800740,2374036,ms,Varavakallu
182800894,2374038,ms,Utukuru
182800971,2374039,ms,Vipparla
182801048,2374040,ms,Andukuru
182801125,2374041,ms,Balemarru
182801202,2374042,ms,Bayyavaram
182801356,2374044,ms,Munugodu
182801433,2374045,ms,Nutalapativaripalem
182801510,2374046,ms,Garapadu
182801587,2374047,ms,Husainnagaram
182801741,2374049,ms,Bellamkonda
182801895,2374051,ms,Kottapalem
182801972,2374052,ms,Nagavaram
182802126,2374054,ms,Rajupalem
182802203,2374055,ms,Brahmanapalle
182802280,2374056,ms,Mukkapadu
182802357,2374057,ms,Ganapavaram
182802434,2374058,ms,Balijepalle
182802588,2374060,ms,Tondapi
182802973,2374065,ms,Pedabayalu
182803050,2374066,ms,Chimalapadu
182803204,2374068,ms,Balimanusanka
182803512,2374072,ms,Kuneti
182804590,2374086,ms,Gondimalika
182804667,2374087,ms,Balabadram
182804744,2374088,ms,Pakabu
182804821,2374089,ms,Jasulapalem
182804898,2374090,ms,Sanivaram
182805052,2374092,ms,Palada
182805206,2374094,ms,Rakota
182805360,2374096,ms,Kitumula
182805591,2374099,ms,Tulabada
182805668,2374100,ms,Gummudumanupalem
182805745,2374101,ms,Kondasanta
182805822,2374102,ms,Pedapeta
182806130,2374106,ms,Mulapeta
182806284,2374108,ms,Robbasingi
182806361,2374109,ms,Rellalapalem
182806438,2374110,ms,Marripalem
182806515,2374111,ms,Gangavaram
182806592,2374112,ms,Korupolu
182806823,2374115,ms,Ratnampeta
182806977,2374117,ms,Sarabavaram
182807131,2374119,ms,Kontalam
182807439,2374123,ms,Kinjarti
182808055,2374131,ms,Rachapanuku
182808286,2374134,ms,Burusingi
182808748,2374140,ms,Mallipadu
182808902,2374142,ms,Goppulapalem
182809133,2374145,ms,Kamakota
182809287,2374147,ms,Kotta Krishnapuram
182809364,2374148,ms,Jalampalle
182809749,2374153,ms,Vantamamidipalem
182810288,2374160,ms,Velampadu
182810365,2374161,ms,Saravanapalem
182810442,2374162,ms,Pedda Sarada
182810519,2374163,ms,Kagita
182810596,2374164,ms,China Sarada
182811289,2374173,ms,Tayamamidi
182811597,2374177,ms,Porlu
182811674,2374178,ms,Goddumamidi
182811751,2374179,ms,Peddalochili
182812136,2374184,ms,Joduru
182812367,2374187,ms,Boddrevu
182812521,2374189,ms,Sankaram
182812598,2374190,ms,Krishnapalem
182812675,2374191,ms,Tadivalasa
182812906,2374194,ms,Avuruvada
182812983,2374195,ms,Tiruvada
182813137,2374197,ms,Peda Gorrigedda
182813291,2374199,ms,Gopuru
182813368,2374200,ms,Kotnabilli
182813753,2374205,ms,Kalyanapulova
182813830,2374206,ms,Bennavaram
182814061,2374209,ms,Dharmavaram
182814446,2374214,ms,Addasaram
182814600,2374216,ms,Dandapudi
182814831,2374219,ms,Gollalapalem
182814985,2374221,ms,Mittalapadu
182815293,2374225,ms,Gopavaram
182815370,2374226,ms,Mallavaram
182815447,2374227,ms,Dharmavaram
182815678,2374230,ms,Singarajupeta
182815832,2374232,ms,Mungarlapalem
182815909,2374233,ms,Gadampalem
182816140,2374236,ms,Rettavanipalem
182816294,2374238,ms,Pallapu Nagandorapalem
182816371,2374239,ms,Pesarada
182816448,2374240,ms,Gadampalem
182816679,2374243,ms,Appannapalem
182816756,2374244,ms,Addalova
182816833,2374245,ms,Suddalapalem
182816987,2374247,ms,Nallanki
182817064,2374248,ms,Pakalapadu
182817141,2374249,ms,Polavaram
182817218,2374250,ms,Chidigummala
182817295,2374251,ms,Karakapeta
182817372,2374252,ms,Jilledupudi
182817449,2374253,ms,Gundepala
182817526,2374254,ms,Kotta Ellavaram
182817680,2374256,ms,Rajupeta
182817757,2374257,ms,Lingapuram
182817834,2374258,ms,Karaka
182817911,2374259,ms,Kasimi
182818065,2374261,ms,Vadaparti
182818142,2374262,ms,Krishnapuram
182818219,2374263,ms,Mulagapudi Bennavaram
182818450,2374266,ms,Donkada Agraharam
182818604,2374268,ms,Mandikhandi
182818681,2374269,ms,Mettapalem
182818835,2374271,ms,Tallapalem
182819066,2374274,ms,Ellavaramdandapeta
182819297,2374277,ms,Velagalapudi
182819374,2374278,ms,Kotta Ellavaram
182819451,2374279,ms,Ennalapalem
182819913,2374285,ms,Srungavaram
182819990,2374286,ms,Venkayyapalem
182820067,2374287,ms,Lakshmipuram
182820221,2374289,ms,Sanyasiraju Agraharam
182820529,2374293,ms,Mallubhupalapatnam
182820606,2374294,ms,Erakabhupati Agraharam
182820683,2374295,ms,Gannavaram
182820837,2374297,ms,Akasahebpet
182820914,2374298,ms,Bhimavarapukota
182821068,2374300,ms,Pippallakottapalle
182821145,2374301,ms,Ramannapalem
182821222,2374302,ms,Bodapalem
182821376,2374304,ms,Timmapuram
182821607,2374307,ms,Kotturu
182821684,2374308,ms,Cherlopalem
182821992,2374312,ms,Pamulavaka
182822069,2374313,ms,Balireddipalem
182822146,2374314,ms,Lingapuram
182822223,2374315,ms,Ramachandrapuram
182822300,2374316,ms,Erakannapalem
182822377,2374317,ms,Amalapuram
182822454,2374318,ms,Bangarayapeta
182822608,2374320,ms,Jalluru
182822839,2374323,ms,Vemulapudi
182822916,2374324,ms,Annavaram
182822993,2374325,ms,Yendapalle
182823070,2374326,ms,Mallavaram
182823455,2374331,ms,Duggada
182823609,2374333,ms,Dharmasagaram
182823763,2374335,ms,Tammayyapalem
182823917,2374337,ms,Balighattam
182824148,2374340,ms,Subbaraydupalem
182824225,2374341,ms,Peddaboddepalle
182824302,2374342,ms,Appandorapalem
182824610,2374346,ms,Chettupalle
182824841,2374349,ms,Nilampeta
182824918,2374350,ms,Nagaram
182825072,2374352,ms,Gurandorapalem
182825149,2374353,ms,Nindugonda
182825380,2374356,ms,Gabbada
182825457,2374357,ms,Ravanapalli
182825534,2374358,ms,Komira
182825611,2374359,ms,Gurampeta
182825842,2374362,ms,Antlapalem
182825919,2374363,ms,Buchchammapeta
182826150,2374366,ms,Kodurupalem
182826227,2374367,ms,Bennabhupalapatnam
182826381,2374369,ms,Kovvuru
182826612,2374372,ms,Rolugunta
182826689,2374373,ms,Komaravolu
182826843,2374375,ms,Jaggampeta
182826920,2374376,ms,Konnampeta
182826997,2374377,ms,Vommavaram
182827151,2374379,ms,Kanchugummala
182827228,2374380,ms,Marrivalasa
182827305,2374381,ms,Kasireddipalem
182827382,2374382,ms,Balijipalem
182827536,2374384,ms,Padalapalem
182827690,2374386,ms,Tutipala
182827767,2374387,ms,Kondapalem
182827998,2374390,ms,Tadapala
182828075,2374391,ms,Kusarlapudi
182828229,2374393,ms,Burugupalem
182828383,2374395,ms,Virapurajupeta
182828999,2374403,ms,Sitanna Agraharam
182829076,2374404,ms,Dalimpeta
182829153,2374405,ms,Gangavaram
182829230,2374406,ms,Vajragada
182829307,2374407,ms,Paidipala
182829461,2374409,ms,Nagaram
182829538,2374410,ms,Bayyavaram
182829615,2374411,ms,Kondala Agraharam
182829692,2374412,ms,Makavarapalem
182829923,2374415,ms,Narayanarajupeta
182830000,2374416,ms,Giduturu
182830154,2374418,ms,Sunkapuru
182830308,2374420,ms,Koduru
182830462,2374422,ms,Tangedu
182830693,2374425,ms,Chauduvada
182830924,2374428,ms,Gotivada
182831001,2374429,ms,Panduru
182831078,2374430,ms,Ramachandrapuram
182831155,2374431,ms,Bonkulapalem
182831232,2374432,ms,Nagaram
182831309,2374433,ms,Chagallu
182831386,2374434,ms,Kotturu
182831540,2374436,ms,Dammalapadu
182831617,2374437,ms,Kammavaripalem
182831694,2374438,ms,Turakapalem
182832079,2374443,ms,Gollapadu
182832156,2374444,ms,Ravipadu
182832387,2374447,ms,Reddipalem
182832541,2374449,ms,Rangareddypalem
182832618,2374450,ms,Satuluru
182832772,2374452,ms,Ponukupadu
182832926,2374454,ms,Muppalla
182833080,2374456,ms,Lankelakurapadu
182833157,2374457,ms,Narnepadu
182833234,2374458,ms,Palidevarlapadu
182833311,2374459,ms,Madala
182833388,2374460,ms,Rudravaram
182833465,2374461,ms,Bollavaram
182833542,2374462,ms,Irukupalem
182833696,2374464,ms,Lakkarajugarlapadu
182833773,2374465,ms,Dhulipalla
182833927,2374467,ms,Kankanalapalle
182834158,2374470,ms,Ganlur
182834235,2374471,ms,Bhrugubanda
182834312,2374472,ms,Gogulapad
182834389,2374473,ms,Rentapalla
182834543,2374475,ms,Pakalapadu
182834620,2374476,ms,Kandulavaripalem
182834697,2374477,ms,Pisapadu
182834774,2374478,ms,Kattamuru
182834851,2374479,ms,Panidem
182834928,2374480,ms,Abbur
182835005,2374481,ms,Bhatlur
182835082,2374482,ms,Gujjarlapudi
182835159,2374483,ms,Lagadapadu
182835236,2374484,ms,Kannegalla
182835313,2374485,ms,Bhimavaram
182835390,2374486,ms,Gudipudi
182835467,2374487,ms,Pedamakkena
182835544,2374488,ms,Nandigama
182835621,2374489,ms,Kantepudi
182835698,2374490,ms,Kattavaripalem
182835775,2374491,ms,Korrapadu
182835852,2374492,ms,Erraguntlapadu
182835929,2374493,ms,Komerapudi
182836006,2374494,ms,Tekkellapadu
182836083,2374495,ms,Garudachalapalem
182836160,2374496,ms,Sirangipalem
182836237,2374497,ms,Betapudi
182836314,2374498,ms,Gundalapadu
182836391,2374499,ms,Munagapadu
182836622,2374502,ms,Vemavaram
182836776,2374504,ms,Nudurupadu
182836853,2374505,ms,Merikapudi
182836930,2374506,ms,Gorizavolu
182837007,2374507,ms,Sankuratripadu
182837084,2374508,ms,Komperlapadu
182837161,2374509,ms,Reddigudem
182837238,2374510,ms,Jagannadhapuram
182837392,2374512,ms,Bangarayyapeta
182837469,2374513,ms,Billananduru
182837623,2374515,ms,Boddavaram
182837931,2374519,ms,Donkavaka
182838162,2374522,ms,Atikivanipalem
182838239,2374523,ms,Kolimeru
182838393,2374525,ms,Kajiki
182838547,2374527,ms,Kandilpalem
182838624,2374528,ms,Pulusumamidi
182838701,2374529,ms,Kusalapalem
182838778,2374530,ms,Gulli
182838855,2374531,ms,Nandivampu
182838932,2374532,ms,Maruvada
182839009,2374533,ms,Kummarilova
182839240,2374536,ms,Appalarajupeta
182839471,2374539,ms,Talluru
182839625,2374541,ms,Aratlakota
182840087,2374547,ms,Kavalapadu
182840472,2374552,ms,Chepuru
182840549,2374553,ms,Chamavaram
182840780,2374556,ms,Palteru
182841165,2374561,ms,Srirampuram
182841242,2374562,ms,Kesavaram
182841473,2374565,ms,Kandipudi
182841550,2374566,ms,Rajagopalapuram
182841627,2374567,ms,Rajanagaram
182841704,2374568,ms,Idatam
182841858,2374570,ms,Kumarapuram
182841935,2374571,ms,Paidikonda
182842012,2374572,ms,Anuru
182842320,2374576,ms,Bangarampeta
182842397,2374577,ms,Rajavaram
182842551,2374579,ms,Satyavaram
182842628,2374580,ms,Gopalapatnam
182842705,2374581,ms,Gunupudi
182842782,2374582,ms,Donivanilakshmipuram
182842859,2374583,ms,Mangavaram
182842936,2374584,ms,Guntapalle
182843013,2374585,ms,Nellipudi
182843090,2374586,ms,Namavaram
182843167,2374587,ms,Uddandapuram
182843398,2374590,ms,Amalapuram
182843475,2374591,ms,Godicherla
182843783,2374595,ms,Sitarampuram
182844014,2374598,ms,Gullipadu
182844091,2374599,ms,Ramanayyapeta
182844168,2374600,ms,Mukundarajupeta
182844553,2374605,ms,Donkada
182844630,2374606,ms,Jagannadhapuram
182844707,2374607,ms,Rebaka
182844784,2374608,ms,Rapaka
182844938,2374610,ms,Tirupatipalem
182845015,2374611,ms,Rachapalli
182845169,2374613,ms,Chinaboddepalle
182845246,2374614,ms,Kodavatipudi
182845323,2374615,ms,Tadaparti
182845554,2374618,ms,Chellapuram
182845631,2374619,ms,Bhimavaram
182845785,2374621,ms,Chinagummuluru
182845939,2374623,ms,Peddadoddigollu
182846247,2374627,ms,Pedagummuluru
182846324,2374628,ms,Ramakrishnapuram
182846478,2374630,ms,China Bodugollam
182846632,2374632,ms,Chittibatla Agraharam
182846786,2374634,ms,Nakkapalli
182847017,2374637,ms,Chinadoddigallu
182847325,2374641,ms,Sinayyapalem
182847402,2374642,ms,Upmaka Agraharam
182847556,2374644,ms,Korravanipalem
182847710,2374646,ms,Ayyallapalem
182847787,2374647,ms,Janakayyapeta
182847864,2374648,ms,Narasapuram
182847941,2374649,ms,Kagita
182848095,2374651,ms,Nallamattipalem
182848172,2374652,ms,Chandanada
182848249,2374653,ms,Tammayyapeta
182848326,2374654,ms,Boyapadu
182848711,2374659,ms,Gadapapalem
182848788,2374660,ms,Billapalem
182848865,2374661,ms,Guddepa
182848942,2374662,ms,Gompa
182849019,2374663,ms,Gorlapalem
182849096,2374664,ms,Baljipalem
182849327,2374667,ms,Chintapaka
182849404,2374668,ms,Upparagudem
182849481,2374669,ms,Karaka
182849558,2374670,ms,Turakalapudi
182849635,2374671,ms,Chittiyyapalem
182849712,2374672,ms,Chinayyapalem
182849866,2374674,ms,Pedapudi
182849943,2374675,ms,Tattabanda
182850174,2374678,ms,Valasamamidi
182850405,2374681,ms,Billalapalem
182850482,2374682,ms,Garikibanda
182850559,2374683,ms,Devapuram
182850636,2374684,ms,Palkuda
182850713,2374685,ms,Antilova
182850790,2374686,ms,Aluguru
182851098,2374690,ms,Ainada
182851175,2374691,ms,Vakapalle
182851252,2374692,ms,Gudivada
182851329,2374693,ms,Rellibanda
182851406,2374694,ms,Panasagedda
182851483,2374695,ms,Tatiparti
182851560,2374696,ms,Kasipuram
182851714,2374698,ms,Konam
182852638,2374710,ms,Satyavaram
182852869,2374713,ms,Jampena
182852946,2374714,ms,Gadirai
182853023,2374715,ms,Jammadevipeta
182853100,2374716,ms,Viranarayanam
182853254,2374718,ms,Gotivada Agraharam
182853485,2374721,ms,Vammali
182853639,2374723,ms,Kongalapaka
182853716,2374724,ms,Sivarampuram
182854024,2374728,ms,Komira
182854255,2374731,ms,Budiredlapalem
182854409,2374733,ms,Pedda Pachala
182854486,2374734,ms,Badanapadu
182854563,2374735,ms,Komallapudi
182854640,2374736,ms,Ravikamatam
182854717,2374737,ms,Ayyarkalpalem
182854794,2374738,ms,Mattavanipalem
182854871,2374739,ms,Dasarayyapalem
182854948,2374740,ms,Gollalapalem
182855025,2374741,ms,Garnikam
182855102,2374742,ms,Medivada
182855179,2374743,ms,Nagannapalem
182855256,2374744,ms,Gudivada
182855333,2374745,ms,Pillavanipalem
182855410,2374746,ms,Marupaka
182855641,2374749,ms,Pulakandam Ponavolu
182855872,2374752,ms,Gunnempudi
182855949,2374753,ms,Kondapalem
182856026,2374754,ms,Kondapalem Agraharam
182856180,2374756,ms,Buchchayyapeta
182856257,2374757,ms,Aitampudi
182856334,2374758,ms,Pata Kondempudi
182856411,2374759,ms,Kondempudi
182856796,2374764,ms,Upparagudem
182856950,2374766,ms,Kandipudi
182857181,2374769,ms,Timmanapalem
182857258,2374770,ms,Bennavolu
182857335,2374771,ms,Polepalle
182857489,2374773,ms,Gauripatnam
182857566,2374774,ms,Chinappannapalem
182857643,2374775,ms,Singavaram
182857720,2374776,ms,Pottidorapalem
182857797,2374777,ms,Lopudi
182858105,2374781,ms,Vijayaramarajupeta
182858182,2374782,ms,Mukundapuram
182858336,2374784,ms,Kumandhanpeta
182858413,2374785,ms,Dandisuravaram
182858490,2374786,ms,Kattuvari Agraharam
182858567,2374787,ms,Mangalapuram
182858644,2374788,ms,Dibbapalem
182858798,2374790,ms,Tunivalasa
182858875,2374791,ms,Vantarlapalem
182859029,2374793,ms,Advi Agraharam
182859183,2374795,ms,Bailapudi
182859260,2374796,ms,Appalarajupuram
182859414,2374798,ms,Mulakapalle
182859491,2374799,ms,Vechalam
182859645,2374801,ms,Jaitavaram
182859953,2374805,ms,Suryanarayanapuram
182860030,2374806,ms,Virabhadrapeta
182860107,2374807,ms,Sirijam
182860338,2374810,ms,Chidikada
182860492,2374812,ms,Manchala
182860723,2374815,ms,Cherugupalle
182861108,2374820,ms,Garisigi
182861185,2374821,ms,Chinagangavaram
182861262,2374822,ms,Sambhunipalem
182861339,2374823,ms,Tenugupudi
182861493,2374825,ms,Marepalle
182861570,2374826,ms,Devarapalle
182861724,2374828,ms,Boyilakitada
182861801,2374829,ms,Vallanki
182861955,2374831,ms,Chinanandipalle
182862186,2374834,ms,Vakapalle
182862340,2374836,ms,Turuvlou
182862494,2374838,ms,Mamidipalle
182862648,2374840,ms,Narasimha Gajapatinagaram
182862725,2374841,ms,Arjunagiri Agraharam
182862802,2374842,ms,Chettupalle
182862879,2374843,ms,Varahapuram
182862956,2374844,ms,Chukkapalle
182863033,2374845,ms,Maicherlapalem
182863110,2374846,ms,Gavaravaram
182863264,2374848,ms,Khandipalle
182863572,2374852,ms,Lakavaram
182863649,2374853,ms,Lakshmipuram
182863880,2374856,ms,Simhadripuram
182864111,2374859,ms,Pakirsahebpeta
182864342,2374862,ms,Juttada
182864496,2374864,ms,Rayapurajupeta
182864573,2374865,ms,Amberupuram
182864727,2374867,ms,Narsapuram
182864804,2374868,ms,Jannavaram
182864881,2374869,ms,Venkannapalem
182864958,2374870,ms,Duddupalem
182865112,2374872,ms,Nimbarvanipalem
182865189,2374873,ms,Bhogapuram
182865343,2374875,ms,Chakipalle
182865420,2374876,ms,Kannampalem
182865497,2374877,ms,Muddurti
182865882,2374882,ms,Tagarampudi
182865959,2374883,ms,Jagannadhapuram
182866036,2374884,ms,Gunti
182866421,2374889,ms,Titara
182866498,2374890,ms,Thepaha Raja Ram
182867037,2374897,ms,Majahida
182867191,2374899,ms,Baghra
182867268,2374900,ms,Hasanpurwa
182867345,2374901,ms,Naupali
182867422,2374902,ms,Gopalpur
182867499,2374903,ms,Ramapali
182867576,2374904,ms,Bhada Kalan
182869193,2374925,ms,Bhantapokhar
182869347,2374927,ms,Jamsikri
182869501,2374929,ms,Kandhwara
182869578,2374930,ms,Dewapali
182869655,2374931,ms,Gangauli
182869732,2374932,ms,Repura
182869809,2374933,ms,Bhalua Makund
182869886,2374934,ms,Jiradei
182870117,2374937,ms,Makundpur
182870194,2374938,ms,Barhea
182870271,2374939,ms,Chakra
182870348,2374940,ms,Majhaulia
182870425,2374941,ms,Sidhaul
182870579,2374943,ms,Tikri
182870656,2374944,ms,Partappur
182870733,2374945,ms,Karhanu
182870810,2374946,ms,Gosopali
182871118,2374950,ms,Salonepur
182871426,2374954,ms,Chhapiya Buzurg
182871657,2374957,ms,Hardia
182871965,2374961,ms,Bhaisakhal
182872119,2374963,ms,Bangra
182872350,2374966,ms,Pakaulia
182872427,2374967,ms,Machakna
182872658,2374970,ms,Hathaura
182872735,2374971,ms,Al Marahib
182872966,2374974,ms,Hathauri
182873274,2374978,ms,Jasauli Kharag
182873428,2374980,ms,Barhulia
182873505,2374981,ms,Bharauli
182873582,2374982,ms,Hasanpurwa
182873736,2374984,ms,Sarea
182873967,2374987,ms,Kharsara
182874198,2374990,ms,Dharampur
182874275,2374991,ms,Narindpur
182874352,2374992,ms,Bhatkankhem
182874429,2374993,ms,Narayanpur
182874506,2374994,ms,Banthu Solona
182874583,2374995,ms,Sikia
182874660,2374996,ms,Gonthi
182874737,2374997,ms,Miyan Ke Bhatkan
182874814,2374998,ms,Bangra
182874891,2374999,ms,Belahi
182875045,2375001,ms,Balia
182875122,2375002,ms,Kharnpur
182875353,2375005,ms,Khanpur Khairanti
182875507,2375007,ms,Chhajwa
182875584,2375008,ms,Salahpur
182875661,2375009,ms,Singahi
182875815,2375011,ms,Harihans
182876046,2375014,ms,Hasnpurwa
182876123,2375015,ms,Gopalpur
182876200,2375016,ms,Alapur
182876277,2375017,ms,Al Qashabah
182876354,2375018,ms,Pengwara
182876508,2375020,ms,Bayyavaram
182876585,2375021,ms,Padmanabharajupeta
182876662,2375022,ms,Somidevipalle
182876739,2375023,ms,Pulaparti
182876893,2375025,ms,Krishnapuram
182876970,2375026,ms,Vemagiri
182877047,2375027,ms,Petasudipuram
182877201,2375029,ms,Dharmavaram Agraharam
182877278,2375030,ms,Sarvasiddi
182877432,2375032,ms,Upparapalle
182877509,2375033,ms,Penugollu
182877586,2375034,ms,Kotta Agraharam
182877663,2375035,ms,Sarauti
182877740,2375036,ms,Hakma Hata
182877817,2375037,ms,Modassilpur
182877894,2375038,ms,Parari Lachchhiram
182877971,2375039,ms,Masudaha
182878048,2375040,ms,Chitaur
182878202,2375042,ms,Gaura
182878818,2375050,ms,Deipur
182878895,2375051,ms,Piaur
182878972,2375052,ms,Basantnagar
182879049,2375053,ms,Jhaua
182879126,2375054,ms,Ujraha
182879203,2375055,ms,Kabilpura
182879280,2375056,ms,Tanrila
182879357,2375057,ms,Rafipur
182879434,2375058,ms,Telkathu
182879511,2375059,ms,Parari
182879665,2375061,ms,Laheji
182879742,2375062,ms,Bhekhpurwa
182879819,2375063,ms,Kohrauta
182880050,2375066,ms,Gai Ghat
182880204,2375068,ms,Dhanauti
182880281,2375069,ms,Laran Chak
182880512,2375072,ms,Pareji
182880589,2375073,ms,Ungo
182880666,2375074,ms,Kusahra
182880897,2375077,ms,Chakia
182881051,2375079,ms,Sonbarsa
182881128,2375080,ms,Pachbarwa
182881205,2375081,ms,Nadiaon
182881282,2375082,ms,Jaijori
182881359,2375083,ms,Chakri
182881513,2375085,ms,Abhimanwan
182881821,2375089,ms,Bahelia
182881898,2375090,ms,Patiaon
182881975,2375091,ms,Saidpur
182882052,2375092,ms,Kandhauli
182882129,2375093,ms,Patiaon Gopi
182882206,2375094,ms,Bhikhpur Bhagwanpur
182882283,2375095,ms,Arjanipur
182882360,2375096,ms,Khajepur Kalan
182882514,2375098,ms,Suraiya
182882822,2375102,ms,Hasanpura
182882976,2375104,ms,Semri
182883130,2375106,ms,Karmansi
182883207,2375107,ms,Malahidih
182883361,2375109,ms,Merahi
182883438,2375110,ms,Dibi
182883515,2375111,ms,Dudha
182883669,2375113,ms,Amwari
182883746,2375114,ms,Deopur
182883823,2375115,ms,Ijra
182883900,2375116,ms,Kanrsar
182884054,2375118,ms,Lagusa
182884208,2375120,ms,Harnathpur
182884285,2375121,ms,Chandpur
182884362,2375122,ms,Siswa Kalan
182884670,2375126,ms,Rampur
182884747,2375127,ms,Siswa Khurd
182884824,2375128,ms,Pachbhinda
182884901,2375129,ms,Bangra
182884978,2375130,ms,Ansar
182885055,2375131,ms,Bakhri
182885209,2375133,ms,Rajanpura
182885363,2375135,ms,Madhwapur
182885517,2375137,ms,Daulatpur
182886056,2375144,ms,Nikhti Kalan
182886133,2375145,ms,Gonaria
182886210,2375146,ms,Bhaisaurha
182886287,2375147,ms,Kajrasan
182886364,2375148,ms,Parari
182886441,2375149,ms,Dighwaliya
182886518,2375150,ms,Nanda Mura
182886595,2375151,ms,Nawalpur
182886749,2375153,ms,Chhitauli
182887134,2375158,ms,Baliya
182887442,2375162,ms,Deopura
182887519,2375163,ms,Khajuhan
182887596,2375164,ms,Dohar
182887750,2375166,ms,Hanumanganj
182888135,2375171,ms,Atarsan
182888289,2375173,ms,Asahni
182888443,2375175,ms,Atdila
182888597,2375177,ms,Chapraitha
182888828,2375180,ms,Pasiwarh
182888905,2375181,ms,Harpur Kotwa
182888982,2375182,ms,Pakri
182889059,2375183,ms,Mahual
182889136,2375184,ms,Madhwapur
182889290,2375186,ms,Chandparsa
182889367,2375187,ms,Manchha
182889444,2375188,ms,Chherahi
182889521,2375189,ms,Usti
182889598,2375190,ms,Dipni
182889675,2375191,ms,Mathia
182889752,2375192,ms,Korar
182889906,2375194,ms,Kamsara
182889983,2375195,ms,Mundaram Chhapra
182890060,2375196,ms,Daunchhapra
182890137,2375197,ms,Dahkani
182890214,2375198,ms,Baluhi
182890445,2375201,ms,Harsa Tali
182890522,2375202,ms,Mirachak
182890676,2375204,ms,Mandrapali
182890753,2375205,ms,Shekhpurwa
182890907,2375207,ms,Pipra
182891061,2375209,ms,Bhusi
182891138,2375210,ms,Korari Khurd
182891215,2375211,ms,Sirsaon
182891369,2375213,ms,Dumri
182891446,2375214,ms,Fatehpur
182891677,2375217,ms,Ujain
182891831,2375219,ms,Ramsapur
182891908,2375220,ms,Harsar
182891985,2375221,ms,Bela
182892216,2375224,ms,Siwan Bigrah
182892524,2375228,ms,Milki Madhwapur
182892601,2375229,ms,Madhwapur
182892678,2375230,ms,Rasulpur
182892832,2375232,ms,Bishambharpur
182892986,2375234,ms,Machhauta
182893063,2375235,ms,Machhauti
182893140,2375236,ms,Sherpur
182893217,2375237,ms,Parauli
182893294,2375238,ms,Bariarpur
182893371,2375239,ms,Chandpur
182893448,2375240,ms,Gamharia
182893525,2375241,ms,Gopalpur
182893910,2375246,ms,Inda
182893987,2375247,ms,Pirarthu Kalan
182894449,2375253,ms,Muhammadpur
182894526,2375254,ms,Pachrukhi
182894603,2375255,ms,Makhnupur
182894757,2375257,ms,Hajipurwa
182895219,2375263,ms,Chaumukha
182895450,2375266,ms,Nainpura
182896374,2375278,ms,Gharthaulia
182896451,2375279,ms,Itwa
182896528,2375280,ms,Barkagaon
182896759,2375283,ms,Nizampur
182896836,2375284,ms,Bartawalia
182896913,2375285,ms,Sahlaur
182897221,2375289,ms,Nathanpura
182897683,2375295,ms,Surwala
182897991,2375299,ms,Burugupalem
182898068,2375300,ms,Gurrelapalem
182898299,2375303,ms,Rajupalem
182898376,2375304,ms,Pangidi
182898530,2375306,ms,Mamidipalem
182898684,2375308,ms,Cherakam
182898761,2375309,ms,Anandapuram
182898915,2375311,ms,Pathakannurupalem
182899069,2375313,ms,Venkannapalem
182899146,2375314,ms,Settipalem
182899377,2375317,ms,Narhat
182899454,2375318,ms,Mithanpura
182900070,2375326,ms,Walipur
182900147,2375327,ms,Bangra Sirikant
182900455,2375331,ms,Dhebar
182900532,2375332,ms,Pakwalia
182900609,2375333,ms,Karsaut
182900763,2375335,ms,Mura Parsotim
182900840,2375336,ms,Baidra
182900994,2375338,ms,Dongalavarepalem
182901071,2375339,ms,Chinnarachapalle
182901148,2375340,ms,Ramannapalem
182901225,2375341,ms,Venkayapalem
182901302,2375342,ms,Erakannapalem
182901379,2375343,ms,Kottapalem
182901456,2375344,ms,Dharmavaram
182901610,2375346,ms,Pedagollalapalem
182901687,2375347,ms,Sahuli
182901841,2375349,ms,Bhikpur
182901995,2375351,ms,Chaukihasan Chauki Makhdum
182902149,2375353,ms,Korari Kalan
182902226,2375354,ms,Siuri
182902457,2375357,ms,Madhwapur
182902611,2375359,ms,Parasrampur
182903150,2375366,ms,Manyapalem
182903227,2375367,ms,Perantalapalem
182903458,2375370,ms,Regupalem
182903612,2375372,ms,Purushottapuram
182903689,2375373,ms,Ramabhadrapuram
182903766,2375374,ms,Rukminipuram
182903920,2375376,ms,Janguluruvelampalem
182904074,2375378,ms,Narayanapuram
182904151,2375379,ms,Kattupalem
182904228,2375380,ms,Kotturu
182904459,2375383,ms,Dimila
182904536,2375384,ms,Kattubolu
182904613,2375385,ms,Kottappalem
182904767,2375387,ms,Mulajampa
182904844,2375388,ms,Somalingapalem
182904921,2375389,ms,Ramarayudupalem
182905075,2375391,ms,Kokkirapalle
182905152,2375392,ms,Turangalapalem
182905229,2375393,ms,Yadagiripalem
182905306,2375394,ms,Jampapalem
182905383,2375395,ms,Chinakokkirapalli
182905537,2375397,ms,Enugutuni
182905614,2375398,ms,Achchutapuram
182905768,2375400,ms,Melupaka
182905922,2375402,ms,Nutulaguntapalem
182905999,2375403,ms,Somavaram
182906076,2375404,ms,Gobburu
182906538,2375410,ms,Gurugubhimavaram
182906615,2375411,ms,Singavaram
182906769,2375413,ms,Kottapalle
182906923,2375415,ms,Ugginapalem
182907000,2375416,ms,Tegada
182907077,2375417,ms,Paravadapalem
182907154,2375418,ms,Jamatullapalem
182907231,2375419,ms,Achcherla
182907308,2375420,ms,Ad Daym
182907462,2375422,ms,Gokivadapalem
182907539,2375423,ms,Chinamallam
182907616,2375424,ms,Mallam
182907693,2375425,ms,Chinna Bhimavaram
182907847,2375427,ms,Appampalem
182907924,2375428,ms,Sivarampuram
182908078,2375430,ms,Rajam
182908155,2375431,ms,Nilakantapuram
182908386,2375434,ms,Kundram
182908617,2375437,ms,Venkupalem
182908694,2375438,ms,Dibbapalem
182908848,2375440,ms,Mondipalem
182909002,2375442,ms,Sundarayyapeta
182909079,2375443,ms,Achchayyapeta
182909156,2375444,ms,Vetazangalipalem
182909233,2375445,ms,Mulapeta
182909310,2375446,ms,Venkupalem
182909387,2375447,ms,Sampatipuram
182909464,2375448,ms,Vissannapeta
182909849,2375453,ms,Bayyavaram
182909926,2375454,ms,Ramannapalem
182910080,2375456,ms,Sriramapuram
182910157,2375457,ms,Arabupalem
182910234,2375458,ms,Veduruparti
182910311,2375459,ms,Munagapaka
182910388,2375460,ms,Pedapadu
182910465,2375461,ms,Timmarajupeta
182910542,2375462,ms,Khajipalem
182910619,2375463,ms,Jaggannapeta
182910696,2375464,ms,Pallapu Anandapuram
182910773,2375465,ms,Purushottapuram
182910927,2375467,ms,Haripalem
182911004,2375468,ms,Erravaram
182911081,2375469,ms,Andalapalle
182911235,2375471,ms,Uppavaram
182911389,2375473,ms,Jaggannadhapuram
182911466,2375474,ms,Tsuchikonda
182911620,2375476,ms,Madakapalem
182911697,2375477,ms,Cherlopalem
182911774,2375478,ms,Narendrapuram
182911851,2375479,ms,Chodapalle
182912159,2375483,ms,Bhogapuram
182912313,2375485,ms,Venkatapuram
182912390,2375486,ms,Bhogapuram
182912621,2375489,ms,Janguluru
182912775,2375491,ms,Veduruvada
182912852,2375492,ms,Maruturu
182912929,2375493,ms,Duppituru
182913083,2375495,ms,Dharmavaram
182913160,2375496,ms,Haripuram
182913237,2375497,ms,Dharapalem
182913391,2375499,ms,Apparayudupalem
182913468,2375500,ms,Panchadarla
182913622,2375502,ms,Rajakoduru
182913699,2375503,ms,Dibbapalem
182913776,2375504,ms,Krishnampalem
182913853,2375505,ms,Gurjapalem
182914084,2375508,ms,Pudi
182914315,2375511,ms,Kottali
182914469,2375513,ms,Gokivada
182914546,2375514,ms,Venkatapuram
182914931,2375519,ms,Gokulapadu
182915008,2375520,ms,Geddapalem
182915085,2375521,ms,Venkatapuram
182915162,2375522,ms,Karrivanipalem
182915239,2375523,ms,Lingarajupalem
182915316,2375524,ms,Pitlapalem
182915393,2375525,ms,Basavapadu
182915470,2375526,ms,Koruprolu
182915547,2375527,ms,Peda Uppalam
182915624,2375528,ms,Vakapadu
182915778,2375530,ms,Bangarampalem
182915932,2375532,ms,China Uppalam
182916009,2375533,ms,Gurrajupeta
182916086,2375534,ms,Kotta Polavaram
182916163,2375535,ms,Gudivada
182916625,2375541,ms,Velpuguntapalem
182916856,2375544,ms,Narasapuram
182917087,2375547,ms,Kottapeta
182917318,2375550,ms,Marripalem
182917472,2375552,ms,Kalavalapalle
182917626,2375554,ms,Murakada
182917703,2375555,ms,Kumarapalle
182917780,2375556,ms,Rajala
182917934,2375558,ms,Velchuru
182918011,2375559,ms,Appannapalem
182918088,2375560,ms,Kondavaripalem
182918165,2375561,ms,Gorapudi
182918242,2375562,ms,Narappapalem
182918319,2375563,ms,Rambilli
182918396,2375564,ms,Vadapalem
182918550,2375566,ms,Kondaladevunipalem
182918704,2375568,ms,Lovapalem
182918781,2375569,ms,Zirayati Chintuva
182918858,2375570,ms,Sitapalem
182918935,2375571,ms,Ramachandrapuram
182919089,2375573,ms,Lalamkoduru
182919166,2375574,ms,Vasettipalem
182919243,2375575,ms,Bhikhapali
182919705,2375581,ms,Kesanapalle
182919782,2375582,ms,Pedaturakapalem
182919936,2375584,ms,Uppalapadu
182920013,2375585,ms,Ellamanda
182920167,2375587,ms,Chintalpalem
182920244,2375588,ms,Guravayapalem
182920321,2375589,ms,Gonepudi
182920398,2375590,ms,Ekkalivaripalem
182920552,2375592,ms,Kondakavuru
182920783,2375595,ms,Tangedumalle
182920937,2375597,ms,Gurijepalle
182921014,2375598,ms,Edavalli
182921091,2375599,ms,Kotavaripalem
182921168,2375600,ms,Kopparapalem
182921245,2375601,ms,Uppumaguluru
182921399,2375603,ms,Mallayapalem
182921553,2375605,ms,Vemavaram
182921630,2375606,ms,Kondayapaleni
182921784,2375608,ms,Konidena
182921861,2375609,ms,Gangapalle
182921938,2375610,ms,Rajupalem
182922015,2375611,ms,Murikipudi
182922092,2375612,ms,Ramachandrapuram
182922169,2375613,ms,Tatapudi
182922400,2375616,ms,Chintapallipadu
182922477,2375617,ms,Enamadala
182922554,2375618,ms,Gopalavaripalem
182922631,2375619,ms,Boppudi
182922785,2375621,ms,Potavaram
182922862,2375622,ms,Rajapeta
182923170,2375626,ms,Kammavaripalem
182923401,2375629,ms,Ganganapalem
182923478,2375630,ms,Appapuram
182923632,2375632,ms,Baskipuram
182923709,2375633,ms,Irlapadu
182923786,2375634,ms,Endugumpalem
182923863,2375635,ms,Kanuparru
182923940,2375636,ms,Mallayapalem
182924094,2375638,ms,Bukkapuram
182924171,2375639,ms,Rajuvaripalem
182924325,2375641,ms,Gundemvaripalem
182924556,2375644,ms,Tsandavaram
182924787,2375647,ms,Solasa
182924864,2375648,ms,Jangalapalem
182924941,2375649,ms,Tubadu
182925018,2375650,ms,Chirumamilla
182925095,2375651,ms,Lingaraopalem
182925249,2375653,ms,Maidavolu
182925326,2375654,ms,Edlapadu
182925403,2375655,ms,Nadendla
182925480,2375656,ms,Jastvaripalem
182925634,2375658,ms,Jaggapuram
182925711,2375659,ms,Timmapuram
182925865,2375661,ms,Zaladi
182925942,2375662,ms,Ganapavaram
182926019,2375663,ms,Manukondavaripalem
182926404,2375668,ms,Sandepudi
182926481,2375669,ms,Dandamudi
182926635,2375671,ms,Pasumarru
182926943,2375675,ms,Uppalapadu
182927328,2375680,ms,Gudevaripalem
182927405,2375681,ms,Vinjanampadu
182927559,2375683,ms,Anantavaram
182927713,2375685,ms,Garnepudi
182928021,2375689,ms,Chamalavaripalem
182928483,2375695,ms,Vemulanarva
182928560,2375696,ms,Govindapuru
182928637,2375697,ms,Allapadu
182928714,2375698,ms,Rayanapeta
182928791,2375699,ms,Motumari
182928868,2375700,ms,Kakaravai
182929022,2375702,ms,Machinenipalem
182929099,2375703,ms,Kambampadu
182929176,2375704,ms,Talluru
182929407,2375707,ms,Anigandlapadu
182929484,2375708,ms,Gundri
182929561,2375709,ms,Bilaikoni
182929946,2375714,ms,Karat
182930177,2375717,ms,Chinnavalasala
182930254,2375718,ms,Pedavalasala
182930408,2375720,ms,Sivapuram
182930485,2375721,ms,Gummadidurru
182930562,2375722,ms,Subbayagudem
182930716,2375724,ms,Kollikulla
182930870,2375726,ms,Venkatapuram
182930947,2375727,ms,Yenganayakunipalem
182931024,2375728,ms,Konduru
182931101,2375729,ms,Ramireddipalle
182931178,2375730,ms,Veldurtipadu
182931255,2375731,ms,Totacherla
182931332,2375732,ms,Sanagapadu
182931409,2375733,ms,Magallu
182931563,2375735,ms,Munagacherla
182931717,2375737,ms,Pallagiri
182931871,2375739,ms,Chandapuram
182931948,2375740,ms,Raghavapuram
182932025,2375741,ms,Tadigummi
182932102,2375742,ms,Kammavaripalem
182932179,2375743,ms,Gollamudi
182932256,2375744,ms,Vellanki
182932333,2375745,ms,Dachavaram
182932410,2375746,ms,Konatalapalle
182932487,2375747,ms,Rudravaram
182932564,2375748,ms,Chavatapalle
182932641,2375749,ms,Somavaram
182932718,2375750,ms,Damuluru
182932795,2375751,ms,Torragudipadu
182932872,2375752,ms,Chilkuru
182933026,2375754,ms,Pallampalle
182933103,2375755,ms,Konatamatukuru
182933180,2375756,ms,Illuru
182933334,2375758,ms,Vairidhari Annavaram
182933411,2375759,ms,Jonnalagadda
182933488,2375760,ms,Mahadevapuram
182933565,2375761,ms,Rayapatnam
182933642,2375762,ms,Dendkuru
182933719,2375763,ms,Ambarpet
182934258,2375770,ms,Atukuru
182934335,2375771,ms,Kazipuram
182934566,2375774,ms,Siripuram
182934643,2375775,ms,Venkatapuru
182934797,2375777,ms,Tunikipadu
182935336,2375784,ms,Meduru
182935413,2375785,ms,Chennavaram
182935490,2375786,ms,Penugolanu
182935567,2375787,ms,Rajavaram
182936029,2375793,ms,Gosavidu
182936183,2375795,ms,Gangadevipadu
182936260,2375796,ms,Ramakrishnapuru
182936337,2375797,ms,Mulugumadu
182936491,2375799,ms,Takkellapadu
182936722,2375802,ms,Lakshmipuram
182936799,2375803,ms,Mamnuru
182936953,2375805,ms,Doddadevarapadu
182937030,2375806,ms,Tondal Gopavaram
182937107,2375807,ms,Thorlapadu
182937184,2375808,ms,Pegallapadu
182937415,2375811,ms,Pedda Goparam
182937492,2375812,ms,Jayanti
182937569,2375813,ms,Peddapuram
182937723,2375815,ms,Remidicherla
182937800,2375816,ms,Gudem Madhavaram
182937877,2375817,ms,Chattannavaram
182937954,2375818,ms,Chennaraopalem
182938031,2375819,ms,Alluru
182938108,2375820,ms,Timmapuram
182938185,2375821,ms,Bayavaram
182938262,2375822,ms,Duggiralapadu
182938339,2375823,ms,Kandrika
182938493,2375825,ms,Dhamankhunta
182938570,2375826,ms,Khairbadi
182938647,2375827,ms,Hatipanjara
182938724,2375828,ms,Suagpur
182938801,2375829,ms,Chandupala
182939032,2375832,ms,Bhataguda
182939263,2375835,ms,Karatikli
182939340,2375836,ms,Labnipur
182939417,2375837,ms,Badaldei
182939494,2375838,ms,Rajnaguda
182939648,2375840,ms,Gobra
182939725,2375841,ms,Kutrukhamer
182939802,2375842,ms,Badli
182939956,2375844,ms,Gunjuguda
182940033,2375845,ms,Kapsara
182940187,2375847,ms,Funda
182940341,2375849,ms,Chermahul
182940418,2375850,ms,Suruguda
182940726,2375854,ms,Supel
182940880,2375856,ms,Sankriguda
182940957,2375857,ms,Bondaguda
182941188,2375860,ms,Dedar
182941265,2375861,ms,Banjibahal
182941342,2375862,ms,Ambalasa
182941419,2375863,ms,Kasipadar
182941650,2375866,ms,Dundelmal
182941727,2375867,ms,Jilingdhar
182941804,2375868,ms,Kankerimal
182941958,2375870,ms,Makundpur
182942189,2375873,ms,Bengaspadar
182942266,2375874,ms,Ambjor
182943036,2375884,ms,Nagjhari
182943113,2375885,ms,Sargiguda
182943344,2375888,ms,Khanharguda
182943421,2375889,ms,Kitpadar
182943729,2375893,ms,Kusumbara
182943806,2375894,ms,Bundelguda
182943960,2375896,ms,Sankriguda
182944037,2375897,ms,Sirliguda
182944114,2375898,ms,Musiguda
182944191,2375899,ms,Tentulipada
182944268,2375900,ms,Tikrapara
182944499,2375903,ms,Atanguda
182944576,2375904,ms,Beherguda
182944807,2375907,ms,Naringkhola
182945038,2375910,ms,Partala
182945115,2375911,ms,Hirateka
182945654,2375918,ms,Singijharan
182945731,2375919,ms,Phukjori
182946039,2375923,ms,Bangabari
182946116,2375924,ms,Damodapur
182946193,2375925,ms,Karlasuda
182946347,2375927,ms,Kusumdaro
182946424,2375928,ms,Phatapara
182946655,2375931,ms,Borbhata
182946809,2375933,ms,Ghumerguda
182946886,2375934,ms,Baljore
182946963,2375935,ms,Kamthana
182947194,2375938,ms,Kurmachuva
182947271,2375939,ms,Dumal
182947348,2375940,ms,Sankhairmal
182947425,2375941,ms,Tentulichuva
182947502,2375942,ms,Badkhairmal
182947579,2375943,ms,Ghusurigudi
182947656,2375944,ms,Kusumkhunti
182947733,2375945,ms,Bhimdonga
182947810,2375946,ms,Palsijharan
182947887,2375947,ms,Goipeta
182947964,2375948,ms,Thuapadar
182948041,2375949,ms,Dakabahali
182948118,2375950,ms,Jhikimiki
182948349,2375953,ms,Jamunabahal
182948503,2375955,ms,Tentulikhunti
182948580,2375956,ms,Dongaripadar
182948811,2375959,ms,Durapadar
182948965,2375961,ms,Borguda
182949119,2375963,ms,Janakpur
182949273,2375965,ms,Basumatipur
182949427,2375967,ms,Bijepur
182949581,2375969,ms,Sardhapur
182949658,2375970,ms,Gudialipadar
182949812,2375972,ms,Bejipadar
182949889,2375973,ms,Balrampur
182950043,2375975,ms,Ichhapur
182950274,2375978,ms,Saraglanji
182950351,2375979,ms,Jagannathpur
182950428,2375980,ms,Medanipur
182950813,2375985,ms,Damodapur
182950967,2375987,ms,Kenduguda
182951044,2375988,ms,Gotbhata
182951198,2375990,ms,Manoharpur
182951275,2375991,ms,Sripur
182951429,2375993,ms,Kanakpur
182951660,2375996,ms,Sujanpur
182951737,2375997,ms,Kusumsila
182952045,2376001,ms,Pengsur
182952199,2376003,ms,Ranikota
182952276,2376004,ms,Bhatangpadar
182952584,2376008,ms,Palsipara
182952738,2376010,ms,Raksi
182952892,2376012,ms,Sukunabhata
182953200,2376016,ms,Budhipadar
182953277,2376017,ms,Kutraguda
182953431,2376019,ms,Kerandihapur
182953739,2376023,ms,Gudang
182954047,2376027,ms,Sikerguda
182954124,2376028,ms,Dhaurbhata
182954201,2376029,ms,Pokharighat
182954355,2376031,ms,Tal Pipli
182954663,2376035,ms,Upar Pipli
182954817,2376037,ms,Manska
182954894,2376038,ms,Panchkul
182954971,2376039,ms,Jugsaipatna
182955202,2376042,ms,Jajaldeipur
182955279,2376043,ms,Belamal
182955356,2376044,ms,Melanda
182955433,2376045,ms,Dumerbahal
182955895,2376051,ms,Kiapadar
182956280,2376056,ms,Merghara
182956511,2376059,ms,Dalguma
182957050,2376066,ms,Pitmandi
182957127,2376067,ms,Neila
182957281,2376069,ms,Arakperi
182957589,2376073,ms,Dalinguda
182957820,2376076,ms,Dengparsi
182957897,2376077,ms,Srimaska
182958051,2376079,ms,Kaniguma
182958128,2376080,ms,Bhitarguma
182958205,2376081,ms,Tariguda
182958282,2376082,ms,Lotiaguda
182958590,2376086,ms,Pustiguda
182958744,2376088,ms,Khuliaguda
182958898,2376090,ms,Ranidumer
182958975,2376091,ms,Thuamal
182959052,2376092,ms,Odiguna
182959283,2376095,ms,Mardiguda
182959668,2376100,ms,Tunapari
182959822,2376102,ms,Gunjiguda
182959899,2376103,ms,Chhotiguda
182959976,2376104,ms,Jagtipadar
182960746,2376114,ms,Jatangpara
182960823,2376115,ms,Bhataguda
182961054,2376118,ms,Aliguna
182961285,2376121,ms,Madanguda
182961747,2376127,ms,Sargiguda
182961824,2376128,ms,Paiguda
182961978,2376130,ms,Sikriguda
182962132,2376132,ms,Jhulkaguda
182962440,2376136,ms,Manditunes
182962671,2376139,ms,Jodamb
182962825,2376141,ms,Kutraghati
182962902,2376142,ms,Kuliapadar
182962979,2376143,ms,Nehela
182963056,2376144,ms,Betkot
182963441,2376149,ms,Lilingpadar
182963749,2376153,ms,Purunaguma
182964057,2376157,ms,Kukurbhursi
182964211,2376159,ms,Kuang
182964365,2376161,ms,Polingpadar
182964442,2376162,ms,Ranpur
182964673,2376165,ms,Goklamma
182964750,2376166,ms,Kirkicha
182964904,2376168,ms,Usamaska
182965289,2376173,ms,Mohangiri
182965366,2376174,ms,Khakes
182965520,2376176,ms,Tarapadar
182965597,2376177,ms,Nagarundi
182965982,2376182,ms,Uperampadar
182966213,2376185,ms,Dimarpadar
182966290,2376186,ms,Taramundi
182966521,2376189,ms,Panbhata
182966983,2376195,ms,Talbora
182968292,2376212,ms,Malijubang
182968677,2376217,ms,Punjam
182968831,2376219,ms,Panpadar
182969524,2376228,ms,Battarpada
182969909,2376233,ms,Kelwa
182970140,2376236,ms,Palakapada
182970294,2376238,ms,Kandulguda
182970910,2376246,ms,Silet
182971064,2376248,ms,Pindipadar
182971141,2376249,ms,Rupen
182971218,2376250,ms,Dandipadar
182971988,2376260,ms,Domaghati
182972142,2376262,ms,Podakhunti
182972373,2376265,ms,Depur
182972450,2376266,ms,Dongriguda
182972527,2376267,ms,Gunang
182972681,2376269,ms,Sinangbhata
182972835,2376271,ms,Chhatikuda
182972912,2376272,ms,Sanchiching
182972989,2376273,ms,Pajibahali
182973143,2376275,ms,Khasbahali
182973220,2376276,ms,Sankarmal
182973297,2376277,ms,Naktipanimunda
182973374,2376278,ms,Sukunabhata
182973451,2376279,ms,Khaing
182973528,2376280,ms,Ghugurbahali
182973605,2376281,ms,Badchiching
182973759,2376283,ms,Ratul
182974067,2376287,ms,Sapdahoni
182974683,2376295,ms,Lehada
182974760,2376296,ms,Andariguda
182974914,2376298,ms,Gundri
182974991,2376299,ms,Pirol
182975607,2376307,ms,Kabanggiju
182975915,2376311,ms,Hatimunda
182977224,2376328,ms,Kankudru
182977378,2376330,ms,Sulia
182977455,2376331,ms,Kanerla
182978225,2376341,ms,Maskuti
182978456,2376344,ms,Bachka
182979303,2376355,ms,Mataguda
182979380,2376356,ms,Kandma
182979611,2376359,ms,Dandiguda
182979688,2376360,ms,Goipeta
182979765,2376361,ms,Kumudapadar
182979842,2376362,ms,Umeju
182979919,2376363,ms,Ladanggi
182980073,2376365,ms,Janggeriguda
182980304,2376368,ms,Saraguda
182980920,2376376,ms,Kutuguda
182981228,2376380,ms,Panchkudi
182981305,2376381,ms,Nangalbeda
182981382,2376382,ms,Kutingpadar
182981536,2376384,ms,Sapulkucha
182982460,2376396,ms,Dumermunda
182982614,2376398,ms,Hatisal
182982845,2376401,ms,Kumkhal
182983076,2376404,ms,Kumbharpada
182983230,2376406,ms,Dongajori
182983307,2376407,ms,Bandpari
182984000,2376416,ms,Kumbharbaru
182984154,2376418,ms,Mahispeta
182985848,2376440,ms,Kachili
182985925,2376441,ms,Kadaghati
182986233,2376445,ms,Kespadar
182986387,2376447,ms,Jharmunda
182987003,2376455,ms,Karlakupa
182987080,2376456,ms,Barghati
182987157,2376457,ms,Irkul
182987542,2376462,ms,Kiding
182987619,2376463,ms,Madibandh
182987696,2376464,ms,Karkota
182987773,2376465,ms,Nagjhari
182987850,2376466,ms,Tentulipadar
182988081,2376469,ms,Kuchaijor
182988235,2376471,ms,Gopalpur
182988312,2376472,ms,Bhaluchachra
182988543,2376475,ms,Durbhata
182988697,2376477,ms,Kadamguda
182988851,2376479,ms,Gobardhanpur
182988928,2376480,ms,Madhupur
182989005,2376481,ms,Ramchandrapur
182989390,2376486,ms,Sorparu
182989698,2376490,ms,Mundighati
182989852,2376492,ms,Khiksabhata
182990699,2376503,ms,Khaliaguda
182991161,2376509,ms,Tadabala
182991238,2376510,ms,Barabali
182991315,2376511,ms,Gudikhal
182991623,2376515,ms,Kadanibaru
182991854,2376518,ms,Silkodi
182992162,2376522,ms,Sirijhola
182992470,2376526,ms,Boriguda
182993394,2376538,ms,Peremara
182993471,2376539,ms,Benik Pokhari
182993548,2376540,ms,Deraguma
182993702,2376542,ms,Pokharibandh
182994395,2376551,ms,Pokkirigam
182994472,2376552,ms,Dangubadi
182994549,2376553,ms,Sangamvalasa
182994626,2376554,ms,Kadamaguda
182994780,2376556,ms,Ichapur
182994934,2376558,ms,Bijapur
182995242,2376562,ms,Sankulipadar
182995319,2376563,ms,Kendumora
182995473,2376565,ms,Kakadamba
182995550,2376566,ms,Bakatpur
182995704,2376568,ms,Urlang
182995935,2376571,ms,Sukulubhata
182996166,2376574,ms,Lodakachanchada
182996243,2376575,ms,Beriguda
182996397,2376577,ms,Girliguda
182996551,2376579,ms,Loharapadar
182996628,2376580,ms,Purunapani
182996782,2376582,ms,Raghubaru
182996859,2376583,ms,Haripur
182997629,2376593,ms,Jigidi
182997860,2376596,ms,Biripuda
182998014,2376598,ms,Pediguda
182998168,2376600,ms,Sunnakunti
182998399,2376603,ms,Hariharpur
182998553,2376605,ms,Gulangbandh
182998707,2376607,ms,Chandanpur
182998784,2376608,ms,Judabandh
182999323,2376615,ms,Dhandra
182999477,2376617,ms,Bondhuguda
183000170,2376626,ms,Dimiriguda
183000247,2376627,ms,Dhadel
183000324,2376628,ms,Kambaram
183000786,2376634,ms,Ghodapokhari
183000863,2376635,ms,Baliguda
183000940,2376636,ms,Pajibahal
183001171,2376639,ms,Betpadar
183001402,2376642,ms,Patangpadar
183001787,2376647,ms,Bariguda
183001941,2376649,ms,Kumbharguda
183002018,2376650,ms,Thuangpadar
183002095,2376651,ms,Rogaguda
183002172,2376652,ms,Kutingpadar
183002249,2376653,ms,Sindhbhata
183002326,2376654,ms,Karmunda
183002403,2376655,ms,Pradhanipada
183002711,2376659,ms,Tal Kanima
183003327,2376667,ms,Jalkirda
183003481,2376669,ms,Tentikiri
183004328,2376680,ms,Sindupadar
183004405,2376681,ms,Kangcheri
183004482,2376682,ms,Singari
183004636,2376684,ms,Hatimunda
183004944,2376688,ms,Padaliguda
183005098,2376690,ms,Koranja
183005175,2376691,ms,Boriguda
183005252,2376692,ms,Kamatani
183005406,2376694,ms,Gundriguda
183005560,2376696,ms,Deppaguda
183005714,2376698,ms,Kamarraguda
183005868,2376700,ms,Chanchadaguda
183005945,2376701,ms,Kottaguda
183006022,2376702,ms,Adabadi
183006099,2376703,ms,Rabuguda
183006330,2376706,ms,Kaliaguda
183006407,2376707,ms,Pedipadar
183006561,2376709,ms,Giriaguda
183006869,2376713,ms,Purunabhata
183006946,2376714,ms,Kuddabhata
183007100,2376716,ms,Dhamunipanga
183007408,2376720,ms,Jampadar
183007639,2376723,ms,Bariapadu
183007793,2376725,ms,Panchokodi
183007947,2376727,ms,Puramali
183008640,2376736,ms,Tuta
183008717,2376737,ms,Parsali
183008794,2376738,ms,Nirgundri
183009564,2376748,ms,Mayavalli
183009949,2376753,ms,Chatikona
183010026,2376754,ms,Dhaminipanga
183010488,2376760,ms,Patalamba
183010719,2376763,ms,Siyansundarpur
183011104,2376768,ms,Gumma
183011258,2376770,ms,Dongamati
183011874,2376778,ms,Lakkapadar
183012105,2376781,ms,Puldumer
183012567,2376787,ms,Kambesi
183012798,2376790,ms,Bhatajore
183013106,2376794,ms,Balbhadrapur
183013260,2376796,ms,Semilbhata
183013799,2376803,ms,Rengapalli
183014184,2376808,ms,Bandhuguda
183014261,2376809,ms,Kendri
183014492,2376812,ms,Mohanguda
183014569,2376813,ms,Bataguda
183015108,2376820,ms,Tangankona
183015185,2376821,ms,Khajurpadar
183015262,2376822,ms,Maskapadar
183015878,2376830,ms,Turiguda
183015955,2376831,ms,Boringpadar
183016109,2376833,ms,Rasbundel
183016186,2376834,ms,Kutendeli
183016494,2376838,ms,Deppaguda
183016725,2376841,ms,Durkilima
183016802,2376842,ms,Sipapadar
183016956,2376844,ms,Hatipadar
183017187,2376847,ms,Sitarampur
183017418,2376850,ms,Osurapada
183017572,2376852,ms,Lotaguda
183017649,2376853,ms,Jhuliguda
183017803,2376855,ms,Kudilima
183017880,2376856,ms,Khalguda
183018111,2376859,ms,Sarabali
183018265,2376861,ms,Panimunda
183018650,2376866,ms,Kesarapadu
183018727,2376867,ms,Chelianala
183018804,2376868,ms,Karadabandh
183020344,2376888,ms,Kodamaguda
183021114,2376898,ms,Deppaguda
183021730,2376906,ms,Salapajhola
183022192,2376912,ms,Pusuguda
183022269,2376913,ms,Duriguda
183022346,2376914,ms,Dabutikarapada
183022731,2376919,ms,Kerandiguda
183022808,2376920,ms,Bondili
183023039,2376923,ms,Kurli
183023193,2376925,ms,Hingabadi
183023809,2376933,ms,Gondili
183023963,2376935,ms,Bursiguda
183024194,2376938,ms,Pedipadar
183024271,2376939,ms,Porichchaguda
183024348,2376940,ms,Deppaguda
183024425,2376941,ms,Potraguda
183024579,2376943,ms,Berodaliguda
183025195,2376951,ms,Guilakona
183025272,2376952,ms,Burjaguda
183025349,2376953,ms,Sokta
183025503,2376955,ms,Belangbundel
183025888,2376960,ms,Sarachangada
183025965,2376961,ms,Bilasarada
183026119,2376963,ms,Sardapur
183026196,2376964,ms,Jhiripani
183026273,2376965,ms,Biragada
183026581,2376969,ms,Sanjirpani
183026658,2376970,ms,Sikaki
183026966,2376974,ms,Sodangi
183027274,2376978,ms,Lalkuti
183027505,2376981,ms,Tikarapadu
183027659,2376983,ms,Jarapa
183027736,2376984,ms,Doragam
183027890,2376986,ms,Manduru
183028583,2376995,ms,Dhamanpanga
183028660,2376996,ms,Bilamal
183028737,2376997,ms,Khadapanga
183028968,2377000,ms,Silkari
183029045,2377001,ms,Janabali
183029430,2377006,ms,Goiball
183030200,2377016,ms,Pandramunda
183030277,2377017,ms,Badipanga
183030354,2377018,ms,Kutinipadar
183030508,2377020,ms,Gandargam
183030893,2377025,ms,Durupanga
183030970,2377026,ms,Sorigibadi
183031124,2377028,ms,Jobbuguda
183031201,2377029,ms,Karandi
183031278,2377030,ms,Landbadi
183031894,2377038,ms,Dummarigam
183032125,2377041,ms,Gudang
183032202,2377042,ms,Sorigiguda
183032279,2377043,ms,Dimirigam
183032356,2377044,ms,Kalikulutho
183032510,2377046,ms,Sardapur
183032587,2377047,ms,Gattiguda
183033357,2377057,ms,Tikarapadu
183033434,2377058,ms,Nangalabada
183033588,2377060,ms,Baluguda
183033896,2377064,ms,Badepanga
183034435,2377071,ms,Kineri
183034589,2377073,ms,Karinja
183034743,2377075,ms,Gumma
183034820,2377076,ms,Duppi
183034974,2377078,ms,Pagarpad
183035128,2377080,ms,Rajam
183035590,2377086,ms,Tuakola
183035821,2377089,ms,Asabali
183035898,2377090,ms,Jalipadar
183035975,2377091,ms,Burlabaru
183036052,2377092,ms,Rangaparu
183036360,2377096,ms,Kumudi
183036437,2377097,ms,Germel
183037361,2377109,ms,Jalasapeta
183037438,2377110,ms,Biramila
183037592,2377112,ms,Kalisabada
183037823,2377115,ms,Kaklanga
183037900,2377116,ms,Kadama
183038285,2377121,ms,Jarighati
183038439,2377123,ms,Madaguda
183038593,2377125,ms,Haripur
183038978,2377130,ms,Sutaghati
183039055,2377131,ms,Kalangura
183039132,2377132,ms,Bandika
183039363,2377135,ms,Kesariguda
183039440,2377136,ms,Dengaguda
183039517,2377137,ms,Adangamal
183039594,2377138,ms,Sanaguda
183040287,2377147,ms,Ulnar
183040364,2377148,ms,Kutaguda
183040441,2377149,ms,Chilkuhutti
183040826,2377154,ms,Pancirot
183040980,2377156,ms,Malepalle
183041134,2377158,ms,Nadimpalem
183041519,2377163,ms,Vankayalapadu
183041673,2377165,ms,Unnava
183041827,2377167,ms,Gottipadu
183041904,2377168,ms,Karuchola
183041981,2377169,ms,Ganikepudi
183042135,2377171,ms,Kopparru
183042212,2377172,ms,Guttavaripalem
183042289,2377173,ms,Turlapadu
183042366,2377174,ms,Annavaram
183042443,2377175,ms,Annaparru
183042520,2377176,ms,Varagani
183042597,2377177,ms,Rajupalem
183042674,2377178,ms,Palaparru
183042751,2377179,ms,Paritalavaripalem
183042905,2377181,ms,Tanniruvanipalem
183042982,2377182,ms,Inagallu
183043059,2377183,ms,Chinanandi Padu
183043136,2377184,ms,Timmarajupalem
183043213,2377185,ms,Chennubhatlapalem
183043290,2377186,ms,Devarapalle
183043367,2377187,ms,Adusumalli
183043675,2377191,ms,Bhusayyapalem
183043829,2377193,ms,Kondapatur
183043906,2377194,ms,Garlapadu
183044060,2377196,ms,Pedanandipadu
183044214,2377198,ms,Kommuru
183044291,2377199,ms,Peddivaripalem
183044368,2377200,ms,Kakumanu
183044445,2377201,ms,Pusulur
183044522,2377202,ms,Katrapadu
183044599,2377203,ms,Gogulamudi
183044753,2377205,ms,Medavaripalem
183044830,2377206,ms,Vangipuram
183044907,2377207,ms,Pamidivaripalem
183044984,2377208,ms,Ravipadu
183045215,2377211,ms,Mallayapalem
183045292,2377212,ms,Nannapanenivaripalem
183045369,2377213,ms,Timmapuram
183045446,2377214,ms,Pallapadu
183045831,2377219,ms,Gorijavoluguntapalem
183045908,2377220,ms,Nimmagaddavaripalem
183045985,2377221,ms,Yamarru
183046062,2377222,ms,Garapadu
183046216,2377224,ms,Chintapallipadu
183046293,2377225,ms,Borravaripalem
183046370,2377226,ms,Kondepadu
183046447,2377227,ms,Tikkireddipalem
183046524,2377228,ms,Koyavaripalem
183046601,2377229,ms,Enamadala
183046832,2377232,ms,Dasaripalem
183046986,2377234,ms,Kornepadu
183047063,2377235,ms,Pullaigunta
183047217,2377237,ms,Venginampadu
183047371,2377239,ms,Chamallamudi
183047602,2377242,ms,Anantavarappadu
183047679,2377243,ms,Godavarru
183047756,2377244,ms,Katrapadu
183047833,2377245,ms,Vatticherukuru
183047987,2377247,ms,Lemallepadu
183048141,2377249,ms,Kovelamudi
183048218,2377250,ms,Lingaguntapalem
183048295,2377251,ms,Karempudipadu
183048372,2377252,ms,Mutluru
183048449,2377253,ms,Zupudi
183048526,2377254,ms,Kothakollimarla
183048680,2377256,ms,Kondamoluvaripalem
183048834,2377258,ms,Vallur
183048988,2377260,ms,Ballukhanudipalem
183049142,2377262,ms,Pandrapadu
183049219,2377263,ms,Mannava
183049373,2377265,ms,Garikepadu
183049450,2377266,ms,Bandlavaripalem
183049604,2377268,ms,Pedapalem
183049681,2377269,ms,Kotivanipalem
183049758,2377270,ms,Appapuram
183049835,2377271,ms,Retur
183049912,2377272,ms,Gopapuram
183050066,2377274,ms,Bodipalem
183051067,2377287,ms,Polebeda
183051221,2377289,ms,Choknar
183051683,2377295,ms,Durkatanga
183051760,2377296,ms,Patharliguda
183051991,2377299,ms,Dabdi Guda
183052145,2377301,ms,Suachondi
183052222,2377302,ms,Sanra
183052453,2377305,ms,Amadula
183052530,2377306,ms,Kongera
183053377,2377317,ms,Khandiguda
183053531,2377319,ms,Kumhrawand
183053608,2377320,ms,Barda
183053762,2377322,ms,Muli
183053839,2377323,ms,Samalnar
183054147,2377327,ms,Badaguda
183054763,2377335,ms,Matnar
183055071,2377339,ms,Kosthaguda
183055148,2377340,ms,Mangnar
183055456,2377344,ms,Narawand
183055610,2377346,ms,Chiurgam
183055918,2377350,ms,Mailbeda
183056149,2377353,ms,Kolawati
183056457,2377357,ms,Tarenga
183056611,2377359,ms,Malbeda
183056842,2377362,ms,Jhalyaguda
183056919,2377363,ms,Kaniki
183057304,2377368,ms,Karpawand
183057766,2377374,ms,Sonpur
183058228,2377380,ms,Pahurbel
183058613,2377385,ms,Pharasgam
183058767,2377387,ms,Chhinari
183058998,2377390,ms,Sivna Guda
183059383,2377395,ms,Pikatidhanua
183059922,2377402,ms,Godadhanua
183060076,2377404,ms,Paidapalli
183060153,2377405,ms,Bhandariguda
183060384,2377408,ms,Saraldhanua
183060692,2377412,ms,Santospur
183061077,2377417,ms,Teliguda
183061308,2377420,ms,Padargam
183061539,2377423,ms,Churahandi
183061693,2377425,ms,Kumbharguda
183061770,2377426,ms,Kenduguda
183061847,2377427,ms,Mirimunda
183061924,2377428,ms,Sikaraguda
183062001,2377429,ms,Doraiguda
183062155,2377431,ms,Durkabeda
183062309,2377433,ms,Dondaguda
183062617,2377437,ms,Badlawand
183062848,2377440,ms,Keragam
183063002,2377442,ms,Nuaguda
183063387,2377447,ms,Baikguda
183063618,2377450,ms,Sana Deoda
183063695,2377451,ms,Bada Deoda
183064157,2377457,ms,Chelipadar
183064542,2377462,ms,Mudiliguda
183064619,2377463,ms,Toriguda
183064696,2377464,ms,Papuni
183064773,2377465,ms,Bondimal
183064850,2377466,ms,Badakhuna
183065543,2377475,ms,Kurupa
183065851,2377479,ms,Satlawand
183066313,2377485,ms,Bedaguda
183066390,2377486,ms,Cholnar
183066467,2377487,ms,Amaguda
183066621,2377489,ms,Nenganar
183067006,2377494,ms,Pandanar
183067083,2377495,ms,Sargipal
183067160,2377496,ms,Deoda
183067468,2377500,ms,Rajnagar
183067699,2377503,ms,Dasapal
183067776,2377504,ms,Dhodrapal
183067853,2377505,ms,Kachnar
183068084,2377508,ms,Balikonta
183068315,2377511,ms,Asna
183068546,2377514,ms,Jhar Umargam
183068623,2377515,ms,Timasguda
183068700,2377516,ms,Nakhaguda
183069085,2377521,ms,Junawani
183069316,2377524,ms,Bhataguda
183069855,2377531,ms,Tusel
183070009,2377533,ms,Sundiguda
183070240,2377536,ms,Nayanar
183070394,2377538,ms,Korpal
183070471,2377539,ms,Dogam
183070548,2377540,ms,Jatam
183071087,2377547,ms,Bilori
183071164,2377548,ms,Podaguda
183071318,2377550,ms,Bhataguda
183071472,2377552,ms,Kakapal
183071626,2377554,ms,Hatguda
183071934,2377558,ms,Khamargam
183072088,2377560,ms,Morathpalli
183072165,2377561,ms,Ganjaguda
183072473,2377565,ms,Bijaput
183072550,2377566,ms,Ukanpal
183072627,2377567,ms,Karanpur
183072781,2377569,ms,Adwal
183072935,2377571,ms,Machkot
183073166,2377574,ms,Kopaguda
183073320,2377576,ms,Anjanaguda
183073551,2377579,ms,Markel
183073628,2377580,ms,Bagguda
183074244,2377588,ms,Garawand Khurd
183074321,2377589,ms,Kumhrawand
183074475,2377591,ms,Dongriguda
183074552,2377592,ms,Chilkuhuti
183074629,2377593,ms,Madpal
183074937,2377597,ms,Balputti
183075168,2377600,ms,Ulnar
183075553,2377605,ms,Gumdel
183075630,2377606,ms,Rampal
183075707,2377607,ms,Bhaluguda
183076015,2377611,ms,Tarapur
183076246,2377614,ms,Bhejripadar
183076323,2377615,ms,Kosmi
183076785,2377621,ms,Dabguda
183076862,2377622,ms,Korta
183077016,2377624,ms,Pithapur
183077170,2377626,ms,Nalpawand
183077247,2377627,ms,Jhitkaguda
183077324,2377628,ms,Majhidhanua
183077786,2377634,ms,Harduli
183077940,2377636,ms,Anchula
183078325,2377641,ms,Umargam
183078402,2377642,ms,Badaguda
183078479,2377643,ms,Holdiguda
183078710,2377646,ms,Mankidi
183078864,2377648,ms,Sana Ambada
183078941,2377649,ms,Tunkaguda
183079018,2377650,ms,Porligam
183079172,2377652,ms,Ukyapalli
183079249,2377653,ms,Gojagam
183079480,2377656,ms,Dongriguda
183079634,2377658,ms,Belgam
183079711,2377659,ms,Binjili
183079865,2377661,ms,Kidingipadar
183080173,2377665,ms,Bhejapadar
183080250,2377666,ms,Vikrampur
183080327,2377667,ms,Alupadar
183080404,2377668,ms,Sutipadar
183080481,2377669,ms,Kasturi
183080558,2377670,ms,Chokawada
183080789,2377673,ms,Piringi
183080866,2377674,ms,Chandili
183080943,2377675,ms,Sindigam
183081020,2377676,ms,Ambogam
183081174,2377678,ms,Erapalli
183081251,2377679,ms,Piplahandi
183081328,2377680,ms,Lahanja
183081405,2377681,ms,Birahandi
183081482,2377682,ms,Surli
183081559,2377683,ms,Majhiguda
183081790,2377686,ms,Nangur
183082406,2377694,ms,Sadgud
183082560,2377696,ms,Sidmur
183082637,2377697,ms,Benglur
183082714,2377698,ms,Potiyapal
183083022,2377702,ms,Puspal
183083099,2377703,ms,Dhaniyalur
183083407,2377707,ms,Kawalikalan
183083484,2377708,ms,Kolavada
183083638,2377710,ms,Guriapal
183083715,2377711,ms,Milkulwada
183084100,2377716,ms,Chachalgur
183084254,2377718,ms,Bamnaras
183084331,2377719,ms,Koleng
183084485,2377721,ms,Chindgur
183084716,2377724,ms,Gumalvada
183084870,2377726,ms,Kaliaguda
183085101,2377729,ms,Talur
183085255,2377731,ms,Sirivada
183085332,2377732,ms,Pujariguda
183085486,2377734,ms,Bodopoda
183085640,2377736,ms,Majjiguda
183085948,2377740,ms,Oragal
183086487,2377747,ms,Sarangapalle
183086795,2377751,ms,Sargiguda
183086872,2377752,ms,Kanserput
183087411,2377759,ms,Nuaguda
183087488,2377760,ms,Kaliaguda
183087796,2377764,ms,Muchikirasi
183087873,2377765,ms,Pujariguda
183088027,2377767,ms,Bandaripanagamu
183088258,2377770,ms,Mattiguda
183088489,2377773,ms,Ravanguda
183088566,2377774,ms,Durkaguda
183088643,2377775,ms,Daniguda
183088951,2377779,ms,Paknaguda
183089105,2377781,ms,Patroguda
183089259,2377783,ms,Putiaguda
183089336,2377784,ms,Kauduguda
183089567,2377787,ms,Damapada
183089644,2377788,ms,Kupliguda
183089721,2377789,ms,Mundaguda
183089875,2377791,ms,Sariguda
183090106,2377794,ms,Doraguda
183090260,2377796,ms,Marriguda
183090568,2377800,ms,Siraguda
183090799,2377803,ms,Katiguda
183090953,2377805,ms,Dumaliguda
183091030,2377806,ms,Pangam
183091184,2377808,ms,Badaguda
183091261,2377809,ms,Bandaguda
183091338,2377810,ms,Majhiguda
183091415,2377811,ms,Kakaraguda
183091492,2377812,ms,Purunaguda
183091877,2377817,ms,Kongurabeda
183091954,2377818,ms,Barabeda
183092262,2377822,ms,Chendagagumma
183092416,2377824,ms,Biranpal
183092570,2377826,ms,Mandapalle
183093032,2377832,ms,Guruguda
183093263,2377835,ms,Koduguguda
183093417,2377837,ms,Bara
183093494,2377838,ms,Kopra
183093571,2377839,ms,Dongarase
183093725,2377841,ms,Lakaguda
183094110,2377846,ms,Lokitiguda
183094187,2377847,ms,Sarangapalle
183094418,2377850,ms,Tentuligumma
183094572,2377852,ms,Dandabada
183095342,2377862,ms,Singalguda
183095496,2377864,ms,Kenduguda
183095573,2377865,ms,Durkajodi
183095804,2377868,ms,Majhiguda
183095881,2377869,ms,Pujariguda
183096266,2377874,ms,Madakaguda
183096882,2377882,ms,Ramaguda
183096959,2377883,ms,Burudiguda
183097498,2377890,ms,Mandukali
183097575,2377891,ms,Daiguda
183097806,2377894,ms,Maliguda
183097883,2377895,ms,Patroguda
183097960,2377896,ms,Bamanguda
183098345,2377901,ms,Baliguda
183098576,2377904,ms,Padaguda
183099115,2377911,ms,Boipariguda
183099192,2377912,ms,Mundagor
183099269,2377913,ms,Kadduguda
183099346,2377914,ms,Koiluguda
183099962,2377922,ms,Pullapalle
183100193,2377925,ms,Sargiguda
183100424,2377928,ms,Tapaguda
183100501,2377929,ms,Marakapalle
183100655,2377931,ms,Kaudiguda
183100809,2377933,ms,Gongola
183101117,2377937,ms,Potrel
183101194,2377938,ms,Tarlakota
183101887,2377947,ms,Kopeguda
183101964,2377948,ms,Sindhiguda
183102118,2377950,ms,Baliguda
183102195,2377951,ms,Dengaguda
183102580,2377956,ms,Atalguda
183102811,2377959,ms,Pakanaguda
183103196,2377964,ms,Limmuguda
183103273,2377965,ms,Siripeta
183103350,2377966,ms,Tungabala
183103658,2377970,ms,Pujariguda
183103889,2377973,ms,Naikguda
183103966,2377974,ms,Mukaguda
183104043,2377975,ms,Cholanuguda
183104120,2377976,ms,Maliguda
183104351,2377979,ms,Nuaguda
183104890,2377986,ms,Butiguda
183104967,2377987,ms,Podagatta
183105198,2377990,ms,Gobarkunda
183105352,2377992,ms,Nuaguda
183105583,2377995,ms,Sindhiguda
183105814,2377998,ms,Majhiguda
183105968,2378000,ms,Chitapari
183106276,2378004,ms,Lokitiguda
183106430,2378006,ms,Gadiputtu
183106738,2378010,ms,Machaguda
183106815,2378011,ms,Pujariguda
183106892,2378012,ms,Mudiliguda
183106969,2378013,ms,Purunaguma
183107046,2378014,ms,Orangi
183107431,2378019,ms,Guntavada
183107508,2378020,ms,Duppalawada
183107585,2378021,ms,Neredupalle
183107662,2378022,ms,Kumarapalle
183108432,2378032,ms,Kongapakalu
183108740,2378036,ms,Konoguda
183109356,2378044,ms,Asana
183109587,2378047,ms,Dhuruguda
183109664,2378048,ms,Amboguda
183109741,2378049,ms,Udiliaguda
183109818,2378050,ms,Siraguda
183110588,2378060,ms,Pindapoda
183110819,2378063,ms,Sindigam
183111281,2378069,ms,Dalapur
183111512,2378072,ms,Balligam
183112051,2378079,ms,Undariguda
183112128,2378080,ms,Tentuliguda
183112436,2378084,ms,Doraguda
183112667,2378087,ms,Kundelguda
183113514,2378098,ms,Bodoguda
183113591,2378099,ms,Murja
183113668,2378100,ms,Disariguda
183114053,2378105,ms,Bhaluguda
183114130,2378106,ms,Koraguda
183114361,2378109,ms,Paknaguda
183114438,2378110,ms,Majjiguda
183114515,2378111,ms,Jariguda
183114592,2378112,ms,Bondiaguda
183115208,2378120,ms,Prodhaniguda
183116209,2378133,ms,Pukkiaguda
183116286,2378134,ms,Tentulipoda
183116363,2378135,ms,Guntaguda
183116440,2378136,ms,Majjiguda
183116594,2378138,ms,Lachmaguda
183117287,2378147,ms,Banuaguda
183117441,2378149,ms,Kusumguda
183117595,2378151,ms,Kodilimunda
183118288,2378160,ms,Purjaguda
183118442,2378162,ms,Mankidiguda
183118519,2378163,ms,Kaliaguda
183118673,2378165,ms,Pokanaguda
183118750,2378166,ms,Noikera
183118827,2378167,ms,Jiraguda
183118981,2378169,ms,Koudiaguda
183119058,2378170,ms,Narigam
183119289,2378173,ms,Kenduguda
183119366,2378174,ms,Kurupakote
183119443,2378175,ms,Dhisariguda
183119520,2378176,ms,Soraluguda
183119828,2378180,ms,Cherkiaguda
183119982,2378182,ms,Sorigiguda
183120290,2378186,ms,Girliguda
183120444,2378188,ms,Koliapar
183120521,2378189,ms,Umarapondi
183120598,2378190,ms,Aitahandi
183120829,2378193,ms,Bhejahandi
183120983,2378195,ms,Podaikera
183121060,2378196,ms,Solopa
183121291,2378199,ms,Potiaguda
183121984,2378208,ms,Gunjiguda
183122061,2378209,ms,Dharnahandi
183122138,2378210,ms,Khodopo
183122292,2378212,ms,Pujariguda
183122523,2378215,ms,Konga
183122677,2378217,ms,Siboguda
183122908,2378220,ms,Puspuri
183122985,2378221,ms,Sano Jauna
183123062,2378222,ms,Prodhaniputtu
183123216,2378224,ms,Musaljubba
183123370,2378226,ms,Bariaguda
183123447,2378227,ms,Udiliaguda
183123524,2378228,ms,Taraput
183123678,2378230,ms,Baraguda
183123755,2378231,ms,Golliriguda
183123986,2378234,ms,Gorahandi
183124063,2378235,ms,Disariguda
183124525,2378241,ms,Pujariput
183124833,2378245,ms,Girigam
183124910,2378246,ms,Barlahandl
183125064,2378248,ms,Raniputtu
183125372,2378252,ms,Biyaguda
183125449,2378253,ms,Besiguda
183125680,2378256,ms,Kalapada
183125757,2378257,ms,Limmaguda
183125834,2378258,ms,Pujariguda
183126450,2378266,ms,Pujariput
183126527,2378267,ms,Darliguda
183126758,2378270,ms,Jolaguda
183126912,2378272,ms,Mundiguda
183126989,2378273,ms,Ghatyaguda
183127220,2378276,ms,Nadialpalli
183127682,2378282,ms,Pujariput
183127836,2378284,ms,Ghusorla
183127913,2378285,ms,Digapur
183127990,2378286,ms,Kanumuru
183128067,2378287,ms,Anumullanka
183128221,2378289,ms,Vinagadapa
183128298,2378290,ms,Basniguda
183128760,2378296,ms,Gumma
183128837,2378297,ms,Kottapalle
183128991,2378299,ms,Khandniguda
183129222,2378302,ms,Bhejapabli
183129376,2378304,ms,Guntaguda
183129453,2378305,ms,Bhimavaram
183129607,2378307,ms,Goudoguda
183129761,2378309,ms,Buchreddipalem
183129915,2378311,ms,Kasiguda
183130223,2378315,ms,Venkatapuru
183130377,2378317,ms,Doraguda
183130454,2378318,ms,Narasimhapur
183130762,2378322,ms,Banuaguda
183130839,2378323,ms,Morusumilli
183130916,2378324,ms,Mauli
183130993,2378325,ms,Mulakalapenta
183131070,2378326,ms,Purunaguda
183131224,2378328,ms,Paliguda
183131455,2378331,ms,Ganginenipalem
183131686,2378334,ms,Kottapalem
183131763,2378335,ms,Pondugala
183131840,2378336,ms,Anantavaram
183131994,2378338,ms,Sajjapadu
183132071,2378339,ms,Dasullapalem
183132148,2378340,ms,Pulluru
183132225,2378341,ms,Kottagudem
183132379,2378343,ms,Badva
183132533,2378345,ms,Jangalapalle
183132610,2378346,ms,Chandragudem
183132687,2378347,ms,Lakshmipuram
183132764,2378348,ms,Ramachandrapalem
183132841,2378349,ms,Mangapuram
183132995,2378351,ms,Krishnaraopalem
183133072,2378352,ms,Komatikunta
183133226,2378354,ms,Chimalapadu
183133303,2378355,ms,Narikampadu
183133688,2378360,ms,Adajor
183133765,2378361,ms,Barangpas
183134150,2378366,ms,Ladakhaman
183134227,2378367,ms,Derakana
183134458,2378370,ms,Badachekna
183134535,2378371,ms,Kodiguda
183134766,2378374,ms,Atlapragada
183134843,2378375,ms,Pathakonduru
183134920,2378376,ms,Gollamandala
183135074,2378378,ms,Jonnalagadda
183135228,2378380,ms,Teladevarapalle
183135459,2378383,ms,Kotharepudi
183135536,2378384,ms,Repudi
183135690,2378386,ms,Kummarakuntla
183136075,2378391,ms,Madhavaram West
183136229,2378393,ms,Kunaparajuparva
183136306,2378394,ms,Kudapa
183136383,2378395,ms,Rudravaram
183136460,2378396,ms,Reddigudem
183136614,2378398,ms,Narukullapadu
183136691,2378399,ms,Reddikunta
183136845,2378401,ms,Obulapuram
183136922,2378402,ms,Burugagudem
183136999,2378403,ms,Tadugudem
183137076,2378404,ms,Tolukodu
183137153,2378405,ms,Naguluru
183137230,2378406,ms,Sayanapalem
183137307,2378407,ms,Patanaguluru
183137384,2378408,ms,Velvadam
183137461,2378409,ms,Kirtirayanigudem
183137538,2378410,ms,Chandrala
183137769,2378413,ms,Sanachekna
183137846,2378414,ms,Gojapadar
183138308,2378420,ms,Supel
183138385,2378421,ms,Pudagsil
183138616,2378424,ms,Tikrapadar
183138693,2378425,ms,Ghumudisupel
183138770,2378426,ms,Chandgiri
183138924,2378428,ms,Kasnadara
183139001,2378429,ms,Sipijor
183139078,2378430,ms,Rashijhiri
183139155,2378431,ms,Maligam
183139232,2378432,ms,Talpatri
183139309,2378433,ms,Durkhal
183139386,2378434,ms,Lundurukona
183139771,2378439,ms,Ratapada
183139848,2378440,ms,Andirakanch
183139925,2378441,ms,Jhirigam
183140002,2378442,ms,Maikanch
183140233,2378445,ms,Jogipartunda
183140310,2378446,ms,Katali
183140387,2378447,ms,Kanchaguma
183140772,2378452,ms,Baiganguda
183141003,2378455,ms,Perengini
183141080,2378456,ms,Kodipar
183141157,2378457,ms,Naringijodi
183141465,2378461,ms,Kahunguda
183141542,2378462,ms,Phatamunda
183141850,2378466,ms,Badamaribhata
183141927,2378467,ms,Perpa
183142004,2378468,ms,Dumel
183142158,2378470,ms,Champajod
183142389,2378473,ms,Telengir
183142620,2378476,ms,Renga
183142928,2378480,ms,Podabandh
183143005,2378481,ms,Mandijolla
183143159,2378483,ms,Khurigam
183143313,2378485,ms,Gotiguda
183143390,2378486,ms,Kumbharsila
183143467,2378487,ms,Rauthghati
183143852,2378492,ms,Taljhiri
183144006,2378494,ms,Rastuguda
183144160,2378496,ms,Nalachua
183144314,2378498,ms,Kodkipadar
183144391,2378499,ms,Mandibisi
183144468,2378500,ms,Chiliguda
183144545,2378501,ms,Bandapai
183144622,2378502,ms,Kangutumba
183144699,2378503,ms,Jadipai
183144776,2378504,ms,Jhiriguma
183145007,2378507,ms,Kenduguda
183145238,2378510,ms,Rukapadar
183145392,2378512,ms,Siadimal
183145623,2378515,ms,Sarambai
183145700,2378516,ms,Sargipadar
183145931,2378519,ms,Banteji
183146008,2378520,ms,Aliguna
183146393,2378525,ms,Kachalekha
183146470,2378526,ms,Kerpai
183146547,2378527,ms,Tadadoi
183146778,2378530,ms,Melrapa
183146855,2378531,ms,Podapai
183146932,2378532,ms,Talaramba
183147163,2378535,ms,Sadalasa
183147394,2378538,ms,Serkapai
183147548,2378540,ms,Alutunga
183147933,2378545,ms,Kutrumali
183148010,2378546,ms,Singamoi
183148087,2378547,ms,Ranipadar
183148395,2378551,ms,Singapata
183148626,2378554,ms,Lakkapai
183148934,2378558,ms,Potesh
183149088,2378560,ms,Gadramuhi
183149242,2378562,ms,Pusughati
183149319,2378563,ms,Bartibali
183149550,2378566,ms,Usabali
183149704,2378568,ms,Dhabasila
183149858,2378570,ms,Nuaga
183150089,2378573,ms,Kanjangamandi
183150243,2378575,ms,Chirukuli
183150320,2378576,ms,Karanjaguda
183150474,2378578,ms,Satapai
183150551,2378579,ms,Pasangmali
183150705,2378581,ms,Badamatru
183151013,2378585,ms,Kalakhani
183151167,2378587,ms,Otaghati
183151244,2378588,ms,Minakhunti
183151321,2378589,ms,Siripai
183151398,2378590,ms,Ambabali
183151475,2378591,ms,Keshakar
183151706,2378594,ms,Sirlijod
183152014,2378598,ms,Balmaska
183152322,2378602,ms,Badakuanga
183152399,2378603,ms,Kenduputtu
183152630,2378606,ms,Cholanuguda
183152707,2378607,ms,Udilibeda
183152861,2378609,ms,Bodiliguda
183153631,2378619,ms,Ramliguda
183153862,2378622,ms,Pakkanaguda
183154016,2378624,ms,Kusumput
183154478,2378630,ms,Lomtaput
183154632,2378632,ms,Pandraguda
183155171,2378639,ms,Balikund
183155864,2378648,ms,Gadpapada
183156172,2378652,ms,Giddimali
183157558,2378670,ms,Dokripada
183158251,2378679,ms,Katpada
183158559,2378683,ms,Kollar
183158636,2378684,ms,Goniputtu
183158713,2378685,ms,Desariguda
183159252,2378692,ms,Santheput
183159329,2378693,ms,Batriputtu
183159483,2378695,ms,Kendupoda
183159714,2378698,ms,Kiloguda
183159945,2378701,ms,Dalayaguda
183160176,2378704,ms,Pandipoda
183160253,2378705,ms,Pabliguda
183160561,2378709,ms,Doraputtu
183160638,2378710,ms,Potraguda
183160792,2378712,ms,Atalguda
183160869,2378713,ms,Dumdumiguda
183161100,2378716,ms,Gonel
183161485,2378721,ms,Sangda
183161947,2378727,ms,Mundaput
183162332,2378732,ms,Mattikal
183162563,2378735,ms,Jayantigiri
183162640,2378736,ms,Kataguddi
183162948,2378740,ms,Paliguda
183163102,2378742,ms,Kurukuti
183163564,2378748,ms,Malliguda
183163795,2378751,ms,Kodikitunda
183163872,2378752,ms,Gaimundtunda
183164180,2378756,ms,Tikrapada
183164565,2378761,ms,Kuguput
183164796,2378764,ms,Pitajodi
183165027,2378767,ms,Dadaguda
183165258,2378770,ms,Kucheipadar
183165874,2378778,ms,Maskakana
183165951,2378779,ms,Karli
183166105,2378781,ms,Kaliakana
183166336,2378784,ms,Bilamal
183166567,2378787,ms,Gokulamunda
183166798,2378790,ms,Majjiguda
183166875,2378791,ms,Bhitarmuchkuni
183167029,2378793,ms,Kotraguda
183167106,2378794,ms,Daliguda
183167260,2378796,ms,Taldheska
183167337,2378797,ms,Kialput
183167645,2378801,ms,Makapadar
183168030,2378806,ms,Kucher
183168184,2378808,ms,Dokripada
183168261,2378809,ms,Disaliguda
183168492,2378812,ms,Sorishapadara
183168646,2378814,ms,Sanamatikana
183168723,2378815,ms,Mundagam
183169185,2378821,ms,Tikriguda
183169262,2378822,ms,Maliguda
183169416,2378824,ms,Puhundi
183169493,2378825,ms,Mankidi
183169647,2378827,ms,Dakili
183169801,2378829,ms,Talkodigam
183169878,2378830,ms,Sudingaguda
183170032,2378832,ms,Pukesh
183170109,2378833,ms,Mokkaput
183170263,2378835,ms,Nalamari
183170494,2378838,ms,Mahalingaguda
183171033,2378845,ms,Mankadajolla
183171110,2378846,ms,Uppapada
183171187,2378847,ms,Sukriput
183171264,2378848,ms,Ambapoda
183171726,2378854,ms,Bankamb
183171880,2378856,ms,Sindarpadar
183172419,2378863,ms,Kunduput
183172573,2378865,ms,Bariguda
183172650,2378866,ms,Ponasa
183172727,2378867,ms,Tarraguda
183172804,2378868,ms,Kuriguda
183172958,2378870,ms,Domniputtu
183173035,2378871,ms,Chendiguda
183173420,2378876,ms,Bijaguda
183173497,2378877,ms,Panasguda
183173959,2378883,ms,Titijolla
183174036,2378884,ms,Raulipadar
183174498,2378890,ms,Burja
183174575,2378891,ms,Kutrakona
183174652,2378892,ms,Bandikar
183174729,2378893,ms,Chilisanka
183174806,2378894,ms,Minapai
183174960,2378896,ms,Bhitaragura
183175114,2378898,ms,Khalkona
183175191,2378899,ms,Kanapai
183175268,2378900,ms,Sutiguda
183175576,2378904,ms,Dana Panasaguda
183175653,2378905,ms,Rathaguda
183175884,2378908,ms,Bisampur
183176038,2378910,ms,Kendupai
183176192,2378912,ms,Biriguda
183176423,2378915,ms,Kosariguda
183176500,2378916,ms,Phuljubba
183176654,2378918,ms,Kindiripadar
183176731,2378919,ms,Singaramba
183176808,2378920,ms,Sargipadar
183176962,2378922,ms,Pipalpadar
183177039,2378923,ms,Kebidi
183177193,2378925,ms,Panasapadar
183177270,2378926,ms,Borigumma
183177347,2378927,ms,Panchali
183177424,2378928,ms,Kapadang
183177578,2378930,ms,Dharmaguda
183177732,2378932,ms,Maharajguda
183177809,2378933,ms,Punjiguma
183177886,2378934,ms,Kansariguda
183177963,2378935,ms,Titiguda
183178040,2378936,ms,Haridaspur
183178117,2378937,ms,Nakatiguda
183178194,2378938,ms,Anjor
183178271,2378939,ms,Haridabhata
183178348,2378940,ms,Badamatikana
183178425,2378941,ms,Tulsichhapar
183178502,2378942,ms,Jamaguda
183178656,2378944,ms,Panabandh
183178810,2378946,ms,Totaguda
183178887,2378947,ms,Masuripadar
183179041,2378949,ms,Ramaguda
183179118,2378950,ms,Maliguda
183179195,2378951,ms,Kaliapada
183179272,2378952,ms,Thutibar
183179349,2378953,ms,Pitajodi
183179426,2378954,ms,Choranimaribhata
183179503,2378955,ms,Charjodi
183179657,2378957,ms,Upardheska
183179734,2378958,ms,Nishkhal
183179811,2378959,ms,Dangasil
183179888,2378960,ms,Kutmi
183180042,2378962,ms,Khadikajor
183180350,2378966,ms,Kutiniguda
183180427,2378967,ms,Lilipadar
183180581,2378969,ms,Mandiaguda
183180658,2378970,ms,Musupallu
183180735,2378971,ms,Barigam
183180812,2378972,ms,Karajolla
183180889,2378973,ms,Rapukona
183181043,2378975,ms,Punjapai
183182044,2378988,ms,Champikota
183182121,2378989,ms,Ragada
183182506,2378994,ms,Karli
183182737,2378997,ms,Pandakapadar
183183122,2379002,ms,Chuchkona
183183276,2379004,ms,Mardipudi
183183507,2379007,ms,Alingi
183184431,2379019,ms,Bandiguda
183184739,2379023,ms,Bodapada
183184816,2379024,ms,Dattipada
183184970,2379026,ms,Kirsanipada
183185047,2379027,ms,Bandapada
183185124,2379028,ms,Goiguda
183185278,2379030,ms,Dumuripada
183185586,2379034,ms,Battuguda
183185663,2379035,ms,Gangapada
183186202,2379042,ms,Tikorapada
183186279,2379043,ms,Gisingibeda
183186510,2379046,ms,Pinnajangar
183186741,2379049,ms,Sanasiguda
183186818,2379050,ms,Narongijholla
183186895,2379051,ms,Muduliguda
183187434,2379058,ms,Bejjangi
183187511,2379059,ms,Tutagummi
183187819,2379063,ms,Sirlimetta
183187896,2379064,ms,Jamuguda
183188127,2379067,ms,Kumdaguda
183188358,2379070,ms,Handikal
183188435,2379071,ms,Goyilikari
183188666,2379074,ms,Madalabanda
183188743,2379075,ms,Burugumetta
183188820,2379076,ms,Mulaputtu
183188897,2379077,ms,Mukkiputtu
183189051,2379079,ms,Baluguda
183189205,2379081,ms,Jantri
183189359,2379083,ms,Tabalaguda
183189436,2379084,ms,Kondagabul
183189590,2379086,ms,Arlapada
183189821,2379089,ms,Borramamidi
183189975,2379091,ms,Malgurayi
183190052,2379092,ms,Garram
183190129,2379093,ms,Siragamputtu
183190514,2379098,ms,Ronganiguda
183190591,2379099,ms,Tusaipada
183191053,2379105,ms,Dabguda
183192131,2379119,ms,Sendiguda
183192516,2379124,ms,Andrakal
183192670,2379126,ms,Katamguda
183193286,2379134,ms,Chompaputtu
183193440,2379136,ms,Dumdaguda
183194133,2379145,ms,Mukkaputtu
183194441,2379149,ms,Vandrangulu
183194518,2379150,ms,Goliputtu
183194595,2379151,ms,Solagamputtu
183195134,2379158,ms,Asorada
183195288,2379160,ms,Adalputtu
183195442,2379162,ms,Ramputtu
183195519,2379163,ms,Kenduputtu
183195904,2379168,ms,Biriguda
183196289,2379173,ms,Arlarputtu
183196366,2379174,ms,Dabguda
183196828,2379180,ms,Adarlodi
183196905,2379181,ms,Antabongu
183197059,2379183,ms,Mettaguda
183197213,2379185,ms,Marriputtu
183197290,2379186,ms,Ramalu
183197675,2379191,ms,Duliputtu
183197906,2379194,ms,Kumdiputtu
183198137,2379197,ms,Adalputtu
183198291,2379199,ms,Gunachellamma
183198445,2379201,ms,Babsala
183198907,2379207,ms,Kandrunguvalasa
183199061,2379209,ms,Garivada
183199215,2379211,ms,Burlada
183199292,2379212,ms,Mukkiputtu
183199369,2379213,ms,Peda Lova
183199600,2379216,ms,Buradagunta
183199754,2379218,ms,Jarjulu
183200139,2379223,ms,Gaidalmamidi
183200370,2379226,ms,Duluputtu
183200755,2379231,ms,Jaripada
183200909,2379233,ms,Rundiloputtu
183201140,2379236,ms,Peddaputtu
183201371,2379239,ms,Busiputtu
183201448,2379240,ms,Tangulu
183201679,2379243,ms,Nandimetta
183201910,2379246,ms,Guralbayalu
183202218,2379250,ms,Tankaputtu
183202449,2379253,ms,Salemputtu
183202834,2379258,ms,Tamarupalle
183202988,2379260,ms,Koravangi
183203373,2379265,ms,Kumda
183203450,2379266,ms,Siragamputtu
183203681,2379269,ms,Bangarumetta
183203758,2379270,ms,Buradagunta
183203835,2379271,ms,Konaputtu
183203912,2379272,ms,Poipalle
183203989,2379273,ms,Pedakonda
183204143,2379275,ms,Ambapoda
183204759,2379283,ms,Sanakuanga
183205144,2379288,ms,Dimiriguda
183205529,2379293,ms,Kenduguda
183205991,2379299,ms,Binaspur
183206068,2379300,ms,Siripuram
183206145,2379301,ms,Kosiguda
183206299,2379303,ms,Narayanapur
183206530,2379306,ms,Patubanda
183206838,2379310,ms,Sulipadra
183206992,2379312,ms,Kusumusila
183207762,2379322,ms,Petlaguda
183207916,2379324,ms,Pujariguda
183207993,2379325,ms,Rayulaguda
183208224,2379328,ms,Dullimiguda
183208455,2379331,ms,Majjiguda
183208686,2379334,ms,Boddaguda
183208994,2379338,ms,Pandrapada
183209148,2379340,ms,Panasuguda
183209687,2379347,ms,Deppaguda
183209764,2379348,ms,Deulabadi
183210226,2379354,ms,Kudari
183210303,2379355,ms,Jambuguda
183210457,2379357,ms,Bhitardaraba
183210688,2379360,ms,Jakudi
183210765,2379361,ms,Kanipai
183210996,2379364,ms,Kotlangi
183211073,2379365,ms,Birada
183211150,2379366,ms,Sikopai
183211381,2379369,ms,Narangabadi
183212074,2379378,ms,Balamaska
183212151,2379379,ms,Tummitarai
183212459,2379383,ms,Podikuchha
183212536,2379384,ms,Deulabadi
183212613,2379385,ms,Balapai
183212690,2379386,ms,Parlapai
183213075,2379391,ms,Lambiri
183213306,2379394,ms,Lakkapai
183213460,2379396,ms,Dumapai
183213768,2379400,ms,Perabadi
183213845,2379401,ms,Sirindabadi
183213999,2379403,ms,Tadiguda
183214153,2379405,ms,Kesangi
183214307,2379407,ms,Pedaska Rambu
183214538,2379410,ms,Deulagumma
183214692,2379412,ms,Pediskakolang
183214769,2379413,ms,Eskodi
183214846,2379414,ms,Sankesu
183214923,2379415,ms,Sorupalli
183215000,2379416,ms,Revatiguda
183215154,2379418,ms,Karlakona
183215231,2379419,ms,Aguru
183215308,2379420,ms,Gadabaguda
183215462,2379422,ms,Kurumpeta
183215539,2379423,ms,Rengalpadu
183215616,2379424,ms,Nelibadi
183215693,2379425,ms,Antamada
183216155,2379431,ms,Dondili
183216232,2379432,ms,Gobarapalli
183216309,2379433,ms,Kuntubadi
183216386,2379434,ms,Patraputti
183216925,2379441,ms,Pedaguda
183217002,2379442,ms,Gummapai
183217079,2379443,ms,Jarapa
183217156,2379444,ms,Randikona
183217233,2379445,ms,Boddapadu
183217310,2379446,ms,Rampuram
183218003,2379455,ms,Pangali
183218388,2379460,ms,Chintaliguda
183218619,2379463,ms,Dantalingi
183218696,2379464,ms,Karnipadu
183218773,2379465,ms,Pinda
183218850,2379466,ms,Belukona
183219081,2379469,ms,Ringabadi
183219158,2379470,ms,Pidia
183219235,2379471,ms,Kirakalapadu
183219312,2379472,ms,Gummiguda
183219543,2379475,ms,Mandibhata
183220005,2379481,ms,Pomada
183220467,2379487,ms,Kusumghati
183220621,2379489,ms,Baminiguda
183220775,2379491,ms,Pradhaniguda
183221083,2379495,ms,Majjibondali
183221314,2379498,ms,Partibadi
183221622,2379502,ms,Poligam
183221699,2379503,ms,Tikarapadu
183221776,2379504,ms,Sunakondi
183221853,2379505,ms,Sana Littapuli
183222546,2379514,ms,Patalamba
183222623,2379515,ms,Bariguda
183222700,2379516,ms,Ranibanda
183222777,2379517,ms,Chatikona
183223239,2379523,ms,Sana Gottiguda
183223316,2379524,ms,Mundapai
183224163,2379535,ms,Papikunthi
183224317,2379537,ms,Potraguda
183224471,2379539,ms,Sanobrundabadi
183224779,2379543,ms,Bandakaranja
183224856,2379544,ms,Podibhata
183225318,2379550,ms,Kindili
183225549,2379553,ms,Banapuram
183225780,2379556,ms,Tarapali
183226165,2379561,ms,Burjaguda
183226242,2379562,ms,Relibadigam
183226473,2379565,ms,Polipenda
183226704,2379568,ms,Kartikaguda
183226935,2379571,ms,Nellibhadra
183227012,2379572,ms,Birubadi
183227089,2379573,ms,Revatiguda
183227397,2379577,ms,Pindapadar
183227628,2379580,ms,Aribi
183227705,2379581,ms,Pujariguda
183227782,2379582,ms,Gadabaguda
183227859,2379583,ms,Gunakhallu
183228321,2379589,ms,Munisingi
183228629,2379593,ms,Bada Padia
183228706,2379594,ms,Dokuliguda
183228783,2379595,ms,Jagaratiguda
183228860,2379596,ms,Sur Bani Khuzaymah
183229245,2379601,ms,Penta
183229322,2379602,ms,Tamparaguda
183229476,2379604,ms,Sanapadia
183229553,2379605,ms,Kaliaguda
183229630,2379606,ms,Khamasingi
183229861,2379609,ms,Hajarudangu
183230015,2379611,ms,Sirisapadu
183230092,2379612,ms,Kodabhata
183230169,2379613,ms,Dumukupadu
183230323,2379615,ms,Balipanga
183230554,2379618,ms,Jamunda
183230939,2379623,ms,Raikona
183231093,2379625,ms,Kyapadu
183231247,2379627,ms,Pulluguda
183231324,2379628,ms,Pusubadi
183231478,2379630,ms,Karli
183231632,2379632,ms,Kottaganda
183231863,2379635,ms,Jadighati
183232017,2379637,ms,Kumang
183232248,2379640,ms,Tiluru
183232556,2379644,ms,Pullukona
183232633,2379645,ms,Pichudi
183232710,2379646,ms,Kosakona
183232941,2379649,ms,Pendili
183233557,2379657,ms,Lunga
183233634,2379658,ms,Jarapa
183233711,2379659,ms,Sodabadi
183234096,2379664,ms,Mondesu
183234250,2379666,ms,Rutipai
183234558,2379670,ms,Garadi
183235174,2379678,ms,Bilamala
183235482,2379682,ms,Hulakatunda
183235790,2379686,ms,Derka
183235867,2379687,ms,Palaka
183235944,2379688,ms,Mahaguda
183236329,2379693,ms,Rangamguda
183236483,2379695,ms,Ledingi
183236714,2379698,ms,Madapadar
183237022,2379702,ms,Gulimiguda
183237099,2379703,ms,Gusuruguda
183237253,2379705,ms,Kusumputtu
183237407,2379707,ms,Kambesu
183237484,2379708,ms,Kontesu
183237561,2379709,ms,Tadangidongar
183237715,2379711,ms,Champikota
183237792,2379712,ms,Mendinguda
183237946,2379714,ms,Gajigam
183238100,2379716,ms,Jangesu
183238639,2379723,ms,Jangida
183238793,2379725,ms,Tilesu
183239640,2379736,ms,Panasai
183239717,2379737,ms,Pratapuram
183239794,2379738,ms,Bedu
183240102,2379742,ms,Balapadu
183240179,2379743,ms,Tasku
183240487,2379747,ms,Chakrapai
183240641,2379749,ms,Roppa
183241026,2379754,ms,Tadama
183241334,2379758,ms,Disariguda
183241411,2379759,ms,Pitamahuli
183241565,2379761,ms,Manikyajolla
183241642,2379762,ms,Kannili
183241796,2379764,ms,Arjunguda
183241873,2379765,ms,Chintalguda
183242027,2379767,ms,Gurutiguda
183242104,2379768,ms,Nathama
183242181,2379769,ms,Japakhallu
183242874,2379778,ms,Tikarapadu
183243182,2379782,ms,Barijolla
183243567,2379787,ms,Dumaguda
183243952,2379792,ms,Kottaguda
183244029,2379793,ms,Tarlabai
183244106,2379794,ms,Singanapur
183244260,2379796,ms,Jambu
183244337,2379797,ms,Jaraka
183244491,2379799,ms,Paliguda
183244645,2379801,ms,Kolajangi
183244799,2379803,ms,Silitiguda
183244876,2379804,ms,Chandili
183245030,2379806,ms,Taskapadu
183245107,2379807,ms,Basuguda
183245261,2379809,ms,Amlabata
183245338,2379810,ms,Bhujubala
183245415,2379811,ms,Sindhubadi
183246108,2379820,ms,Anakabadi
183246570,2379826,ms,Kuliguda
183246801,2379829,ms,Kuli
183246878,2379830,ms,Karnipadu
183247109,2379833,ms,Kunjabadi
183247263,2379835,ms,Marriguda
183247725,2379841,ms,Pujaribombu
183247802,2379842,ms,Japa
183247879,2379843,ms,Joggaguda
183247956,2379844,ms,Khoiraguda
183248649,2379853,ms,Panubadi
183248803,2379855,ms,Janta
183249111,2379859,ms,Ladda
183249650,2379866,ms,Kundam
183250343,2379875,ms,Banapuram
183250882,2379882,ms,Mamidiguda
183251960,2379896,ms,Rabba
183252037,2379897,ms,Toram
183252114,2379898,ms,Tanku
183252268,2379900,ms,Rasabadi
183252345,2379901,ms,Goipaka
183252576,2379904,ms,Kerandi
183252653,2379905,ms,Kilimesiguda
183252807,2379907,ms,Lumbesu
183252884,2379908,ms,Jurudi
183252961,2379909,ms,Bayasingi
183253038,2379910,ms,Jerabadi
183253192,2379912,ms,Gurusubadi
183253346,2379914,ms,Guriti
183253577,2379917,ms,Endabjadra
183253654,2379918,ms,Kottapeta
183253885,2379921,ms,Tummalapalem
183254116,2379924,ms,Koduru
183254193,2379925,ms,Ganapavaram
183254270,2379926,ms,Tallapalem
183254424,2379928,ms,Gannavaram
183254501,2379929,ms,Surampalle
183254578,2379930,ms,Panasaguda
183254809,2379933,ms,Sunkupadi
183254886,2379934,ms,Urlajodi
183255040,2379936,ms,Jambuguda
183255117,2379937,ms,Munda
183255194,2379938,ms,Kankubadi
183255348,2379940,ms,Kakarmaska
183255425,2379941,ms,Sanokiribiri
183255502,2379942,ms,Buduni
183255733,2379945,ms,Darukona
183255887,2379947,ms,Hajarudangu
183255964,2379948,ms,Ankulpadar
183256041,2379949,ms,Rambu
183256349,2379953,ms,Darukona
183256426,2379954,ms,Kumbhia
183256503,2379955,ms,Karapadi
183256965,2379961,ms,Kapapadar
183257273,2379965,ms,Chalipanga
183257427,2379967,ms,Deppaguda
183257581,2379969,ms,Tediliguda
183257735,2379971,ms,Rachuli
183257889,2379973,ms,Purutiguda
183258197,2379977,ms,Kuntubadi
183258274,2379978,ms,Puvalaguda
183258351,2379979,ms,Pappadamba
183258428,2379980,ms,Karli
183258659,2379983,ms,Purikona
183258736,2379984,ms,Pichchuliguda
183259044,2379988,ms,Rekhapai
183259198,2379990,ms,Kalapai
183259429,2379993,ms,Murtili
183259660,2379996,ms,Kusumpadra
183260353,2380005,ms,Tiggi
183260430,2380006,ms,Surada
183260815,2380011,ms,Kummaiguda
183260969,2380013,ms,Rodangi
183261431,2380019,ms,Ledari
183261508,2380020,ms,Kambesu
183261585,2380021,ms,Padmapuram
183261662,2380022,ms,Bettupadu
183261970,2380026,ms,Badasola
183262201,2380029,ms,Kondachampi
183262278,2380030,ms,Palupai
183263048,2380040,ms,Badu
183263279,2380043,ms,Durukuppi
183263510,2380046,ms,Birbai
183263587,2380047,ms,Kanpulisi
183263664,2380048,ms,Chakkaguda
183264049,2380053,ms,Kankubadi
183264357,2380057,ms,Alubadi
183264434,2380058,ms,Duruguda
183265050,2380066,ms,Lanji
183265127,2380067,ms,Bonduguda
183265281,2380069,ms,Dhumabadi
183265358,2380070,ms,Kalipadar
183265512,2380072,ms,Dharmuguda
183265743,2380075,ms,Panuguda
183265820,2380076,ms,Bondili
183265897,2380077,ms,Tadilota
183266205,2380081,ms,Mutukuhi
183266359,2380083,ms,Kosupadu
183266513,2380085,ms,Dondapadu
183266590,2380086,ms,Dumburunelli
183266667,2380087,ms,Mundipadar
183266744,2380088,ms,Boriguda
183266821,2380089,ms,Lotaguda
183267206,2380094,ms,Jamipadar
183267360,2380096,ms,Papikhallu
183267591,2380099,ms,Jumba
183267899,2380103,ms,Kajju
183268438,2380110,ms,Kuntubadi
183269131,2380119,ms,Kona
183269208,2380120,ms,Naringipanga
183269285,2380121,ms,Pattapadar
183269362,2380122,ms,Daragudi
183269439,2380123,ms,Disaripadu
183269516,2380124,ms,Jedipada
183269824,2380128,ms,Mundakota
183269978,2380130,ms,Kidimati
183270209,2380133,ms,Rasakhala
183270440,2380136,ms,Janapanka
183270671,2380139,ms,Pipili
183270902,2380142,ms,Jugapadar
183270979,2380143,ms,Lakabhata
183271595,2380151,ms,Utakabadi
183271826,2380154,ms,Malaguda
183272057,2380157,ms,Kalarimma
183272519,2380163,ms,Delibandh
183272596,2380164,ms,Papikhallu
183272827,2380167,ms,Biripanka
183273212,2380172,ms,Arati
183273289,2380173,ms,Alipadar
183273597,2380177,ms,Rachali
183273828,2380180,ms,Kandakuti
183273905,2380181,ms,Kitadam
183274675,2380191,ms,Dhani
183274752,2380192,ms,Sanaraijhola
183274906,2380194,ms,Khatiguda
183274983,2380195,ms,Gambari
183275137,2380197,ms,Lakkabhata
183275368,2380200,ms,Badaraijhola
183275522,2380202,ms,Kinjiri
183275599,2380203,ms,Muchhilipanka
183275907,2380207,ms,Urlakonda
183276292,2380212,ms,Karlaguda
183276523,2380215,ms,Jigiribhata
183276985,2380221,ms,Jumbaguda
183277062,2380222,ms,Pedapadu
183277293,2380225,ms,Gambari
183277524,2380228,ms,Rambhi
183277678,2380230,ms,Racham
183277755,2380231,ms,Bechhudi
183277986,2380234,ms,Matuguda
183278140,2380236,ms,Pitamahula
183278987,2380247,ms,Saripadu
183279064,2380248,ms,Srikhondi
183279141,2380249,ms,Sukalpadu
183279526,2380254,ms,Udagam Maski
183279603,2380255,ms,Narangubadi
183279834,2380258,ms,Pendili
183279911,2380259,ms,Bankili
183279988,2380260,ms,Tadu
183280142,2380262,ms,Muliguda
183280527,2380267,ms,Kunigadda
183280989,2380273,ms,Mandapalle
183281143,2380275,ms,Lamdampalle
183281913,2380285,ms,Korukonda
183282221,2380289,ms,Kudumulu
183282298,2380290,ms,Suapalle
183282375,2380291,ms,Balapam
183283376,2380304,ms,Burelpanku
183283915,2380311,ms,Peddagondi
183283992,2380312,ms,Vandanpalle
183284069,2380313,ms,Algam
183284685,2380321,ms,Chilukapanasa
183284993,2380325,ms,Killamkota
183285378,2380330,ms,Lichab
183285532,2380332,ms,Garsangi
183285609,2380333,ms,Surtipili
183285686,2380334,ms,Kummargunta
183286533,2380345,ms,Kotturu
183286610,2380346,ms,Jamguda
183286687,2380347,ms,Jadiguda
183286764,2380348,ms,Chitangarh
183286918,2380350,ms,Taraba
183286995,2380351,ms,Gungivada
183287226,2380354,ms,Injeri
183287611,2380359,ms,Puttakota
183287842,2380362,ms,Ginnegarru
183287919,2380363,ms,Gindeli
183288304,2380368,ms,Salepullu
183288381,2380369,ms,Landulu
183288458,2380370,ms,Ginnelakota
183289074,2380378,ms,Korajungi
183289228,2380380,ms,Pittagudlu
183289459,2380383,ms,Dosalbanda
183289844,2380388,ms,Jangamputtu
183289921,2380389,ms,Chinna Uncharangi
183289998,2380390,ms,Pilliputtu
183290152,2380392,ms,Pedda Uncharangi
183290460,2380396,ms,Ranjalmamidi
183290614,2380398,ms,Raimamidi
183290691,2380399,ms,Galeluputtu
183290922,2380402,ms,Gajjangividi
183290999,2380403,ms,Jarsingi
183291153,2380405,ms,Silamkota
183291461,2380409,ms,Dondaraiputtu
183291538,2380410,ms,Moyalagumma
183291846,2380414,ms,Muttalagummi
183291923,2380415,ms,Chilakalputtu
183292000,2380416,ms,Lingeti
183292077,2380417,ms,Kindalam
183292154,2380418,ms,Gandalam
183292231,2380419,ms,Vanagarai
183292308,2380420,ms,Tulam
183292616,2380424,ms,Malliputtu
183292770,2380426,ms,Amdelu
183293386,2380434,ms,Vagapalle
183293771,2380439,ms,Nittaputtu
183293925,2380441,ms,Kondemulu
183294156,2380444,ms,Sirasapalle
183294310,2380446,ms,Nurumati
183294541,2380449,ms,Karakadatu
183294772,2380452,ms,Bodaputtu
183295465,2380461,ms,Gadigunta
183295542,2380462,ms,Chittugummi
183295773,2380465,ms,Bandapalle
183295850,2380466,ms,Valasamamidi
183296312,2380472,ms,Luasingi
183296543,2380475,ms,Vantalamamidi
183296928,2380480,ms,Kitumulu
183297467,2380487,ms,Nitaputtu
183298083,2380495,ms,Dhonopur
183298160,2380496,ms,Hadia
183298237,2380497,ms,Gondiguda
183298314,2380498,ms,Kenduguda
183298699,2380503,ms,Amboguda
183298853,2380505,ms,Mojurumunda
183298930,2380506,ms,Kondaputtu
183299238,2380510,ms,Choragam
183299700,2380516,ms,Sunariguda
183299931,2380519,ms,Lokshmipuro
183300008,2380520,ms,Kolasahandi
183300239,2380523,ms,Bairaguda
183300316,2380524,ms,Jhilimiliguda
183301009,2380533,ms,Panjaguda
183301548,2380540,ms,Souraguda
183301779,2380543,ms,Hordoli
183301933,2380545,ms,Nuaputtu
183302087,2380547,ms,Balia
183302164,2380548,ms,Paliguda
183302626,2380554,ms,Polkaputtu
183302703,2380555,ms,Kunturukhal
183302857,2380557,ms,Chondili
183303011,2380559,ms,Dongorchinchi
183303319,2380563,ms,Bottachinchi
183303396,2380564,ms,Jogiputtu
183303704,2380568,ms,Tankua
183303781,2380569,ms,Dimila
183304243,2380575,ms,Ronganiguda
183304474,2380578,ms,Siriguda
183304782,2380582,ms,Kotta
183305167,2380587,ms,Dhaudapodoro
183305937,2380597,ms,Pondi
183306091,2380599,ms,Deoghati
183306245,2380601,ms,Mundiguda
183306476,2380604,ms,Paliguda
183306553,2380605,ms,Dubili
183306938,2380610,ms,Mundiguda
183307015,2380611,ms,Maliguda
183307323,2380615,ms,Sindiguda
183307477,2380617,ms,Kaliaguda
183307554,2380618,ms,Jaliaguda
183308093,2380625,ms,Puspuri
183308247,2380627,ms,Keraputtu
183308478,2380630,ms,Doraguda
183308555,2380631,ms,Kebidi
183308709,2380633,ms,Cheptaamb
183309171,2380639,ms,Singibondho
183309864,2380648,ms,Pujariputtu
183310326,2380654,ms,Pangiguda
183310403,2380655,ms,Littiguda
183310711,2380659,ms,Baliaguda
183310788,2380660,ms,Boriputtu
183311327,2380667,ms,Lattikota
183311481,2380669,ms,Majjiguda
183311635,2380671,ms,Bansguda
183311789,2380673,ms,Maliguda
183312097,2380677,ms,Chakili
183312713,2380685,ms,Nariaguda
183312944,2380688,ms,Mundaguda
183313329,2380693,ms,Kendar
183313560,2380696,ms,Girliputtu
183313868,2380700,ms,Jodiguda
183313945,2380701,ms,Badamputtu
183314022,2380702,ms,Mandiaguda
183314176,2380704,ms,Litiguda
183314407,2380707,ms,Bilaguda
183314869,2380713,ms,Podoiguda
183314946,2380714,ms,Sukliguda
183315177,2380717,ms,Maliguda
183317025,2380741,ms,Kenduguda
183317179,2380743,ms,Pindapoda
183317256,2380744,ms,Kolab
183317333,2380745,ms,Ambotiguda
183317487,2380747,ms,Maliguda
183317564,2380748,ms,Gunji
183318180,2380756,ms,Gunji
183318411,2380759,ms,Sukriguda
183318488,2380760,ms,Kapuguda
183318642,2380762,ms,Murja
183318950,2380766,ms,Petta
183319104,2380768,ms,Chatra
183319181,2380769,ms,Dabuguda
183319258,2380770,ms,Pambi
183319566,2380774,ms,Kontipadu
183319797,2380777,ms,Choppadi
183320567,2380787,ms,Tukam
183320952,2380792,ms,Partangi
183321029,2380793,ms,Mardangapoda
183321337,2380797,ms,Kangarapada
183321414,2380798,ms,Kona
183321876,2380804,ms,Bodiliguda
183322646,2380814,ms,Raipoda
183322723,2380815,ms,Bondupoda
183322877,2380817,ms,Soyilipoda
183322954,2380818,ms,Poibeda
183323185,2380821,ms,Doraguda
183323493,2380825,ms,Tamba
183324340,2380836,ms,Enugu
183324494,2380838,ms,Marada
183325110,2380846,ms,Bodopoda
183325418,2380850,ms,Pangiputtu
183325957,2380857,ms,Sindiputtu
183326034,2380858,ms,Godiputtu
183326111,2380859,ms,Pujariput
183326265,2380861,ms,Maliputtu
183326496,2380864,ms,Doraputtu
183326804,2380868,ms,Cheliamunda
183327189,2380873,ms,Kadam
183327343,2380875,ms,Mundaguda
183327651,2380879,ms,Durla
183328344,2380888,ms,Bhitoro Chonda
183328421,2380889,ms,Chonda
183328498,2380890,ms,Kodaputtu
183328806,2380894,ms,Kombelu
183329037,2380897,ms,Adalput
183329653,2380905,ms,Malinga
183329730,2380906,ms,Pottanda
183329807,2380907,ms,Changidipoda
183329884,2380908,ms,Doliguda
183329961,2380909,ms,Brahmanaputtu
183330346,2380914,ms,Sankai
183330423,2380915,ms,Kantiguda
183330577,2380917,ms,Tusuba
183330808,2380920,ms,Tikarapara
183330962,2380922,ms,Chandolamunda
183331270,2380926,ms,Samala
183331347,2380927,ms,Paidaputtu
183331578,2380930,ms,Sirisi
183331655,2380931,ms,Balia
183331732,2380932,ms,Mundar
183332271,2380939,ms,Surganaput
183332348,2380940,ms,Mundar
183332579,2380943,ms,Boiguda
183332733,2380945,ms,Paliba
183333041,2380949,ms,Dondaguru
183333118,2380950,ms,Bhimaruputtu
183333195,2380951,ms,Konta
183333426,2380954,ms,Mediputtu
183333734,2380958,ms,Kotakari
183334350,2380966,ms,Sano Pujariputtu
183334658,2380970,ms,Kumaputtu
183334735,2380971,ms,Patropundi
183334812,2380972,ms,Govindapuram
183335043,2380975,ms,Billaputtu
183335120,2380976,ms,Marada
183335274,2380978,ms,Hikimputtu
183335659,2380983,ms,Lamada
183335967,2380987,ms,Lunjangi
183336275,2380991,ms,Durkaputtu
183336429,2380993,ms,Satasemili
183336891,2380999,ms,Sunnampadu
183337199,2381003,ms,Pinapaka
183337276,2381004,ms,Katpudipalem
183337430,2381006,ms,Ibrahimpatnam
183337584,2381008,ms,Ilaprolu
183337661,2381009,ms,Paidurupadu
183337738,2381010,ms,Guntupalli
183337815,2381011,ms,Uddandrayanipalem
183337892,2381012,ms,Lingayapalem
183338046,2381014,ms,Mandadam
183338123,2381015,ms,Yenkatapalem
183338200,2381016,ms,Ambapuram
183338431,2381019,ms,Patapadu
183338508,2381020,ms,Jakkampudi
183338585,2381021,ms,Shahabada
183338662,2381022,ms,Tadepalle
183338739,2381023,ms,Kotturu
183338816,2381024,ms,Kavuluru
183338970,2381026,ms,Velagaleru
183339201,2381029,ms,Kandulapadu
183339278,2381030,ms,Atukuru
183339355,2381031,ms,Chevuturu
183339432,2381032,ms,Vellaturu
183339586,2381034,ms,Kuntamukkala
183339740,2381036,ms,Venkatapuram
183339894,2381038,ms,Nandigama
183340048,2381040,ms,Khandrika
183340433,2381045,ms,Adivinekkalam
183340510,2381046,ms,Gollagudem
183340587,2381047,ms,Kanasanapalle
183340895,2381051,ms,Ramachandrapuram
183340972,2381052,ms,Savarigudem
183341049,2381053,ms,Jakkulanekkalam
183341126,2381054,ms,Vedurupavuluru
183341511,2381059,ms,Kargonda
183341973,2381065,ms,Puturu
183342820,2381076,ms,Bangaramamidi
183342897,2381077,ms,Aradagudem
183343051,2381079,ms,Gadepalle
183343205,2381081,ms,Mandikota
183343513,2381085,ms,Badama
183343667,2381087,ms,Puligondi
183343898,2381090,ms,Mardapalle
183344052,2381092,ms,Konturla
183344206,2381094,ms,Kinchur
183344360,2381096,ms,Marridatu
183344745,2381101,ms,Baithinlanka
183345438,2381110,ms,Lampili
183345592,2381112,ms,Tulharangi
183345669,2381113,ms,Buradamamidi
183345977,2381117,ms,Lingaput
183346439,2381123,ms,Purlu
183347517,2381137,ms,Urlametta
183348056,2381144,ms,Nitamamidi
183348826,2381154,ms,Madrumamidi
183349211,2381159,ms,Kuncharpanaku
183349288,2381160,ms,Solamul
183349365,2381161,ms,Sariyapalli
183349519,2381163,ms,Kumbarisingi
183349827,2381167,ms,Doddapalle
183349904,2381168,ms,Vagepalle
183350212,2381172,ms,Buradamamidi
183350443,2381175,ms,Bangarumetta
183350520,2381176,ms,Biramgisala
183350674,2381178,ms,Karakaput
183350982,2381182,ms,Baringbanda
183351059,2381183,ms,Gundeli
183351521,2381189,ms,Irdapalle
183351598,2381190,ms,Turalmetta
183351906,2381194,ms,Mandikota
183351983,2381195,ms,Bondaput
183352291,2381199,ms,Pakapalle
183352676,2381204,ms,Nereduvalasa
183352753,2381205,ms,Kaviraya
183353061,2381209,ms,Mandiput
183353446,2381214,ms,Kottapilli
183353523,2381215,ms,Bodaput
183354293,2381225,ms,Kottauru
183354370,2381226,ms,Devarpalle
183354601,2381229,ms,Barsingi
183354678,2381230,ms,Gottapalle
183354755,2381231,ms,Gudivada
183355063,2381235,ms,Dalimput
183355140,2381236,ms,Guda
183355371,2381239,ms,Ukkurba
183355448,2381240,ms,Vanabarayi
183355602,2381242,ms,Andarvara
183355910,2381246,ms,Pedagondi
183355987,2381247,ms,Kuluba
183356141,2381249,ms,Dumbagudem
183356680,2381256,ms,Allamput
183356757,2381257,ms,Kankulu
183357296,2381264,ms,Mattam
183357527,2381267,ms,Gamparai
183357758,2381270,ms,Sudriputtu
183357835,2381271,ms,Sirasapalle
183358066,2381274,ms,Galaganda
183358143,2381275,ms,Kasabu
183358374,2381278,ms,Sundruputtu
183358836,2381284,ms,Sobkota
183359221,2381289,ms,Konturla
183359375,2381291,ms,Bijapalle
183359683,2381295,ms,Jadigudem
183359760,2381296,ms,Kaguvalasa
183359914,2381298,ms,Palavalasa
183360222,2381302,ms,Gurralatotam
183360299,2381303,ms,Gerdapalle
183360992,2381312,ms,Nimmalgondi
183361223,2381315,ms,Pettagodal
183361454,2381318,ms,Mullumetta
183361608,2381320,ms,Boddaput
183361762,2381322,ms,Ukkurba
183361916,2381324,ms,Tadigiri
183362224,2381328,ms,Pandimetta
183362532,2381332,ms,Luapalem
183362686,2381334,ms,Machaput
183362840,2381336,ms,Sampangiput
183363456,2381344,ms,Adaramettu
183363533,2381345,ms,Patimamidi
183363610,2381346,ms,Barmanaguda
183364380,2381356,ms,Barapalle
183365381,2381369,ms,Baramasi
183366921,2381389,ms,Vartanpalle
183367152,2381392,ms,Lagisipalli
183367229,2381393,ms,Gurapalle
183367306,2381394,ms,Tamarapalli
183368153,2381405,ms,Nakkagoi
183368230,2381406,ms,Kandringipadu
183368846,2381414,ms,Sangudi
183369308,2381420,ms,Burugechettu
183370232,2381432,ms,Bisalo
183370386,2381434,ms,Bodili Maliguda
183370463,2381435,ms,Solopaguda
183370617,2381437,ms,Sorigiguda
183370925,2381441,ms,Banuaguda
183371156,2381444,ms,Nondigam
183371849,2381453,ms,Kumili
183372080,2381456,ms,Minamal
183372157,2381457,ms,Podamuguda
183372388,2381460,ms,Doliambo
183372465,2381461,ms,Rongoguda
183372542,2381462,ms,Desanaikguda
183372773,2381465,ms,Totamboguda
183373312,2381472,ms,Rajoguda
183373543,2381475,ms,Bodomundaguda
183373928,2381480,ms,Basuputtu
183374005,2381481,ms,Bagraguda
183374236,2381484,ms,Limika
183374698,2381490,ms,Janiguda
183374775,2381491,ms,Bansuguda
183374929,2381493,ms,Purimunda
183375083,2381495,ms,Bilaputtu
183375314,2381498,ms,Doraguda
183375699,2381503,ms,Nigamanuguda
183375853,2381505,ms,Podo Polama
183375930,2381506,ms,Ghatguda
183376623,2381515,ms,Bandaguda
183376777,2381517,ms,Batasili
183377008,2381520,ms,Machliguda
183377162,2381522,ms,Donga Janniguda
183377239,2381523,ms,Mujang
183377316,2381524,ms,Lunjaguda
183377701,2381529,ms,Malimundaguda
183377855,2381531,ms,Podaguda
183377932,2381532,ms,Maliguda
183378779,2381543,ms,Dayiguda
183378856,2381544,ms,Punjasili
183379164,2381548,ms,Chotaguda
183379241,2381549,ms,Batriguda
183379318,2381550,ms,Mundar
183379472,2381552,ms,Doludola
183379549,2381553,ms,Potumari
183379857,2381557,ms,Tamili
183379934,2381558,ms,Gadabaguda
183380088,2381560,ms,Guntraguda
183380627,2381567,ms,Raniguda
183381166,2381574,ms,Banjuguda
183381320,2381576,ms,Sembi
183381628,2381580,ms,Chendaguda
183381782,2381582,ms,Lula
183381859,2381583,ms,Podaguda
183382090,2381586,ms,Kittes
183382398,2381590,ms,Jodipai
183382706,2381594,ms,Kellar
183382783,2381595,ms,Turiguda
183383861,2381609,ms,Niraniguda
183384015,2381611,ms,Charad
183384092,2381612,ms,Bilaputtu
183384939,2381623,ms,Balluguda
183385170,2381626,ms,Jodiguda
183385247,2381627,ms,Litiguda
183385324,2381628,ms,Dummaguda
183385863,2381635,ms,Kardiguda
183386556,2381644,ms,Damonojodi
183386710,2381646,ms,Kurmur
183387403,2381655,ms,Khalbari
183387711,2381659,ms,Kancharlapalem
183387788,2381660,ms,Ainavolu
183387865,2381661,ms,Verlapalem
183388019,2381663,ms,Attota
183388173,2381665,ms,Nidamarru
183388250,2381666,ms,Betapudi
183388327,2381667,ms,Kuragallu
183388404,2381668,ms,Kanteru
183388481,2381669,ms,Kaza
183388635,2381671,ms,Koppuravuru
183388712,2381672,ms,Nambur
183388866,2381674,ms,Gollamudi
183388943,2381675,ms,Uppalapadu
183389790,2381686,ms,Tangellamudi
183389867,2381687,ms,Anumarlapudi
183389944,2381688,ms,Gudivada
183390098,2381690,ms,Yerikalapudi
183390252,2381692,ms,Telaprolu
183390560,2381696,ms,Chintalapudi
183390714,2381698,ms,Imani
183390945,2381701,ms,Penumuli
183391022,2381702,ms,Manchikalapudi
183391099,2381703,ms,Kantamraju Konduru
183391176,2381704,ms,Morampudi
183391330,2381706,ms,Chukkapallivaripalem
183391407,2381707,ms,Perakalapudi
183391715,2381711,ms,Chiluvuru
183391792,2381712,ms,Pedapalem
183391869,2381713,ms,Srungarapuram
183391946,2381714,ms,Pedavadlapudi
183392023,2381715,ms,Chinavadlapudi
183392100,2381716,ms,Revendrapadu
183392254,2381718,ms,Ramachandrapuram
183392331,2381719,ms,Nutakki
183392485,2381721,ms,Gundimeda
183392562,2381722,ms,Ippatam
183392639,2381723,ms,Mellampudi
183392716,2381724,ms,Chirravuru
183392870,2381726,ms,Kanuru
183393101,2381729,ms,Poranki
183393178,2381730,ms,Tadigadapa
183393409,2381733,ms,Chodavaram
183393486,2381734,ms,Vanukuru
183393948,2381740,ms,Madduru
183394102,2381742,ms,Royyuru
183394564,2381748,ms,Attaluruvaripalem
183394641,2381749,ms,Chinapalem
183394718,2381750,ms,Vallabhapuram
183395180,2381756,ms,Pidaparru
183395411,2381759,ms,Chivalur
183395565,2381761,ms,Siripuram
183395719,2381763,ms,Kunchavaram
183395796,2381764,ms,Dantaluru
183395873,2381765,ms,Nelapadu
183395950,2381766,ms,Kottapalem
183396027,2381767,ms,Davuluru
183396335,2381771,ms,Nerukonda
183396412,2381772,ms,Doraputtu
183396720,2381776,ms,Podaguda
183398414,2381798,ms,Charaguda
183398645,2381801,ms,Jogiputtu
183398953,2381805,ms,Semiliput
183399107,2381807,ms,Bijapur
183399184,2381808,ms,Sirasguda
183399261,2381809,ms,Kolab
183399415,2381811,ms,Jamuguda
183400108,2381820,ms,Gullel
183400185,2381821,ms,Siramputtu
183400339,2381823,ms,Dusara
183401263,2381835,ms,Saravati
183401725,2381841,ms,Chingidichua
183402264,2381848,ms,Kurumaput
183402418,2381850,ms,Mangaliguda
183403342,2381862,ms,Karidi
183403650,2381866,ms,Sanganguda
183404035,2381871,ms,Daranguba
183404343,2381875,ms,Lakija
183404651,2381879,ms,Morua
183404805,2381881,ms,Lanjiguda
183404882,2381882,ms,Burudiguda
183405113,2381885,ms,Lakijaguda
183405344,2381888,ms,Bilaguda
183405729,2381893,ms,Maligunja
183406114,2381898,ms,Pattu
183406422,2381902,ms,Gunta
183406653,2381905,ms,Kaputvalasa
183406730,2381906,ms,Jirejira
183406884,2381908,ms,Dusara
183407038,2381910,ms,Solapaguda
183407115,2381911,ms,Lingamguda
183407269,2381913,ms,Sangamguda
183407654,2381918,ms,Chiliguda
183407731,2381919,ms,Deupottangi
183408116,2381924,ms,Hadiguda
183408809,2381933,ms,Billaiguda
183408963,2381935,ms,Sirimanda
183409040,2381936,ms,Gadikamara
183409271,2381939,ms,Doliambo
183409425,2381941,ms,Kundili
183409656,2381944,ms,Maliputtu
183410041,2381949,ms,Pungar
183410118,2381950,ms,Puriakudi
183410195,2381951,ms,Maliguda
183410580,2381956,ms,Ranikona
183410734,2381958,ms,Kantiguda
183411042,2381962,ms,Beraguda
183411196,2381964,ms,Lungiri
183411504,2381968,ms,Banguruguda
183411812,2381972,ms,Manya
183412120,2381976,ms,Maliguda
183412197,2381977,ms,Honjaroguda
183413121,2381989,ms,Nuaputtu
183413275,2381991,ms,Dummaguda
183413583,2381995,ms,Mundariguda
183413968,2382000,ms,Pendajambu
183414199,2382003,ms,Pulbanda
183414507,2382007,ms,Malla
183414584,2382008,ms,Lanjiguda
183414815,2382011,ms,Bhitoro Kota
183414892,2382012,ms,Sorisopodoro
183415046,2382014,ms,Jamukota
183415200,2382016,ms,Kasuguda
183415277,2382017,ms,Turia
183416278,2382030,ms,Giriliguda
183416432,2382032,ms,Bodiliguda
183416509,2382033,ms,Katraguda
183418742,2382062,ms,Miralpad
183418819,2382063,ms,Nondigam
183419127,2382067,ms,Narasapuram
183419204,2382068,ms,Marimanta
183419281,2382069,ms,Chandrupatla
183419358,2382070,ms,Mittagudem
183419512,2382072,ms,Tatakuntla
183419589,2382073,ms,Gauramapalem
183419666,2382074,ms,Maddulaparva
183419974,2382078,ms,Kotturu
183420051,2382079,ms,Venkatayapalem
183420359,2382083,ms,Enamadala
183420513,2382085,ms,Sitarampuram
183420590,2382086,ms,Battulavarigudem
183420667,2382087,ms,Regunta
183420975,2382091,ms,Ramangudem
183421206,2382094,ms,Marikunta
183421283,2382095,ms,Tukkaluru
183421437,2382097,ms,Jangamgudem
183421514,2382098,ms,Devargunta
183421591,2382099,ms,Korlagunta
183421668,2382100,ms,Simhadripuram
183421745,2382101,ms,Potireddipalle
183422130,2382106,ms,Annavaram
183422284,2382108,ms,Mukkollupadu
183422515,2382111,ms,Hanumantunigudem
183422823,2382115,ms,Digavalli
183423054,2382118,ms,Akkireddigudem
183423131,2382119,ms,Kondaparva
183423285,2382121,ms,Surepalle
183423362,2382122,ms,Chittapur
183423439,2382123,ms,Tummagudem
183423516,2382124,ms,Somavaram
183423670,2382126,ms,Gudipadu
183423747,2382127,ms,Janardanavaram
183423901,2382129,ms,Chatrai
183423978,2382130,ms,Polavaram
183424055,2382131,ms,Errampalle
183424132,2382132,ms,Edavalli
183424286,2382134,ms,Kalyanampadu
183424440,2382136,ms,Kottagudem
183424517,2382137,ms,Erravarigudem
183424594,2382138,ms,Lopudi
183424979,2382143,ms,Konijerla
183425056,2382144,ms,Gollapudi
183425133,2382145,ms,Gudipadu
183425210,2382146,ms,Ramachandrapuram
183425364,2382148,ms,Chekkapalle
183425749,2382153,ms,Ellapuram
183425980,2382156,ms,Musunuru
183426134,2382158,ms,Chintalavalli
183426442,2382162,ms,Katrenipadu
183426596,2382164,ms,Challaboinapalle
183426673,2382165,ms,Buruvancha
183426981,2382169,ms,Dhamanpur
183427135,2382171,ms,Balenga
183427212,2382172,ms,Patripara
183427674,2382178,ms,Velpuru
183427751,2382179,ms,Mantena
183427828,2382180,ms,Tenneru
183427905,2382181,ms,Tarigoppula
183427982,2382182,ms,Maredumaka
183428059,2382183,ms,Jagannadhapuram
183428136,2382184,ms,Komitigunta
183428213,2382185,ms,Idupugallu
183428290,2382186,ms,Punadipadu
183428367,2382187,ms,Gollagudem
183428444,2382188,ms,Godavarru
183428521,2382189,ms,Konatanpadu
183428675,2382191,ms,Kolavennu
183428829,2382193,ms,Kunderu
183428906,2382194,ms,Chinapulipaka
183428983,2382195,ms,Prodduturu
183429060,2382196,ms,Boddapadu
183429137,2382197,ms,Davuluru
183429214,2382198,ms,Chalivendrapalem
183429291,2382199,ms,Pedda Ogirala
183429368,2382200,ms,Akunuru
183429522,2382202,ms,Neppalle
183429830,2382206,ms,Vallurupalem
183430138,2382210,ms,Kummamuru
183430215,2382211,ms,Yakamuru
183430369,2382213,ms,Bhaddirazupalem
183430600,2382216,ms,Pamululanka
183430754,2382218,ms,Kollipara
183430985,2382221,ms,Chagantipadu
183431062,2382222,ms,Penamakuru
183431139,2382223,ms,Fatehalanka
183431216,2382224,ms,Devarapalle
183431370,2382226,ms,Gurivindapalle
183431678,2382230,ms,Mulakalapallilanka
183431832,2382232,ms,Iluru
183431909,2382233,ms,Mulakalapalle
183432063,2382235,ms,Kuderu
183432294,2382238,ms,Chennuruvaripalem
183432602,2382242,ms,Meduru
183432679,2382243,ms,Krishnapuram
183432756,2382244,ms,Narayanapuram
183433064,2382248,ms,Mamillapalle
183433141,2382249,ms,Aginiparru
183433526,2382254,ms,Varlapudi
183433603,2382255,ms,Kuchipudi
183433680,2382256,ms,Bhatla Penumarru
183433757,2382257,ms,Pamidimukkala
183433911,2382259,ms,Hanumantapuram
183434065,2382261,ms,Padikondalapalem
183434142,2382262,ms,Mutrasupalem
183434296,2382264,ms,Inampudi
183434450,2382266,ms,Mullapudi
183434527,2382267,ms,Velpuru
183434681,2382269,ms,Kanakavalli
183434835,2382271,ms,Garikaparru
183434989,2382273,ms,Kanumuru
183435143,2382275,ms,Mutrasipalem
183435451,2382279,ms,Gopuvanipalem
183435528,2382280,ms,Marrivada
183435682,2382282,ms,Sayapuram
183436375,2382291,ms,Jabarlapudi
183436683,2382295,ms,Boliapadu
183436760,2382296,ms,Mudunuru
183436837,2382297,ms,Katuru
183436914,2382298,ms,Kandalampadu
183436991,2382299,ms,Manikonda
183437145,2382301,ms,Nandamuru
183437222,2382302,ms,Kalavapamula
183437299,2382303,ms,Ventrapragada
183437376,2382304,ms,Vemanda
183437453,2382305,ms,Indupalle
183437530,2382306,ms,Madhirapadu
183437607,2382307,ms,Bokinala
183437684,2382308,ms,Vempadu
183437838,2382310,ms,Ondrampadu
183437992,2382312,ms,Mukkapadu
183438146,2382314,ms,Chagantipadu
183438223,2382315,ms,Nandivada
183438300,2382316,ms,Nutulapadu
183438454,2382318,ms,Moparru
183438531,2382319,ms,Vinjarampadu
183438685,2382321,ms,Pamulapadu
183438762,2382322,ms,Dulavarigudem
183438839,2382323,ms,Ravulapadu
183438993,2382325,ms,Kornipadu
183439070,2382326,ms,Lakshmipuram
183439147,2382327,ms,Somavarappadu
183439378,2382330,ms,Lingavaram
183439455,2382331,ms,Vanapamula
183439609,2382333,ms,Gurivindagunta
183439686,2382334,ms,Bhushanagulla
183439994,2382338,ms,Pedaparupudi
183440071,2382339,ms,Appikatla
183440148,2382340,ms,Juvvanapudi
183440225,2382341,ms,Kasipudi
183440302,2382342,ms,Chinavanigudem
183440456,2382344,ms,Ramanapudi
183440533,2382345,ms,Tativarru
183440687,2382347,ms,Chinaparupudi
183440841,2382349,ms,Elamarru
183440995,2382351,ms,Komaravolu
183441072,2382352,ms,Addada
183441149,2382353,ms,Ainampudi
183441226,2382354,ms,Pedamaddali
183441303,2382355,ms,Ramanapudi
183441380,2382356,ms,Balliparru
183441534,2382358,ms,Kurumaddali
183441688,2382360,ms,Kondiparru
183441765,2382361,ms,Uruturu
183441842,2382362,ms,Nallagunta
183441996,2382364,ms,Raparla
183442150,2382366,ms,Jujjavaram
183442227,2382367,ms,Polavaram
183442304,2382368,ms,Yankit
183442381,2382369,ms,Chinamuttevi
183442458,2382370,ms,Avurupudi
183442535,2382371,ms,Nemmikuru
183442689,2382373,ms,Undrapudi
183442997,2382377,ms,Uppuluru
183443074,2382378,ms,Harawel
183443305,2382381,ms,Pidhapal
183443459,2382383,ms,Pitispal
183443536,2382384,ms,Dhendra
183443690,2382386,ms,Gharib Matar
183443767,2382387,ms,Jorekera
183443921,2382389,ms,Karmari
183444537,2382397,ms,Khuri
183444691,2382399,ms,Udenga
183444922,2382402,ms,Lubha
183445230,2382406,ms,Jampara
183445384,2382408,ms,Katagaon
183445461,2382409,ms,Jarkanga
183445538,2382410,ms,Budra
183445615,2382411,ms,Lubha
183445769,2382413,ms,Harrigaon
183446154,2382418,ms,Bhatwa
183446462,2382422,ms,Titarwand
183446539,2382423,ms,Odandi
183446616,2382424,ms,Jerjinga
183446847,2382427,ms,Tumada
183447001,2382429,ms,Kaudella
183447078,2382430,ms,Tarangapur
183447309,2382433,ms,Deubharandu
183447386,2382434,ms,Hirri
183447463,2382435,ms,Sargipara
183448002,2382442,ms,Jadapara
183448156,2382444,ms,Hirripara
183448695,2382451,ms,Hakwa
183449003,2382455,ms,Pahurbel
183449080,2382456,ms,Jalangpara
183449157,2382457,ms,Daspur
183449234,2382458,ms,Biripur
183449696,2382464,ms,Udyapur
183450004,2382468,ms,Kapanapara
183450081,2382469,ms,Utenda
183450235,2382471,ms,Jarandi
183450389,2382473,ms,Dongripara
183450466,2382474,ms,Gurusinga
183450620,2382476,ms,Jhakarpara
183450774,2382478,ms,Pirhapal
183450851,2382479,ms,Budrapara
183451082,2382482,ms,Ingra
183451159,2382483,ms,Gamhri
183451236,2382484,ms,Halda
183451313,2382485,ms,Ambapara
183451544,2382488,ms,Mariwada
183451621,2382489,ms,Pitepal
183451775,2382491,ms,Ketulnar
183452083,2382495,ms,Pondum
183452160,2382496,ms,Paturpara
183452237,2382497,ms,Phundri
183452314,2382498,ms,Bangapal
183452468,2382500,ms,Nelasnar
183452545,2382501,ms,Muhander
183452622,2382502,ms,Pharaspal
183452699,2382503,ms,Masodi
183452776,2382504,ms,Pulghata
183452930,2382506,ms,Nilawaya
183453007,2382507,ms,Pedapal
183453623,2382515,ms,Burji
183453700,2382516,ms,Kurus
183454085,2382521,ms,Pidiya
183454470,2382526,ms,Toliwarti
183454778,2382530,ms,Karipara
183455009,2382533,ms,Purngel
183455163,2382535,ms,Andri
183455779,2382543,ms,Vengur
183456164,2382548,ms,Palnar
183456241,2382549,ms,Alnar
183456318,2382550,ms,Jagidi
183456472,2382552,ms,Bandaguda
183456549,2382553,ms,Kialguda
183456626,2382554,ms,Lingaguda
183456857,2382557,ms,Bandaguda
183457088,2382560,ms,Hattikamba
183457242,2382562,ms,Mukundapur
183457550,2382566,ms,Kyamunda
183457627,2382567,ms,Changilimetta
183458012,2382572,ms,Tarlabai
183458320,2382576,ms,Bandaguda
183458397,2382577,ms,Mandiakatta
183458474,2382578,ms,Madaladoni
183458551,2382579,ms,Boimada
183458705,2382581,ms,Girlipadu
183458859,2382583,ms,Karubai
183458936,2382584,ms,Derkapadu
183459090,2382586,ms,Palerupadu
183459475,2382591,ms,Pehala
183459706,2382594,ms,Karubai
183459783,2382595,ms,Janjili
183459860,2382596,ms,Boriguda
183460322,2382602,ms,Agurusola
183460399,2382603,ms,Pankachatra
183460476,2382604,ms,Partikupa
183460707,2382607,ms,Lenda
183461092,2382612,ms,Sindubai
183461400,2382616,ms,Teda
183461554,2382618,ms,Tambalabai
183461862,2382622,ms,Lachhukona
183461939,2382623,ms,Rochipaka
183462170,2382626,ms,Vadajangi
183462247,2382627,ms,Kittalamba
183462324,2382628,ms,Gullalank
183462786,2382634,ms,Nondrukona
183463017,2382637,ms,Pengava
183463094,2382638,ms,Mantrajola
183463171,2382639,ms,Champi
183463556,2382644,ms,Kanasingi
183463633,2382645,ms,Kondukuppa
183463710,2382646,ms,Regalpadu
183463787,2382647,ms,Muliguda
183463864,2382648,ms,Suruni
183464018,2382650,ms,Amasi
183464172,2382652,ms,Kappakallu
183464326,2382654,ms,Tota
183464480,2382656,ms,Tikkabai
183464557,2382657,ms,Govati
183464788,2382660,ms,Boddini
183464942,2382662,ms,Basingi
183465096,2382664,ms,Pedakharaja
183465173,2382665,ms,Kukkidi
183465635,2382671,ms,Sikalbai
183465712,2382672,ms,Rabba
183466251,2382679,ms,Marriguda
183466405,2382681,ms,Sidhamguda
183466559,2382683,ms,Sanaiguda
183467098,2382690,ms,Baridi
183467406,2382694,ms,Goranda
183467560,2382696,ms,Mandiadombu
183467714,2382698,ms,Pinikona
183468099,2382703,ms,Kurasingi
183468330,2382706,ms,Joppangi
183468484,2382708,ms,Gaudaguda
183468561,2382709,ms,Lappiti
183468638,2382710,ms,Kondavada
183468715,2382711,ms,Iridi
183468869,2382713,ms,Mangelapuram
183468946,2382714,ms,Rella
183469100,2382716,ms,Kosingibhadra
183469408,2382720,ms,Kallati
183469870,2382726,ms,Kesari
183469947,2382727,ms,Tenkasingi
183470255,2382731,ms,Dolukona
183470332,2382732,ms,Katiki
183470717,2382737,ms,Sana Mulaga
183470871,2382739,ms,Gogupadu
183471102,2382742,ms,Jumburi
183471333,2382745,ms,Karnipadu
183471410,2382746,ms,Banmaliguda
183471949,2382753,ms,Karidanga
183472411,2382759,ms,Dangubadi
183472565,2382761,ms,Mohipanga
183472950,2382766,ms,Karniguda
183473335,2382771,ms,Burjaguda
183473566,2382774,ms,Padiguda
183473874,2382778,ms,Kondajamu
183474028,2382780,ms,Gummuguda
183474105,2382781,ms,Chakrabhata
183474182,2382782,ms,Dokarada
183474336,2382784,ms,Ambalesh
183474490,2382786,ms,Sanabangi
183474567,2382787,ms,Kambaguda
183474721,2382789,ms,Kitlapadu
183475183,2382795,ms,Bhangi
183475260,2382796,ms,Parla
183475645,2382801,ms,Jhara
183475722,2382802,ms,Dasaradang
183476261,2382809,ms,Kurusila
183477416,2382824,ms,Jarlingi
183477801,2382829,ms,Subai
183477878,2382830,ms,Nalapanka
183478725,2382841,ms,Pirba
183478956,2382844,ms,\N
183479187,2382847,ms,Achhava
183479341,2382849,ms,Alamguda
183479495,2382851,ms,Kakitara
183479803,2382855,ms,Tadikonda
183480034,2382858,ms,Silger
183480342,2382862,ms,Puvarti
183480419,2382863,ms,Junaguda
183480573,2382865,ms,Chinnabodkel
183481189,2382873,ms,Kottagudem
183481266,2382874,ms,Morpalli
183481343,2382875,ms,Pedabodkel
183481420,2382876,ms,Kistaram
183481497,2382877,ms,Surpanguda
183481882,2382882,ms,Metaguda
183482113,2382885,ms,Ursangal
183482190,2382886,ms,Bayanpalli
183482421,2382889,ms,Kondasanvali
183482575,2382891,ms,Durma
183482806,2382894,ms,Achkat
183482883,2382895,ms,Vikrampalli
183482960,2382896,ms,Kamaram
183483037,2382897,ms,Banjepalli
183483114,2382898,ms,Ellampalli
183483268,2382900,ms,Tokanpalli
183483422,2382902,ms,Chintaguppa
183483499,2382903,ms,Dharakot
183483576,2382904,ms,Ledimaha
183483653,2382905,ms,Sirla
183483961,2382909,ms,Taipada
183484115,2382911,ms,Pidamaha
183484500,2382916,ms,Sartuli
183484654,2382918,ms,Adipadar
183484808,2382920,ms,Modangi
183484885,2382921,ms,Macheraguda
183485655,2382931,ms,Maliguda
183485809,2382933,ms,Duabada
183485886,2382934,ms,Piler
183486117,2382937,ms,Gujurmaha
183486194,2382938,ms,Duriguda
183486348,2382940,ms,Patama
183486579,2382943,ms,Saruguda
183487118,2382950,ms,Ora
183487272,2382952,ms,Sindhiguda
183487349,2382953,ms,Kutiguda
183487426,2382954,ms,Bandaguda
183487657,2382957,ms,Jakesh
183487811,2382959,ms,Usurumaha
183487888,2382960,ms,Ruda
183488196,2382964,ms,Pilimaha
183488273,2382965,ms,Jargiguda
183488350,2382966,ms,Pidurmila
183488504,2382968,ms,Barikia
183488735,2382971,ms,Ganjuguda
183488812,2382972,ms,Sitiguda
183488966,2382974,ms,Kutibadi
183489043,2382975,ms,Baligada
183489274,2382978,ms,Sarukinga
183489428,2382980,ms,Sukalada
183489890,2382986,ms,Kilukupa
183490044,2382988,ms,Pandri
183490275,2382991,ms,Simanbadi
183490506,2382994,ms,Madimaha
183490583,2382995,ms,Gondiguda
183490660,2382996,ms,Demengia
183490737,2382997,ms,Girangaka
183490891,2382999,ms,Maranj
183491045,2383001,ms,Jugabadi
183491122,2383002,ms,Avigamba
183491199,2383003,ms,Kirama
183491507,2383007,ms,Jimabadi
183491584,2383008,ms,Durikupuda
183491661,2383009,ms,Sitiguda
183492046,2383014,ms,Katamaha
183492200,2383016,ms,Sangadamaha
183492431,2383019,ms,Sramu
183492585,2383021,ms,Gunakhallu
183492662,2383022,ms,Rungudu
183492970,2383026,ms,Pankabadi
183493047,2383027,ms,Bandaguda
183493509,2383033,ms,Gummi
183493740,2383036,ms,Tuaguda
183493817,2383037,ms,Nidimajiguda
183494356,2383044,ms,Sitagudi
183494433,2383045,ms,Demmagudi
183494664,2383048,ms,Gorlagudi
183494895,2383051,ms,Nundruguda
183494972,2383052,ms,Kambiguda
183495049,2383053,ms,Pukura
183495434,2383058,ms,Sitapanga
183495511,2383059,ms,Dakudora
183495742,2383062,ms,Kodusuru
183496281,2383069,ms,Raibejji
183496358,2383070,ms,Borchiguda
183496512,2383072,ms,Jarapa
183496743,2383075,ms,Gaiguda
183496974,2383078,ms,Surupadi
183497128,2383080,ms,Kanadi
183497359,2383083,ms,Singamundi
183497667,2383087,ms,Bandagam
183498283,2383095,ms,Raviguda
183498514,2383098,ms,Rapatabali
183498591,2383099,ms,Patatali
183498668,2383100,ms,Gundesi
183498745,2383101,ms,Kirama
183498899,2383103,ms,Mannarigam
183498976,2383104,ms,Chichchupanga
183499053,2383105,ms,Balamguda
183499130,2383106,ms,Ajipanga
183499207,2383107,ms,Kutama
183499284,2383108,ms,Machchiliguda
183499592,2383112,ms,Kharchenky
183499746,2383114,ms,Matikuda
183499823,2383115,ms,Tikaragam
183500131,2383119,ms,Badajulgu
183500285,2383121,ms,Jubaguda
183500362,2383122,ms,Kuchimula
183500516,2383124,ms,Srirampur
183500747,2383127,ms,Kandaguda
183500824,2383128,ms,Paduguda
183500901,2383129,ms,Basurgam
183500978,2383130,ms,Butedi
183501055,2383131,ms,Pangama
183501209,2383133,ms,Saramuli
183501363,2383135,ms,Badagam
183501517,2383137,ms,Bondaguda
183501902,2383142,ms,Budusola
183502056,2383144,ms,Mavel
183502364,2383148,ms,Chattarigam
183502441,2383149,ms,Gardama
183502518,2383150,ms,Khilundi
183502595,2383151,ms,Patama
183502749,2383153,ms,Gundriguda
183503134,2383158,ms,Matakupa
183503288,2383160,ms,Duled
183503365,2383161,ms,Botetong
183504135,2383171,ms,Asada
183504597,2383177,ms,Bamunidongar
183504751,2383179,ms,Silimi
183504982,2383182,ms,Badiguda
183505136,2383184,ms,Nuagam
183505213,2383185,ms,Bainguda
183505367,2383187,ms,Jalanidh
183505521,2383189,ms,Talatampur
183505829,2383193,ms,Rengidi
183505983,2383195,ms,Baliguda
183506137,2383197,ms,Koraiguda
183506214,2383198,ms,Bentiguda
183506291,2383199,ms,Sana Huma
183506368,2383200,ms,Kinidi
183506522,2383202,ms,Birasa
183506676,2383204,ms,Badahuma
183506830,2383206,ms,Chintalaguda
183506907,2383207,ms,Landasinga Lakshmipur
183506984,2383208,ms,Chittisarama
183507138,2383210,ms,Ambabadi
183507292,2383212,ms,Dibirisingi
183507754,2383218,ms,Derigam
183507985,2383221,ms,Godiabandh
183508139,2383223,ms,Koilkota
183508524,2383228,ms,Khilamunda
183508601,2383229,ms,Akusingi
183508678,2383230,ms,Marudiguda
183508832,2383232,ms,Titribanda
183509294,2383238,ms,Saradapur
183509371,2383239,ms,Kambariguda
183509448,2383240,ms,Kenduguda
183509756,2383244,ms,Narayanguda
183509987,2383247,ms,Jorpanga
183510295,2383251,ms,Burlendi
183510449,2383253,ms,Kodama
183510526,2383254,ms,Nilaguda
183510603,2383255,ms,Koiraguda
183510680,2383256,ms,Mokkaguda
183510757,2383257,ms,Meranda
183510834,2383258,ms,Dagudi
183510911,2383259,ms,Nandra
183510988,2383260,ms,Parima
183511065,2383261,ms,Dabarakono
183511142,2383262,ms,Nuagad
183511296,2383264,ms,Patuguda
183512066,2383274,ms,Lodiguda
183512297,2383277,ms,Gandapudi
183512374,2383278,ms,Surlu
183512451,2383279,ms,Madabanga
183512990,2383286,ms,Sriramraj
183513144,2383288,ms,Muraguda
183513375,2383291,ms,Pankalgudi
183513452,2383292,ms,Dusapanga
183513529,2383293,ms,Murchiguda
183514145,2383301,ms,Geranga
183514299,2383303,ms,Pusiguda
183514530,2383306,ms,Milkapanga
183514838,2383310,ms,Laiguda
183515223,2383315,ms,Tabalaguda
183515377,2383317,ms,Harlaguda
183515608,2383320,ms,Musiki
183515685,2383321,ms,Pirilipanga
183515762,2383322,ms,Lakkidipadar
183515839,2383323,ms,Denduguda
183515993,2383325,ms,Konchakoradu
183516070,2383326,ms,Satta
183516224,2383328,ms,Tongarma
183516301,2383329,ms,Laguda
183516532,2383332,ms,Kundenar
183516609,2383333,ms,Karigundam
183516763,2383335,ms,Amapenta
183516840,2383336,ms,Kasaram
183516917,2383337,ms,Palachelama
183516994,2383338,ms,Burkalanka
183517302,2383342,ms,Jatili
183517764,2383348,ms,Dharapuram
183518149,2383353,ms,Antharjoli
183518380,2383356,ms,Sariguda
183518688,2383360,ms,Nuagam
183518842,2383362,ms,Rella
183519073,2383365,ms,Karini
183519150,2383366,ms,Marriguda
183519304,2383368,ms,Kanjanguda
183520305,2383381,ms,Budamundi
183520382,2383382,ms,Lobba
183520536,2383384,ms,Ambabadi
183520767,2383387,ms,Bhulusunda
183521075,2383391,ms,Gonantri
183521152,2383392,ms,Srirampur
183521229,2383393,ms,Bagsola
183521383,2383395,ms,Bamini
183521460,2383396,ms,Raiguda
183521537,2383397,ms,Tikarapadu
183522307,2383407,ms,Kujindri
183522538,2383410,ms,Amiti
183523000,2383416,ms,Challakamba
183523308,2383420,ms,Toramala
183523385,2383421,ms,Guggurupanga
183523539,2383423,ms,Srirampur
183523693,2383425,ms,Pandrajoli
183523847,2383427,ms,Sana Achhava
183524155,2383431,ms,Kalama
183524309,2383433,ms,Panasaguda
183524540,2383436,ms,Nuagam
183524694,2383438,ms,Kachhapadar
183524848,2383440,ms,Sirijoli
183525926,2383454,ms,Lovaguda
183526696,2383464,ms,Parendah
183527081,2383469,ms,Hatibadi
183527158,2383470,ms,Machhakunti
183527774,2383478,ms,Pradhaniguda
183528005,2383481,ms,Khorlingi
183528236,2383484,ms,Ragada
183529006,2383494,ms,Palasingi
183529391,2383499,ms,Singubai
183529776,2383504,ms,Khilamunda
183530392,2383512,ms,Badigam
183531239,2383523,ms,Badadi
183531393,2383525,ms,Thada
183532086,2383534,ms,Kulasingi
183532625,2383541,ms,Sankalakot
183533164,2383548,ms,Karasi
183533395,2383551,ms,Gailingu
183533549,2383553,ms,Abasingi
183533857,2383557,ms,Meranda
183534011,2383559,ms,Dumbada
183534627,2383567,ms,Talasingi
183535705,2383581,ms,Gunduruba
183536706,2383594,ms,Tolana
183537938,2383610,ms,Bodamsingi
183538169,2383613,ms,Ladde
183538246,2383614,ms,Kurudi
183538477,2383617,ms,Malapadar
183539093,2383625,ms,Munda
183539170,2383626,ms,Singpadar
183539324,2383628,ms,Titimiri
183539478,2383630,ms,Lakshmipuram
183539632,2383632,ms,Sariguma
183539863,2383635,ms,Pindgudi
183540325,2383641,ms,Duruguda
183540402,2383642,ms,Kendakutti
183540479,2383643,ms,Tuagudi
183540556,2383644,ms,Mandapadar
183540633,2383645,ms,Bodapalli
183540710,2383646,ms,Kurundi
183541018,2383650,ms,Alnar
183541172,2383652,ms,Siyanar
183541326,2383654,ms,Bhogam
183541403,2383655,ms,Binjam
183541480,2383656,ms,Midkulnar
183541634,2383658,ms,Kesapur
183541711,2383659,ms,Kawalnar
183541942,2383662,ms,Degalras
183542096,2383664,ms,Kuper
183542173,2383665,ms,Pandewar
183542250,2383666,ms,Gondpal
183542404,2383668,ms,Jhirka
183542481,2383669,ms,Kundeli
183542558,2383670,ms,Basanpur
183542635,2383671,ms,Gamawada
183542866,2383674,ms,Dhurli
183543020,2383676,ms,Molasnar
183543174,2383678,ms,Masenar
183543251,2383679,ms,Ganjenar
183543405,2383681,ms,Renganar
183543559,2383683,ms,Chandenar
183543636,2383684,ms,Kumharras
183543713,2383685,ms,Murki
183544098,2383690,ms,Chitalanka
183544175,2383691,ms,Bhairamband
183544252,2383692,ms,Teknar
183544329,2383693,ms,Balpet
183544483,2383695,ms,Haram
183544637,2383697,ms,Haurnar
183544868,2383700,ms,Sunarpara
183545022,2383702,ms,Hiranar
183545176,2383704,ms,Madse
183545330,2383706,ms,Bhanpur
183545407,2383707,ms,Jaunga
183545561,2383709,ms,Handakodra
183545715,2383711,ms,Gumda
183545792,2383712,ms,Chitalur
183545869,2383713,ms,Pondum
183546023,2383715,ms,Jaram
183546177,2383717,ms,Matenar
183546408,2383720,ms,Muskel
183546485,2383721,ms,Netapur
183546716,2383724,ms,Gadapal
183546793,2383725,ms,Roylyanka
183546947,2383727,ms,Gadapal
183547101,2383729,ms,Gadmiri
183547332,2383732,ms,Budutikarka
183547794,2383738,ms,Doriras
183548333,2383745,ms,Nerli
183548564,2383748,ms,Behnar
183548795,2383751,ms,Kotwarpara
183549334,2383758,ms,Bacheli
183549411,2383759,ms,Padapur
183549642,2383762,ms,Pina Bacheli
183549796,2383764,ms,Dhurwapara
183549873,2383765,ms,Dugeli
183550181,2383769,ms,Bainpal
183550258,2383770,ms,Kadampal
183550412,2383772,ms,Kodenar
183550566,2383774,ms,Cholnar
183550643,2383775,ms,Madadi
183550797,2383777,ms,Perpa
183550951,2383779,ms,Pirnar
183551028,2383780,ms,Hiroli
183551182,2383782,ms,Samalwar
183551567,2383787,ms,Kutram
183551798,2383790,ms,Taneli
183551875,2383791,ms,Acheli
183552183,2383795,ms,Madenda
183552722,2383802,ms,Nilawaya
183553030,2383806,ms,Peddapara
183553107,2383807,ms,Rewali
183553184,2383808,ms,Barrem
183553492,2383812,ms,Sameli
183553723,2383815,ms,Jabeli
183553877,2383817,ms,Lekampara
183553954,2383818,ms,Mosal Tonda
183554108,2383820,ms,Palnar
183554339,2383823,ms,Kalepal
183554416,2383824,ms,Penta
183554647,2383827,ms,Dongripara
183555109,2383833,ms,Lendra
183555340,2383836,ms,Tikanpal
183555417,2383837,ms,Shamgiri
183555494,2383838,ms,Khutepal
183555879,2383843,ms,Nakulnar
183555956,2383844,ms,Hitawar
183556572,2383852,ms,Halbaras
183556957,2383857,ms,Jeripara
183557034,2383858,ms,Mailawada
183557265,2383861,ms,Duwalikarka
183557342,2383862,ms,Gongpal
183559036,2383884,ms,Pariya
183559344,2383888,ms,Kucharas
183559575,2383891,ms,Pordem
183559806,2383894,ms,Dorepara
183560191,2383899,ms,Kolapara
183560422,2383902,ms,Kondapara
183560807,2383907,ms,Atamipara
183560884,2383908,ms,Medpal
183561038,2383910,ms,Kerlapenda
183561192,2383912,ms,Nagaram
183561731,2383919,ms,Muler
183562578,2383930,ms,Pujaripal
183564195,2383951,ms,Sirsatti
183564272,2383952,ms,Pariya
183564426,2383954,ms,Samsatti
183564503,2383955,ms,Chichorgudem
183564734,2383958,ms,Aranpur
183564888,2383960,ms,Pinna Bheji
183565581,2383969,ms,Kusumoguda
183565658,2383970,ms,Kurumuli
183565889,2383973,ms,Uskabhata
183566120,2383976,ms,Doliambo
183566274,2383978,ms,Amboguda
183566890,2383986,ms,Macheput
183567275,2383991,ms,Konabadi
183567429,2383993,ms,Chikkaguda
183567660,2383996,ms,Kojaguda
183567891,2383999,ms,Maliguda
183568122,2384002,ms,Musalimanda
183568276,2384004,ms,Panubadi
183568584,2384008,ms,Matiguda
183568892,2384012,ms,Poridombo
183569354,2384018,ms,Jamguda
183569662,2384022,ms,Rangupani
183569739,2384023,ms,Bejuguda
183570047,2384027,ms,Gothiguda
183570278,2384030,ms,Dumusil
183570817,2384037,ms,Kanaka
183571048,2384040,ms,Jodijambu
183571125,2384041,ms,Narango
183571356,2384044,ms,Kumadasila
183571433,2384045,ms,Ichhapur
183571510,2384046,ms,Boda Panasa
183571818,2384050,ms,Pindamala
183571895,2384051,ms,Samana
183572896,2384064,ms,Makkidi
183573050,2384066,ms,Bijaghati
183573204,2384068,ms,Turli
183573820,2384076,ms,Sirivada
183574282,2384082,ms,Poimala
183575052,2384092,ms,Bitratonki
183575437,2384097,ms,Chintaguda
183575514,2384098,ms,Maijaruguda
183575668,2384100,ms,Kilimesu
183575745,2384101,ms,Tatrajulochcha
183575899,2384103,ms,Kambivalasa
183575976,2384104,ms,Pualabadi
183576130,2384106,ms,Berla
183576669,2384113,ms,Kelubadi
183576746,2384114,ms,Konda Boriga
183577054,2384118,ms,Gadabaguda
183577285,2384121,ms,Bagam
183577747,2384127,ms,Patrapadu
183577824,2384128,ms,Dandabad
183577901,2384129,ms,Chintaguda
183577978,2384130,ms,Kumbhari
183578055,2384131,ms,Rangamguda
183578132,2384132,ms,Siriguda
183578748,2384140,ms,Kunjiri
183578979,2384143,ms,Dasini
183579364,2384148,ms,Ambuguda
183579518,2384150,ms,Ponga Paluru
183580673,2384165,ms,Kariguda
183581058,2384170,ms,Jamkoli
183581212,2384172,ms,Tankubeda
183581443,2384175,ms,Pichodi
183581828,2384180,ms,Balla
183581905,2384181,ms,Chintamala
183581982,2384182,ms,Bandapai
183582290,2384186,ms,Kodama
183582675,2384191,ms,Gichamanjore
183582752,2384192,ms,Sindheri
183583907,2384207,ms,Eguva Medangi
183583984,2384208,ms,Panasagedda
183584061,2384209,ms,Bingadavalasa
183584369,2384213,ms,Kotiya
183584446,2384214,ms,Ganjabhadra
183584600,2384216,ms,Diguvasembi
183584754,2384218,ms,Tonam
183585139,2384223,ms,Kottavalasa
183585447,2384227,ms,Mettavalasa
183585678,2384230,ms,Pulivalasa
183585832,2384232,ms,Dulibhadra
183585909,2384233,ms,Sariki
183586294,2384238,ms,Elegavalasa
183586448,2384240,ms,Gangandoravalasa
183586910,2384246,ms,Ranasingi
183587218,2384250,ms,Battivalasa
183587372,2384252,ms,Kurukuti
183587449,2384253,ms,Gadabavalasa
183587603,2384255,ms,Sompigam
183587757,2384257,ms,Potannavalasa
183587834,2384258,ms,Kottavalasa
183588065,2384261,ms,Mulakayivalasa
183588219,2384263,ms,Gilledivalasa
183588296,2384264,ms,Bodapadu
183588527,2384267,ms,Karadi
183589143,2384275,ms,Dalayavalasa
183589528,2384280,ms,Karadavalasa
183589605,2384281,ms,Kumbivalasa
183589759,2384283,ms,Yeguvadagaravalasa
183590067,2384287,ms,Pilikabitra
183591915,2384311,ms,Gollapadu
183592608,2384320,ms,Roddavalasa
183592839,2384323,ms,Ajuru
183592916,2384324,ms,Kankanapalli
183592993,2384325,ms,Pansalapadu
183593070,2384326,ms,Gangandoravalasa
183593301,2384329,ms,Lamtapadu
183593763,2384335,ms,Tangani
183594764,2384348,ms,Gavirammapeta
183595226,2384354,ms,Karrivalasa
183595303,2384355,ms,Gadivalasa
183595380,2384356,ms,Ammavalasa
183595688,2384360,ms,Manchadavalasa
183595765,2384361,ms,Viswanadhapuram
183595842,2384362,ms,Panukuvalasa
183595919,2384363,ms,Cherukupalle
183596150,2384366,ms,Kottakki
183596227,2384367,ms,Neliparti
183596304,2384368,ms,Kurmarajupeta
183596458,2384370,ms,Kandirivalasa
183596612,2384372,ms,Pedda Chipuruvalasa
183596689,2384373,ms,Chinna Chipuruvalasa
183596766,2384374,ms,Koshtivalasa
183596843,2384375,ms,Buttiganivalasa
183596920,2384376,ms,Chinnivalasa
183597151,2384379,ms,Devubutchammapeta
183597382,2384382,ms,Mugudavalasa
183597459,2384383,ms,Punikivalasa
183597613,2384385,ms,Sitandoravalasa
183597690,2384386,ms,Ramaswamyvalasa
183597767,2384387,ms,Purohitanavalasa
183597844,2384388,ms,Sanyasirajupeta
183597998,2384390,ms,Kommanavalasa
183598075,2384391,ms,Dattivalasa
183598152,2384392,ms,Gurrapuvalasa
183598229,2384393,ms,Lovavalasa
183598306,2384394,ms,Barinikavalasa
183598383,2384395,ms,Baguvalasa
183598614,2384398,ms,Pittadivalasa
183598768,2384400,ms,Pasupuvanivalasa
183598845,2384401,ms,Rayivanivalasa
183598922,2384402,ms,Antivalasa
183599076,2384404,ms,Palamavudivalasa
183599307,2384407,ms,Pedapadam
183599461,2384409,ms,Narlavalasa
183599538,2384410,ms,Gadilavalasa
183599615,2384411,ms,Mirtivalasa
183599692,2384412,ms,Tadangivalasa
183599846,2384414,ms,Madtalavalasa
183600231,2384419,ms,Jilleduvalasa
183600308,2384420,ms,Lakshmipuram
183600385,2384421,ms,Buradageddavalasa
183600539,2384423,ms,Linganivalasa
183600693,2384425,ms,Kandulapadam
183600770,2384426,ms,Chintalyalasa
183600924,2384428,ms,Bodaidoravalasa
183601001,2384429,ms,Earragadavalasa
183601155,2384431,ms,Gadipallevalasa
183601232,2384432,ms,Somaduvalasa
183601386,2384434,ms,Sambara
183601463,2384435,ms,Mucherlavalasa
183601694,2384438,ms,Chinna Bonti Makkuva
183601848,2384440,ms,Tottavalasa
183602310,2384446,ms,Pata Ghasila
183602464,2384448,ms,Kavirivalasa
183602618,2384450,ms,Botivalasa
183602695,2384451,ms,Talagaddavalasa
183602772,2384452,ms,Markondaputti
183602849,2384453,ms,Chinna Rajvalasa
183602926,2384454,ms,Kavikipalle
183603311,2384459,ms,Birimasi
183603388,2384460,ms,Tadvalasa
183603465,2384461,ms,Tunda
183603542,2384462,ms,Jodumamidivalasa
183603850,2384466,ms,Pedda Vutagadda
183603927,2384467,ms,Kodupeddavalasa
183604004,2384468,ms,Bodu Somanthavalasa
183604081,2384469,ms,Chelluruvalasa
183604158,2384470,ms,Marivanivalasa
183604389,2384473,ms,Duggeru
183604466,2384474,ms,Mulavalasa
183604620,2384476,ms,Panasabadra
183605082,2384482,ms,Anasbadra
183605313,2384485,ms,Vallapuram
183605544,2384488,ms,Dagarivalasa
183606314,2384498,ms,Boddavalasa
183606545,2384501,ms,Buthalikarivalasa
183606622,2384502,ms,Maripalle
183607084,2384508,ms,Sarayavalasa
183607161,2384509,ms,Gorjiguda
183607392,2384512,ms,Pattalaudi
183608470,2384526,ms,Laudi
183608855,2384531,ms,Teda
183608932,2384532,ms,Partapuram
183609240,2384536,ms,Adarupadu
183609317,2384537,ms,Katragedda
183609702,2384542,ms,Kuntam
183609933,2384545,ms,Tumiguda
183610318,2384550,ms,Polamvalasa
183610395,2384551,ms,Modugu
183610472,2384552,ms,Kumaravalasa
183611319,2384563,ms,Iragai
183611858,2384570,ms,Marriguda
183612089,2384573,ms,Puliguntavalasa
183612243,2384575,ms,Peddavalasa
183612320,2384576,ms,Peddapuram
183612628,2384580,ms,Kesali
183612705,2384581,ms,Kottavalasa
183612782,2384582,ms,Bangaruguda
183613013,2384585,ms,Titiguda
183613090,2384586,ms,Pujaribanda
183613167,2384587,ms,Kamalabanda
183613475,2384591,ms,Peddavalasa
183613552,2384592,ms,Loteru
183613937,2384597,ms,Polamguda
183614091,2384599,ms,Kareguda
183614399,2384603,ms,Sareguda
183614476,2384604,ms,Bondiguda
183614630,2384606,ms,Bondiguda
183614707,2384607,ms,Konapuram
183614784,2384608,ms,Karakavalasa
183615092,2384612,ms,Kothiguda
183615169,2384613,ms,Borra
183615246,2384614,ms,Puluguda
183615477,2384617,ms,Baliguda
183615785,2384621,ms,Kamalapuram
183615862,2384622,ms,Kummarivalasa
183615939,2384623,ms,Tokuru
183616016,2384624,ms,Singaraba
183616170,2384626,ms,Sada
183616247,2384627,ms,Gondivalasa
183616401,2384629,ms,Nandakota
183616786,2384634,ms,Ramachandrapuram
183617248,2384640,ms,Danduvalasa
183617325,2384641,ms,Gummakota
183617556,2384644,ms,Landiguda
183618095,2384651,ms,Mettuvalasa
183618172,2384652,ms,Kottavalasa
183618249,2384653,ms,Galipadu
183618403,2384655,ms,Tanglam
183618480,2384656,ms,Musiriguda
183618557,2384657,ms,Burjavalasa
183618634,2384658,ms,Marripadu
183620251,2384679,ms,Boddapadu
183620328,2384680,ms,Galapadu
183620559,2384683,ms,Gotturu
183620944,2384688,ms,Yataganivalasa
183621098,2384690,ms,Borramamidi
183621175,2384691,ms,Aluru
183621329,2384693,ms,Kudumuru
183621483,2384695,ms,Kotikipenta
183621714,2384698,ms,Mirtilavalasa
183621791,2384699,ms,Kottavalasa
183621945,2384701,ms,Totavalasa
183622176,2384704,ms,Panchali
183622253,2384705,ms,Chandivalasa
183622407,2384707,ms,Matumuru
183622638,2384710,ms,Suragadivalasa
183622946,2384714,ms,Panukuvalasa
183623023,2384715,ms,Nanda
183623100,2384716,ms,Butadivalasa
183623408,2384720,ms,Putikeguddevalasa
183623639,2384723,ms,Pudi
183623793,2384725,ms,Adaruvalasa
183624255,2384731,ms,Kotarakota
183624794,2384738,ms,Karamamidivalasa
183624871,2384739,ms,Gummivalasa
183624948,2384740,ms,Kondamosuru
183625102,2384742,ms,Kirangi
183625487,2384747,ms,Nuravarahapeta
183625795,2384751,ms,Kandivalasa
183626488,2384760,ms,Meliakanchuru
183626796,2384764,ms,Chippapalle
183626873,2384765,ms,Dabbalapadu
183627258,2384770,ms,Garugubilli
183627335,2384771,ms,Bhimavaram
183627412,2384772,ms,Billakota
183627489,2384773,ms,Putikavalasa
183627566,2384774,ms,Singvaram
183627643,2384775,ms,Pandirivalasa
183627720,2384776,ms,Gottipadu
183628182,2384782,ms,Chinna Konila
183628413,2384785,ms,Buruga
183628644,2384788,ms,Saravanivalasa
183628721,2384789,ms,Kondaparti
183628875,2384791,ms,Jirikavalasa
183628952,2384792,ms,Lotugadda
183629106,2384794,ms,Panasalavalasa
183629183,2384795,ms,Tumaravilli
183629260,2384796,ms,Kammarajoli
183629337,2384797,ms,Neradavalasa
183629491,2384799,ms,Mirtivalasa
183629568,2384800,ms,Mulapadu
183629645,2384801,ms,Kottavalasa
183629799,2384803,ms,Patapadu
183630492,2384812,ms,Kondalingalavalasa
183630569,2384813,ms,Gujamuguddavalasa
183630646,2384814,ms,Reddivanivalasa
183630800,2384816,ms,Lakshmipuram
183630877,2384817,ms,Sakivalasa
183630954,2384818,ms,Karumamidivalasa
183631031,2384819,ms,Pittada
183631185,2384821,ms,Onija
183631339,2384823,ms,Rompalle
183631416,2384824,ms,Sottadivalasa
183631493,2384825,ms,Pedaraba
183631570,2384826,ms,Gudem
183631647,2384827,ms,Chinna Raba
183631724,2384828,ms,Mosuru
183631801,2384829,ms,Dudisagaram
183631955,2384831,ms,Jannivalasa
183632032,2384832,ms,Karadavalasa
183632494,2384838,ms,Jirikivalasa
183632571,2384839,ms,Jummuvalasa
183632802,2384842,ms,Enubarru
183633033,2384845,ms,Nilammavalasa
183633110,2384846,ms,Bandaguddavalasa
183633264,2384848,ms,Chintalavalasa
183633495,2384851,ms,Gumadivalasa
183633649,2384853,ms,Timarivalasa
183633803,2384855,ms,Lollarpadu
183634034,2384858,ms,Regulapadu
183634188,2384860,ms,Kuneru
183634650,2384866,ms,Sarivalasa
183634727,2384867,ms,Yitamanuvalasa
183634804,2384868,ms,Taduru
183634881,2384869,ms,Bongija
183634958,2384870,ms,Konambanduvalasa
183635035,2384871,ms,Ippalavalasa
183635189,2384873,ms,Bheji
183635420,2384876,ms,Gaganpalli
183635574,2384878,ms,Tetrai
183635728,2384880,ms,Palamadgu
183635805,2384881,ms,Arlampalli
183635882,2384882,ms,Polampalli
183635959,2384883,ms,Kakerlanka
183636113,2384885,ms,Ponpalli
183636190,2384886,ms,Mondpalli
183636267,2384887,ms,Dubbatota
183636344,2384888,ms,Gorgonda
183636652,2384892,ms,Nagalgunda
183636729,2384893,ms,Argatta
183636883,2384895,ms,Manikonta
183636960,2384896,ms,Pedakurti
183637499,2384903,ms,Gadabapeta
183637576,2384904,ms,Juddedivalasa
183638038,2384910,ms,Tentidiguda
183638346,2384914,ms,Tokavalasa
183638423,2384915,ms,Kondiba
183638500,2384916,ms,Puluguda
183638577,2384917,ms,Anantagiri
183638654,2384918,ms,Rayivalasa
183638731,2384919,ms,Kodomuguda
183638885,2384921,ms,Damuku
183639039,2384923,ms,Medaparti
183639116,2384924,ms,Danakota
183639193,2384925,ms,Pedabidda
183639270,2384926,ms,Sivalingapuram
183639347,2384927,ms,Krishnapuran
183639424,2384928,ms,Kotturu
183639501,2384929,ms,Gangavaram
183639578,2384930,ms,Tegalamada
183640040,2384936,ms,Busipadu
183640194,2384938,ms,Cherukubidda
183640271,2384939,ms,Vanjulavalasa
183640348,2384940,ms,Chimiti
183640656,2384944,ms,Gumma
183640810,2384946,ms,Kuridi
183641118,2384950,ms,Pallipudungada
183641426,2384954,ms,Godigaruvu
183641503,2384955,ms,Sammeda
183641657,2384957,ms,Chintalapudi
183641811,2384959,ms,Korada
183642119,2384963,ms,Lovamukundapuram
183642196,2384964,ms,Pallapukodabu
183642273,2384965,ms,Venkannapalem
183642350,2384966,ms,Potubandipalem
183642581,2384969,ms,Jakeru
183642658,2384970,ms,Gudivada
183642735,2384971,ms,Dabbirajupeta
183642812,2384972,ms,Jaggayyapeta
183642966,2384974,ms,Vallampudi
183643043,2384975,ms,Vepada
183643505,2384981,ms,Kadakonda
183643659,2384983,ms,Kondakodabu
183643736,2384984,ms,Mariki
183643890,2384986,ms,Sontivanipalem
183643967,2384987,ms,Bangarayyapeta
183644352,2384992,ms,Dampuram
183644429,2384993,ms,Mallepudi
183644506,2384994,ms,Viranarayanam
183644583,2384995,ms,Ramaswamipeta
183644968,2385000,ms,Santapeta
183645045,2385001,ms,Singarai
183645122,2385002,ms,Kittannapeta
183645353,2385005,ms,Golazam
183645430,2385006,ms,Kallempudi
183645507,2385007,ms,Mukundapuram
183645661,2385009,ms,Virabhadrapeta
183645738,2385010,ms,Khasapeta
183645815,2385011,ms,Talari
183645892,2385012,ms,Kotyada
183645969,2385013,ms,Kurmavaram
183646046,2385014,ms,Kalagada
183646277,2385017,ms,Lakshmipuram
183646354,2385018,ms,Pavada
183646431,2385019,ms,Jagaram
183646508,2385020,ms,Vizinigiri
183646816,2385024,ms,Vasi
183646893,2385025,ms,Timidi
183647047,2385027,ms,Vinayakabilli
183647201,2385029,ms,Alugubilli
183647278,2385030,ms,Tandrangi
183647432,2385032,ms,Chamalapalle
183647509,2385033,ms,Chukkavanipalem
183647586,2385034,ms,Santa Gaurammapeta
183647740,2385036,ms,Krishnapuram
183647894,2385038,ms,Dharmavaram
183648279,2385043,ms,Revellapalem
183648587,2385047,ms,Gopalapalle
183648741,2385049,ms,Mukalapadu
183648818,2385050,ms,Donkada
183648895,2385051,ms,Ramabhadrapuram
183649049,2385053,ms,Vasadi
183649126,2385054,ms,Kothavelagada
183649203,2385055,ms,Madanapuram
183649357,2385057,ms,Chinakhandepalle
183649434,2385058,ms,Chinamadhupada
183649588,2385060,ms,Kiltampalem
183649665,2385061,ms,Chidipalem
183649742,2385062,ms,Dorlapalem
183649819,2385063,ms,Tatipudi
183650435,2385071,ms,Kottapalem
183650512,2385072,ms,Mulaboddavara
183650743,2385075,ms,Mettupalem
183651051,2385079,ms,Dasaritota
183651205,2385081,ms,Vanthavanipalem
183651436,2385084,ms,Vankayapalem
183651667,2385087,ms,Kittayitota
183652437,2385097,ms,Katumanuvalasa
183652514,2385098,ms,Saravanipalem
183652591,2385099,ms,Mandaparti
183652745,2385101,ms,Tummanuvalasa
183653053,2385105,ms,Diguya Kondaparti
183653284,2385108,ms,Veduruvada
183653438,2385110,ms,Mulapadu
183653669,2385113,ms,Dahbalapadu
183653823,2385115,ms,Gadilavalasa
183653900,2385116,ms,Kondaparti
183654208,2385120,ms,Sitampeta
183654362,2385122,ms,Tyeda
183654439,2385123,ms,Paturu
183654670,2385126,ms,Gumada
183654901,2385129,ms,Dandabadi
183654978,2385130,ms,Ghumara
183655055,2385131,ms,Gulimiguda
183655594,2385138,ms,Chintaguda
183655748,2385140,ms,Gondipadu
183656518,2385150,ms,Mekada
183657288,2385160,ms,Lanja
183657365,2385161,ms,Kona
183657673,2385165,ms,Bedda
183657750,2385166,ms,Pusanandi
183657904,2385168,ms,Kontesu
183657981,2385169,ms,Gunakhallu
183658058,2385170,ms,Zadaba
183658135,2385171,ms,Gorlemma
183658443,2385175,ms,Baddidi
183658520,2385176,ms,Turuku
183658674,2385178,ms,Tanuku
183658905,2385181,ms,Naya
183659136,2385184,ms,Gojjabadi
183659367,2385187,ms,Pedapedumu
183659521,2385189,ms,Tumalavalasa
183659675,2385191,ms,Jala
183659829,2385193,ms,Jakuru
183659983,2385195,ms,Ulipiri
183660214,2385198,ms,Manikyavalasa
183660445,2385201,ms,Lodda
183660599,2385203,ms,Tikarapadu
183660907,2385207,ms,Dimtiguda
183661369,2385213,ms,Jangidivalsa
183661446,2385214,ms,Tikarapadu
183661523,2385215,ms,Dhanukarli
183661600,2385216,ms,Ikrampur
183662216,2385224,ms,Chandalangi
183662293,2385225,ms,Putikavalsa
183662601,2385229,ms,Manikyavalasa
183662755,2385231,ms,Hukumpeta
183662909,2385233,ms,Sangamdoravalasa
183662986,2385234,ms,Gochekke
183663371,2385239,ms,Telunayuduvalasa
183663525,2385241,ms,Chelmavalasa
183663602,2385242,ms,Doggavanimulaga
183663833,2385245,ms,Billaguddivalasa
183663910,2385246,ms,Pindilova
183663987,2385247,ms,Elagavalasa
183664141,2385249,ms,Lachandoravalasa
183664218,2385250,ms,Kore
183664372,2385252,ms,Indupuram
183664449,2385253,ms,Pedabondapalle
183664526,2385254,ms,Sudigam
183664680,2385256,ms,Chinabondapalle
183664757,2385257,ms,Addapusila
183664834,2385258,ms,Sitarampuram
183665065,2385261,ms,Ullibhadra
183665373,2385265,ms,Bantuvanivalasa
183665450,2385266,ms,Gopalapuram
183665527,2385267,ms,Markondaputti
183665604,2385268,ms,Chandrammapeta
183665681,2385269,ms,Sivini
183665758,2385270,ms,Vikrampuram
183665835,2385271,ms,Kurampeta
183665912,2385272,ms,Parasurampuram
183665989,2385273,ms,Gunanupuram
183666066,2385274,ms,Gadabavalasa
183666220,2385276,ms,Basangi
183666297,2385277,ms,Artam
183666374,2385278,ms,Duggi
183666451,2385279,ms,Nimmalapadu
183666528,2385280,ms,Bitrapadu
183666605,2385281,ms,Kollikota
183666836,2385284,ms,Gangareguvalasa
183666990,2385286,ms,Kotapam
183667067,2385287,ms,Dalaipeta
183667221,2385289,ms,Sitamambapuram
183667375,2385291,ms,Rayapuram
183667606,2385294,ms,Kottavalasa
183667683,2385295,ms,Lingandoravalasa
183667837,2385297,ms,Burijivalasa
183668145,2385301,ms,Kambavalasa
183668299,2385303,ms,Rajalakshmipuram
183668376,2385304,ms,Kandivalasa
183668915,2385311,ms,Nandapuram
183668992,2385312,ms,Konavalasa
183669146,2385314,ms,Pedamariki
183669223,2385315,ms,Rajampeta
183669300,2385316,ms,Gadabavalasa
183669531,2385319,ms,Krishnapalli
183669608,2385320,ms,Lakshminarayanapuram
183669685,2385321,ms,Nissankupuram
183669839,2385323,ms,Sangamvalasa
183669916,2385324,ms,Gadabavalasa
183669993,2385325,ms,Gangapuram
183670147,2385327,ms,Rangalguda
183670301,2385329,ms,Adduruvalasa
183670455,2385331,ms,Lovavalasa
183670686,2385334,ms,Revatiguda
183670763,2385335,ms,Kuvabankadi
183671302,2385342,ms,Sarapadu
183671379,2385343,ms,Battumogavalasa
183671456,2385344,ms,Sisaduvalasa
183671533,2385345,ms,Pedda Kherjali
183671610,2385346,ms,Regulapadu
183671687,2385347,ms,Vanakabadi
183671764,2385348,ms,Antivalasa
183671841,2385349,ms,Devukona
183671918,2385350,ms,Sankesu
183672226,2385354,ms,Alluvada
183672303,2385355,ms,Guddam
183672380,2385356,ms,Sulava
183672534,2385358,ms,Boddidi
183672765,2385361,ms,Chorupalle
183672919,2385363,ms,Chinnapedum
183672996,2385364,ms,Karada
183673227,2385367,ms,Poduguvalasa
183673535,2385371,ms,Gajulaguda
183673766,2385374,ms,Kemisila
183673920,2385376,ms,Labesu
183674228,2385380,ms,Madalangi
183674305,2385381,ms,Komarada
183674690,2385386,ms,Jarna
183674767,2385387,ms,Chollapadam
183674844,2385388,ms,Kummarigunta
183674921,2385389,ms,Balagudaba
183674998,2385390,ms,Tanku
183675075,2385391,ms,Tulasivalasa
183675152,2385392,ms,Vannam
183675306,2385394,ms,Boddavalasa
183675383,2385395,ms,Tonki
183676076,2385404,ms,Tallaburidi
183676153,2385405,ms,Jamadala
183676307,2385407,ms,Bandaluppi
183676461,2385409,ms,Virabhadrapuram
183676538,2385410,ms,Kottavalasa
183676615,2385411,ms,Antivalasa
183676769,2385413,ms,Turumamidi
183676846,2385414,ms,Bangaruvalasa
183677000,2385416,ms,Kona
183677154,2385418,ms,Sirlam
183677231,2385419,ms,Godevalasa
183677308,2385420,ms,Lovarkhandi
183677539,2385423,ms,Santeswaram
183677616,2385424,ms,Antivalasa
183677693,2385425,ms,Pulleruvalasa
183677847,2385427,ms,Payakapadu
183678078,2385430,ms,Mukavalasa
183678155,2385431,ms,Mosuruvalasa
183678694,2385438,ms,Kannampeta
183678771,2385439,ms,Velagavalasa
183678848,2385440,ms,Nimmalapadu
183678925,2385441,ms,Gunikondavalsa
183679002,2385442,ms,Marayyapadu
183679156,2385444,ms,Koyyakondavalasa
183679310,2385446,ms,Chellivalasa
183679849,2385453,ms,Battaduvalasa
183679926,2385454,ms,Karandoravalasa
183680003,2385455,ms,Jogidoravalasa
183680080,2385456,ms,Donguruvalasa
183680388,2385460,ms,Chitrakota Boddavalasa
183680465,2385461,ms,Venkatarayudupeta
183680542,2385462,ms,Gopalarayudupeta
183680773,2385465,ms,Chinaborabanda
183680850,2385466,ms,Gollapeta
183680927,2385467,ms,Narayanappavalasa
183681081,2385469,ms,Rompalle
183681158,2385470,ms,Bhayanipuram
183681235,2385471,ms,Rongalivanivalasa
183681312,2385472,ms,Chinaparannavalasa
183681389,2385473,ms,Appalarajupeta
183681543,2385475,ms,Vangapanduvalasa
183681620,2385476,ms,Mirtivalasa
183681697,2385477,ms,Paradi
183681774,2385478,ms,Bhojarajupuram
183682005,2385481,ms,Sompuram
183682082,2385482,ms,Tarapuram
183682236,2385484,ms,Mettavalasa
183682313,2385485,ms,Penta
183682544,2385488,ms,Rangarayapuram
183682852,2385492,ms,Mugada
183682929,2385493,ms,Mallampeta
183683468,2385500,ms,Buchchavanivalasa
183683622,2385502,ms,Allupaltheru
183683699,2385503,ms,Anavaram
183683776,2385504,ms,Kotipalle
183683853,2385505,ms,Vadada
183683930,2385506,ms,Gopalakrishnarangarayapuram
183684084,2385508,ms,Karada
183684238,2385510,ms,Kollivalasa
183684315,2385511,ms,Janardhanavalasa
183684469,2385513,ms,Nandabalaga
183684546,2385514,ms,Pinepenki
183684623,2385515,ms,Rejeru
183684700,2385516,ms,Ramanna Agraharam
183684777,2385517,ms,Nandigam
183684854,2385518,ms,Rajayyapeta
183684931,2385519,ms,Kusumuru
183685008,2385520,ms,Kondadevupalle
183685162,2385522,ms,Sivvadivalasa
183685239,2385523,ms,Bhairipuram
183685393,2385525,ms,Ramuduvalasa
183685701,2385529,ms,Narsipuram
183685778,2385530,ms,Karadavalasa
183685855,2385531,ms,Venkatarayunipeta
183686240,2385536,ms,Maripivalasa
183686471,2385539,ms,Puligummi
183686548,2385540,ms,Repativalasa
183686625,2385541,ms,Lachchirajupeta
183686702,2385542,ms,Putturu
183687010,2385546,ms,Ippalavalasa
183687087,2385547,ms,Jogempeta
183687241,2385549,ms,Geddaluppi
183687318,2385550,ms,Appayyapeta
183687395,2385551,ms,Thamarakandi
183687472,2385552,ms,Baggandoravalasa
183687549,2385553,ms,Ballakrishnapuram
183687626,2385554,ms,Bakkupeta
183687703,2385555,ms,Pedabhogila
183688165,2385561,ms,Uddavolu
183688242,2385562,ms,Chinagudaba
183688396,2385564,ms,Garugubilli
183688473,2385565,ms,Pedduru
183688627,2385567,ms,Vallarigudaba
183688704,2385568,ms,Nidagallu
183688935,2385571,ms,Pedankalam
183689089,2385573,ms,Panukuvalasa
183689166,2385574,ms,Chinankalam
183689243,2385575,ms,Burja
183689320,2385576,ms,Lakshmipuram
183689551,2385579,ms,Sivarampuram
183689628,2385580,ms,Badevalasa
183689782,2385582,ms,Subhadra
183689859,2385583,ms,Gadelavalasa
183690090,2385586,ms,Gongadavalasa
183690167,2385587,ms,Mirthuvalasa
183690244,2385588,ms,Barli
183690321,2385589,ms,Annamnaiduvalasa
183690398,2385590,ms,Janumulluvalasa
183690706,2385594,ms,Vakadavalasa
183690783,2385595,ms,Kalavarai Agraharam
183690937,2385597,ms,Lingamvalasa
183691168,2385600,ms,Krishnapuram
183691245,2385601,ms,Jagannadhapuram
183691322,2385602,ms,Pakki
183691476,2385604,ms,Piridi
183691630,2385606,ms,Rayandoravalasa
183691707,2385607,ms,Pedagudaba
183691861,2385609,ms,Dalaivalasa
183692015,2385611,ms,Chandrammapeta
183692092,2385612,ms,Papyyavalasa
183692246,2385614,ms,Kondarejeru
183692323,2385615,ms,Lachchayyapeta
183692400,2385616,ms,Gummidivada
183692477,2385617,ms,Rajupeta
183692554,2385618,ms,Narasimhunipeta
183692631,2385619,ms,Ramavaram
183692785,2385621,ms,Reddivanivalasa
183693016,2385624,ms,Rangampeta
183693093,2385625,ms,Padugupeta
183693247,2385627,ms,Antipeta
183693324,2385628,ms,Anantarayadupeta
183693401,2385629,ms,Yegutavalasa
183693478,2385630,ms,Konchedivalasa
183693555,2385631,ms,Koyyanapeta
183693709,2385633,ms,Dabbagadda
183693786,2385634,ms,Mulakkayavalasa
183693940,2385636,ms,Jantirayapuram
183694094,2385638,ms,Nakkaduvalasa
183694248,2385640,ms,Gudepuvalasa
183694402,2385642,ms,Vanjarampeta
183694479,2385643,ms,Chellammapeta
183694556,2385644,ms,Korangali
183694710,2385646,ms,Pusam
183694787,2385647,ms,Borja
183695095,2385651,ms,Bagmundi
183695403,2385655,ms,Kondoli
183695865,2385661,ms,Dumam
183695942,2385662,ms,Kawadgaon
183696712,2385672,ms,Chalanpara
183697251,2385679,ms,Mendoli
183697790,2385686,ms,Metapal
183698021,2385689,ms,Pirmapara
183698406,2385694,ms,Tondepara
183698483,2385695,ms,Gatam
183699176,2385704,ms,Surnar
183699253,2385705,ms,Tetam
183699330,2385706,ms,Kodripal
183699407,2385707,ms,Talem
183699484,2385708,ms,Nayanar
183699869,2385713,ms,Katekalyan
183700331,2385719,ms,Nawapara
183700408,2385720,ms,Lakharas
183700485,2385721,ms,Pinjupara
183700562,2385722,ms,Mathadi
183701178,2385730,ms,Darapara
183701409,2385733,ms,Kankipara
183701640,2385736,ms,Madagundipara
183702025,2385741,ms,Pujaripara
183702179,2385743,ms,Karagundipara
183702410,2385746,ms,Vijapara
183702795,2385751,ms,Bandepara
183702949,2385753,ms,Bandipara
183703103,2385755,ms,Kumharpara
183703411,2385759,ms,Paikpara
183703565,2385761,ms,Adwal
183703642,2385762,ms,Adwal
183703950,2385766,ms,Pujaripara
183704104,2385768,ms,Kodenar
183704181,2385769,ms,Silakjhodi
183704720,2385776,ms,Tangiajhodi
183704874,2385778,ms,Batkonta
183705182,2385782,ms,Chhotebodenar
183705336,2385784,ms,Goriyapal
183705567,2385787,ms,Koikamari
183706568,2385800,ms,Pakanar
183706722,2385802,ms,Bispur
183706876,2385804,ms,Nadenar
183707030,2385806,ms,Parcheli
183707184,2385808,ms,Tumakpal
183707415,2385811,ms,Chikpal
183707877,2385817,ms,Burjipara
183708031,2385819,ms,Dengopara
183708339,2385823,ms,Bhusaras
183708416,2385824,ms,Nakapara
183708570,2385826,ms,Garipal
183708801,2385829,ms,Murki
183708878,2385830,ms,Singavaram
183709956,2385844,ms,Mirivada
183710033,2385845,ms,Dodpal
183710495,2385851,ms,Atpal
183710649,2385853,ms,Munga
183711034,2385858,ms,Nagaras
183711342,2385862,ms,Bhandarras
183711419,2385863,ms,Rantpara
183711804,2385868,ms,Arkatong
183711958,2385870,ms,Pondam
183712343,2385875,ms,Misiras
183712882,2385882,ms,Muteli
183714191,2385899,ms,Kormagondi
183714345,2385901,ms,Kunna
183714499,2385903,ms,Pusgunna
183714807,2385907,ms,Misipara
183715500,2385916,ms,Tongpal
183715577,2385917,ms,Jangampal
183717040,2385936,ms,Matapara
183717117,2385937,ms,Maripara
183717194,2385938,ms,Lachkipara
183717425,2385941,ms,Loharapara
183717502,2385942,ms,Andumpal
183717656,2385944,ms,Rokel
183717810,2385946,ms,Bakalaghat
183718041,2385949,ms,Kanjipani
183718272,2385952,ms,Birsatpal
183718426,2385954,ms,Chipurpal
183718657,2385957,ms,Keratong
183718734,2385958,ms,Mahima
183718888,2385960,ms,Paikpara
183718965,2385961,ms,Doleras
183719119,2385963,ms,Surnar
183719196,2385964,ms,Kondre
183719350,2385966,ms,Gadiras
183719504,2385968,ms,Paknaguda
183719581,2385969,ms,Dabbaras
183720428,2385980,ms,Damapada
183720736,2385984,ms,Koya Vekur
183720967,2385987,ms,Kerlapal
183721814,2385998,ms,Ramawaram
183721891,2385999,ms,Nadigupa
183722353,2386005,ms,Gongla
183722892,2386012,ms,Putkaras
183722969,2386013,ms,Murtanda
183723046,2386014,ms,Permapada
183723662,2386022,ms,Kotiguda
183723739,2386023,ms,Tatipada
183723970,2386026,ms,Dondabari
183724124,2386028,ms,Pujaripara
183724201,2386029,ms,Muriapal
183724432,2386032,ms,Mallaguda
183724509,2386033,ms,Supnar
183724663,2386035,ms,Pavaras
183724740,2386036,ms,Kudukaras
183725202,2386042,ms,Muttapaka
183725433,2386045,ms,Nandivada
183725587,2386047,ms,Chikpalle
183725895,2386051,ms,Nilguda
183725972,2386052,ms,Pegadapalli
183726126,2386054,ms,Materu
183726203,2386055,ms,Singanguda
183726819,2386063,ms,Kunchanapalle
183727358,2386070,ms,Ginepalle
183727512,2386072,ms,Tamanpalli
183727666,2386074,ms,Tigal
183728359,2386083,ms,Perwai
183728667,2386087,ms,Enksimetla
183728821,2386089,ms,Panimetla
183728898,2386090,ms,Jabanpalli
183728975,2386091,ms,Koimetta
183729052,2386092,ms,Kovvasiguda
183729283,2386095,ms,Tellarai
183729360,2386096,ms,Jakalgondi
183729591,2386099,ms,Kottapalem
183729822,2386102,ms,Rudrapalem
183729899,2386103,ms,Budatanapallerajeru
183729976,2386104,ms,Rayindram
183730207,2386107,ms,Maruvada
183730284,2386108,ms,Budatanapalle
183730438,2386110,ms,Gumadam
183730515,2386111,ms,Yedlapalem
183730592,2386112,ms,Kovvadapeta
183730669,2386113,ms,Kondakindam
183730977,2386117,ms,Bangaruvalasa
183731054,2386118,ms,Smartula Chintalavalasa
183731131,2386119,ms,Kondapalavalasa
183731208,2386120,ms,Marrivalasa
183731285,2386121,ms,Nayuduvalasa
183731362,2386122,ms,Gajarayunivalasa
183731593,2386125,ms,Kamannavalasa
183731670,2386126,ms,Kondakengua
183731824,2386128,ms,Tsandapuram
183731901,2386129,ms,Tsadaradavalasa
183731978,2386130,ms,Padivanvalasa
183732055,2386131,ms,Duppalapudi
183732209,2386133,ms,Rompallivalasa
183732286,2386134,ms,Arikatota
183732363,2386135,ms,Jagannadhapuram
183732440,2386136,ms,Patarega
183732517,2386137,ms,Puligummi
183732594,2386138,ms,Kuntinavalasa
183732671,2386139,ms,Kottarega
183732748,2386140,ms,Tadayadoravalasa
183732902,2386142,ms,Uddangi
183732979,2386143,ms,Poram
183733056,2386144,ms,Buchchirajupeta
183733133,2386145,ms,Gurammavalasa
183733210,2386146,ms,Jakkuva
183733364,2386148,ms,Pedachamalapalli
183733518,2386150,ms,China Chamalapalle
183733672,2386152,ms,Badevalasa
183733749,2386153,ms,Chintalavalasa
183733980,2386156,ms,Iddanavalasa
183734057,2386157,ms,Kompangi
183734134,2386158,ms,Misalapeta
183734288,2386160,ms,Rabanda
183734365,2386161,ms,Bangarammapeta
183734442,2386162,ms,Kantubukkavalasa
183734673,2386165,ms,Salipeta
183734750,2386166,ms,Lunkampeta
183734827,2386167,ms,Marrivalasa
183734904,2386168,ms,Chittayavalasa
183734981,2386169,ms,Kottabaggam
183735058,2386170,ms,Konisa
183735443,2386175,ms,Davalapeta
183735520,2386176,ms,Gittupalle
183735597,2386177,ms,Gollupalem
183735674,2386178,ms,Bhudevupeta
183735751,2386179,ms,Patabaggam
183735828,2386180,ms,Devupalle
183735905,2386181,ms,Aguru
183735982,2386182,ms,Kanimeraka
183736367,2386187,ms,Kalamrajupeta
183736906,2386194,ms,Muchcherla
183737291,2386199,ms,Marupalle
183737368,2386200,ms,Chinakada
183737445,2386201,ms,Pedakada
183737599,2386203,ms,Majjipeta
183737676,2386204,ms,Dasupeta
183737753,2386205,ms,Kannam
183737830,2386206,ms,Gobyam
183737907,2386207,ms,Vangara
183738292,2386212,ms,Bhupalarajupuram
183738369,2386213,ms,Chinnarajeru
183738754,2386218,ms,Marrivalasa
183738908,2386220,ms,Pachalavalasa
183738985,2386221,ms,Chintalavalasa
183739062,2386222,ms,Bojarajupuram
183739139,2386223,ms,Geddapeta
183739216,2386224,ms,Datti
183739370,2386226,ms,Ramachandrapuram
183739447,2386227,ms,Jaganadhapuram
183739755,2386231,ms,Pappalalingalavalasa
183739832,2386232,ms,Papayyavalasa
183740063,2386235,ms,Virasagaram
183740217,2386237,ms,Gollalupeta
183740294,2386238,ms,Vijayarampuram
183740371,2386239,ms,Shikaruganji
183740525,2386241,ms,Koduru
183740602,2386242,ms,Pinnavalasa
183740679,2386243,ms,Tsoudantivalasa
183740833,2386245,ms,Tentuvalasa
183740910,2386246,ms,Donkinivalasa
183740987,2386247,ms,Badangi
183741064,2386248,ms,Pudivalasa
183741218,2386250,ms,Ravivalasa
183741295,2386251,ms,Akulakatta
183741449,2386253,ms,Jannivalasa
183741526,2386254,ms,Kummaripeta
183741603,2386255,ms,Gangannapadu
183741680,2386256,ms,Chinnayyapeta
183741988,2386260,ms,Puligummi
183742142,2386262,ms,Gadabavalasa
183742758,2386270,ms,Porali
183742835,2386271,ms,Marrivalasa
183742912,2386272,ms,Merakamudidam
183742989,2386273,ms,Somalingapuram
183743066,2386274,ms,Pandrankipeta
183743143,2386275,ms,Gopannavalasa
183743220,2386276,ms,Banam
183743297,2386277,ms,Budarayavalasa
183743451,2386279,ms,Korlam
183743836,2386284,ms,Gottipalle
183743913,2386285,ms,Timiteru
183743990,2386286,ms,Sivvandoravalasa
183744298,2386290,ms,Bhairipuram
183744452,2386292,ms,Viswanadhapuram
183744529,2386293,ms,Bodatoravalasa
183744606,2386294,ms,Singavaram
183744683,2386295,ms,Chinamanthripeta
183744760,2386296,ms,Chellapuram
183744837,2386297,ms,Chinabantupalli
183744914,2386298,ms,Ippalavalasa
183744991,2386299,ms,Pedaravyam
183745068,2386300,ms,Chinaravyam
183745299,2386303,ms,Vemali
183745530,2386306,ms,Manakalapeta
183745607,2386307,ms,Kondagandredu
183745684,2386308,ms,Devunikanapaka
183745761,2386309,ms,Koyanapeta
183745915,2386311,ms,Pedabantupalle
183745992,2386312,ms,Regatiagraharam
183746069,2386313,ms,Gavudupeta
183746146,2386314,ms,Gurunayudupeta
183746377,2386317,ms,Giddalapeta
183746454,2386318,ms,Pallegandredu
183746531,2386319,ms,Garikivalasa
183746685,2386321,ms,Tettangi
183746762,2386322,ms,Govupeta
183746839,2386323,ms,Lingalavalasa
183747147,2386327,ms,Gadasam
183747301,2386329,ms,Pakirukittali
183747378,2386330,ms,Chakivalasa
183747532,2386332,ms,Dannanapeta
183747609,2386333,ms,Dengaamapara
183747840,2386336,ms,Kindam Agraharam
183747917,2386337,ms,Pedamajjipalem
183747994,2386338,ms,Kittubarti
183748071,2386339,ms,Penasam
183748148,2386340,ms,Godiyada
183748225,2386341,ms,Ginjeru
183748302,2386342,ms,Kondatamarapalli
183748533,2386345,ms,Buradapadu
183748610,2386346,ms,Korlam
183748687,2386347,ms,Gantyada
183748764,2386348,ms,Narava
183748841,2386349,ms,Rayavalasa
183748918,2386350,ms,Lakidam
183749149,2386353,ms,Chandrampeta
183749226,2386354,ms,Siripuram
183749303,2386355,ms,Murapaka
183749380,2386356,ms,Rakodu
183749457,2386357,ms,Pinavemali
183749534,2386358,ms,Pedavemali
183749611,2386359,ms,Venne
183749688,2386360,ms,Vasanta
183749765,2386361,ms,Jannivalasa
183749842,2386362,ms,Venkatrajupalem
183750381,2386369,ms,Chillapalem
183750458,2386370,ms,Yatapalem
183750766,2386374,ms,Godikommu
183750997,2386377,ms,Annamrajupeta
183751074,2386378,ms,Pushpagiri
183751151,2386379,ms,Potnuru
183751305,2386381,ms,Kumaram
183751382,2386382,ms,Attada
183751536,2386384,ms,Duvvupeta
183751613,2386385,ms,Gaddapeta
183751690,2386386,ms,Padagalapeta
183751767,2386387,ms,Bodamettapalem
183751844,2386388,ms,Ramunayupeta
183751921,2386389,ms,Lingannapeta
183752383,2386395,ms,Koyyapeta
183752460,2386396,ms,Chinnapuram
183752537,2386397,ms,Botsapeta
183752614,2386398,ms,Golaganipeta
183752691,2386399,ms,Bapirajutallavalasa
183752768,2386400,ms,Duvvupeta
183752922,2386402,ms,Akulapeta
183752999,2386403,ms,Jonnada
183753153,2386405,ms,Chittigunkalam
183753384,2386408,ms,Raghumanda
183753538,2386410,ms,Gollalupeta
183753615,2386411,ms,Koradapeta
183753692,2386412,ms,Gundalupeta
183753769,2386413,ms,Ambativalasa
183753923,2386415,ms,Malicherla
183754000,2386416,ms,Chintalavalasa
183754077,2386417,ms,Gundalapeta
183754154,2386418,ms,Korukonda
183754231,2386419,ms,Sarika
183754308,2386420,ms,Biyyalapeta
183754924,2386428,ms,Ramavaram
183755001,2386429,ms,Dwarapudi
183755078,2386430,ms,Nandam
183755155,2386431,ms,Gunkalam
183755232,2386432,ms,Jaggapuram
183755309,2386433,ms,Gurlapeta
183755540,2386436,ms,Vendram
183755617,2386437,ms,Garudabilli
183755771,2386439,ms,Gotlam
183756002,2386442,ms,Rollavaka
183756079,2386443,ms,Ambativalasa
183756156,2386444,ms,Chandrammapeta
183756233,2386445,ms,Tekkali
183756310,2386446,ms,Nelivada
183756387,2386447,ms,Kondakarakam
183756541,2386449,ms,Tummalapeta
183756618,2386450,ms,Karatam
183756695,2386451,ms,Billalavalasa
183756772,2386452,ms,Tamatada
183756849,2386453,ms,Parasam
183756926,2386454,ms,Bhupalapuram
183757003,2386455,ms,Mudduru
183757080,2386456,ms,Bondapalle
183757157,2386457,ms,Gollapeta
183757311,2386459,ms,Nadupuru
183757388,2386460,ms,Burugapeta
183757465,2386461,ms,Chinna Burugapeta
183757619,2386463,ms,Nakkalapeta
183757696,2386464,ms,Palavalasa
183757773,2386465,ms,Punnapureddipeta
183757850,2386466,ms,Gudem
183757927,2386467,ms,Gujjangivalasa
183758235,2386471,ms,Manipuripeta
183758389,2386473,ms,Solipisomarajupeta
183758466,2386474,ms,Moyidavijayarampuram
183758543,2386475,ms,Chintalapeta
183758620,2386476,ms,Gurla
183758697,2386477,ms,Gosada
183758774,2386478,ms,Papayyapeta
183758851,2386479,ms,Kalavacherla
183759005,2386481,ms,Garikipeta
183759467,2386487,ms,Ramatirthalu
183759544,2386488,ms,Gurlapeta
183759621,2386489,ms,Appayyapeta
183759852,2386492,ms,Jaggarajupeta
183760006,2386494,ms,Kudipi
183760237,2386497,ms,Munginapalle
183761084,2386508,ms,Dwarapureddipalem
183761161,2386509,ms,Denkada
183761238,2386510,ms,Doddibaduva
183761392,2386512,ms,Pinatadivada
183761469,2386513,ms,Godipalem
183761546,2386514,ms,Vedullavalasa
183761700,2386516,ms,Bellam
183761777,2386517,ms,Gantlam
183761854,2386518,ms,Pedada
183761931,2386519,ms,Bantupalle
183762008,2386520,ms,Akkivaram
183762085,2386521,ms,Golagam
183762393,2386525,ms,Putikapeta
183762470,2386526,ms,Amakam
183762547,2386527,ms,Muddadapeta
183762624,2386528,ms,Mopada
183762701,2386529,ms,Kella
183762778,2386530,ms,Regubilli
183762855,2386531,ms,Korada
183763086,2386534,ms,Gottivalasa
183764241,2386549,ms,Musaguda
183764626,2386554,ms,Katenar
183765088,2386560,ms,Kelaur
183765165,2386561,ms,Gumadpal
183765396,2386564,ms,Chandragiri
183765550,2386566,ms,Jamguda
183765704,2386568,ms,Kokaras
183766012,2386572,ms,Velapara
183766166,2386574,ms,Karka
183766243,2386575,ms,Kondalur
183766628,2386580,ms,Kakalgur
183766859,2386583,ms,Tiratgarh
183767321,2386589,ms,Mangnar
183767552,2386592,ms,Kamanar
183767706,2386594,ms,Neganar
183767860,2386596,ms,Lendra
183768091,2386599,ms,Erenduvar
183768553,2386605,ms,Rajur
183768630,2386606,ms,Bataguda
183768707,2386607,ms,Koyapal
183768938,2386610,ms,Durkiguda
183769015,2386611,ms,Koynar
183769169,2386613,ms,Kaknar
183769246,2386614,ms,Mahkapal
183769631,2386619,ms,Jamavada
183769785,2386621,ms,Solpiguda
183770016,2386624,ms,Tondapal
183770324,2386628,ms,Gadamguda
183770478,2386630,ms,Maulipader
183770863,2386635,ms,Jopar
183771094,2386638,ms,Nagalsar
183771171,2386639,ms,Kandanar
183771710,2386646,ms,Marenga
183771864,2386648,ms,Litiras
183771941,2386649,ms,Chakiras
183772018,2386650,ms,Amirgarh
183772095,2386651,ms,Tongpal
183772172,2386652,ms,Ludkiras
183772249,2386653,ms,Leda
183772326,2386654,ms,Kasanpal
183773250,2386666,ms,Idjepal
183773481,2386669,ms,Urmapal
183773558,2386670,ms,Barsiras
183774020,2386676,ms,Gudra
183774097,2386677,ms,Ganjenad
183774328,2386680,ms,Balatekra
183774867,2386687,ms,Jaddaguda
183774944,2386688,ms,Kavasiras
183775329,2386693,ms,Talnar
183775406,2386694,ms,Puriras
183775714,2386698,ms,Suriapal
183775868,2386700,ms,Kindaryada
183775945,2386701,ms,Kikripal
183776022,2386702,ms,Nathanar
183776099,2386703,ms,Jangampai
183776869,2386713,ms,Chitalnar
183777562,2386722,ms,Govindpal
183777947,2386727,ms,Suganghat
183778178,2386730,ms,Chidpal
183778717,2386737,ms,Mundval
183779179,2386743,ms,Kosrabata
183779795,2386751,ms,Udupa
183779872,2386752,ms,Mendiguda
183780103,2386755,ms,Konjili
183780565,2386761,ms,Pulimetta
183780719,2386763,ms,Mangapalle
183780796,2386764,ms,Kangurkonda
183780950,2386766,ms,Potakallu
183781181,2386769,ms,Pakela
183781335,2386771,ms,Kokarpal
183781797,2386777,ms,Tondiki
183781874,2386778,ms,Bondikiguda
183782105,2386781,ms,Cholanuguda
183782182,2386782,ms,Singarajukunta
183782490,2386786,ms,Dhoriguda
183782644,2386788,ms,Tumasa
183782875,2386791,ms,Tumasapalle
183782952,2386792,ms,Goreguda
183783568,2386800,ms,Bankiguda
183783645,2386801,ms,Syadimala
183783799,2386803,ms,Telumetta
183783876,2386804,ms,Damaguda
183784261,2386809,ms,Kachcheli
183784415,2386811,ms,Jilleruguda
183784492,2386812,ms,Podmogiri
183784569,2386813,ms,Tatiguda
183785108,2386820,ms,Simagudi
183785185,2386821,ms,Munusukonda
183785339,2386823,ms,Daniguda
183785493,2386825,ms,Nilimiri
183785724,2386828,ms,Sardaguda
183785955,2386831,ms,Buduguda
183786494,2386838,ms,Vanakabadi
183786802,2386842,ms,Vallada
183786879,2386843,ms,Ambaguda
183787187,2386847,ms,Singavaram
183787495,2386851,ms,Sudhakunta
183787572,2386852,ms,Elkanur
183788188,2386860,ms,Tekiguda
183788342,2386862,ms,Bodiliguda
183788650,2386866,ms,Sindhiguda
183788804,2386868,ms,Pedakonda
183788881,2386869,ms,Mandapalle
183789959,2386883,ms,Bandaguda
183790113,2386885,ms,Kamvada
183790190,2386886,ms,Cheruguda
183791191,2386899,ms,Gumaka
183791268,2386900,ms,Bayyada
183791345,2386901,ms,Gorada
183791422,2386902,ms,Jogipuram
183791499,2386903,ms,Yeguvagunada
183791730,2386906,ms,Dorakikkuva
183791884,2386908,ms,Kolliguda
183791961,2386909,ms,Gandra
183792192,2386912,ms,Viswanadhapuram
183792346,2386914,ms,Nellikikkuva
183792423,2386915,ms,Lova Lakshmipuram
183792500,2386916,ms,Kottavalasa
183792731,2386919,ms,Karlaguda
183792885,2386921,ms,Gujjalagandi
183793039,2386923,ms,Ravikona
183793116,2386924,ms,Kusturu
183793193,2386925,ms,Gondilova
183793270,2386926,ms,Gummuduguda
183793578,2386930,ms,Rangapuram
183793655,2386931,ms,Duribili
183793732,2386932,ms,Guggipadu
183793809,2386933,ms,Karlaganda
183793963,2386935,ms,Palem
183794040,2386936,ms,Kumbikota
183794117,2386937,ms,Marriguda
183794194,2386938,ms,Chidipalle
183794271,2386939,ms,Chakavalasa
183794348,2386940,ms,Gollavalasa
183794425,2386941,ms,Sangadda
183794502,2386942,ms,Biyalavalasa
183794810,2386946,ms,Pedda Kurupam
183794964,2386948,ms,Venkatapuram
183795041,2386949,ms,Puligummi
183795195,2386951,ms,Pattedoraluvalasa
183795272,2386952,ms,Katandoravalasa
183795426,2386954,ms,Jogirajupeta
183795657,2386957,ms,Chandrasekarapuram
183795734,2386958,ms,Taladumma
183796042,2386962,ms,Subhadrammavalasa
183796119,2386963,ms,Kannapudoravalasa
183796196,2386964,ms,Batlabhadra
183796273,2386965,ms,Chinamerangi
183796427,2386967,ms,Alluvada
183796581,2386969,ms,Chinna Tumbali
183796735,2386971,ms,Joguladumma
183796812,2386972,ms,Gangampeta
183796889,2386973,ms,Lingalavalasa
183797197,2386977,ms,Rajayyapeta
183797351,2386979,ms,Singanapuram
183797428,2386980,ms,Nandivadvalasa
183797505,2386981,ms,Gadabavalasa
183797736,2386984,ms,Parajupadu
183797813,2386985,ms,Gadavalasa
183797890,2386986,ms,Dattivalasa
183798121,2386989,ms,Pippalibhadra
183798198,2386990,ms,Totapalle
183798275,2386991,ms,Gauripuram
183798352,2386992,ms,Tekkalipaduvalasa
183798429,2386993,ms,Konda Tiruvada
183798583,2386995,ms,Geddatiruvada
183798660,2386996,ms,Ankavaram
183798737,2386997,ms,Itike
183798814,2386998,ms,Santoshapuram
183798891,2386999,ms,Khadgavalasa
183798968,2387000,ms,Turakanayhuduvalasa
183799122,2387002,ms,Lakhanapuram
183799199,2387003,ms,Pittalametta
183799276,2387004,ms,Chinabuddidi
183799353,2387005,ms,Ramanayuduvalasa
183799507,2387007,ms,Chinagora
183799969,2387013,ms,Bommika
183800046,2387014,ms,Jiyyammavalasa
183800200,2387016,ms,Arnada
183800277,2387017,ms,Vanija
183800431,2387019,ms,Duggi
183800739,2387023,ms,Tummiguda
183800893,2387025,ms,Bodavalasa
183800970,2387026,ms,Appandoravalasa
183801047,2387027,ms,Alamanda
183801124,2387028,ms,Sikhabadi
183801201,2387029,ms,Nilakanthapuram
183801278,2387030,ms,Chinna Tolmanda
183801355,2387031,ms,Pallapusiripi
183801509,2387033,ms,Pedadodija
183801894,2387038,ms,Kittalapadu
183802048,2387040,ms,Ramabhadrapuram
183802433,2387045,ms,Kitikesu
183802587,2387047,ms,Chinadodija
183802818,2387050,ms,Gorli
183802972,2387052,ms,Pandesingi
183803203,2387055,ms,Chinapolla
183803280,2387056,ms,Peddapolla
183803434,2387058,ms,Rupai
183803588,2387060,ms,Danjupai
183803819,2387063,ms,Jeypuram
183804050,2387066,ms,Kakili
183804127,2387067,ms,Likkadi
183804281,2387069,ms,Tiyali
183804358,2387070,ms,Saki
183804820,2387076,ms,Dandasura
183805051,2387079,ms,Dharma Lakshmipuram
183805128,2387080,ms,Jumbiri
183805821,2387089,ms,Chintala Koridi
183805898,2387090,ms,Sandiguda
183806052,2387092,ms,Saldanguda
183806360,2387096,ms,Gotukuppa
183806437,2387097,ms,Kolasa
183806668,2387100,ms,Lankajodi
183806976,2387104,ms,Madiguda
183807130,2387106,ms,Sandiguda
183807207,2387107,ms,Nagaoka
183807284,2387108,ms,Kariniguda
183807438,2387110,ms,Nagaraguda
183807515,2387111,ms,Maripalle
183807669,2387113,ms,Donga Baramani
183808208,2387120,ms,Mantikonda
183808285,2387121,ms,Neradumanguda
183808439,2387123,ms,Gurjipadu
183808516,2387124,ms,Palem Baridi
183808593,2387125,ms,Kondabaridi
183808670,2387126,ms,Gunjarada
183808747,2387127,ms,Udayapuram
183808824,2387128,ms,Kakithada
183809286,2387134,ms,Sardapuram
183809363,2387135,ms,Savarakotapadu
183810287,2387147,ms,Eguvamanda
183810364,2387148,ms,Sadunuguda
183810595,2387151,ms,Gadabavalasa
183811134,2387158,ms,Tikkabai
183811211,2387159,ms,Nereduvalasa
183811442,2387162,ms,Konaguda
183811596,2387164,ms,Chidimanguda
183812058,2387170,ms,Bottili
183812289,2387173,ms,Santoshpuram
183812366,2387174,ms,Medgada
183812520,2387176,ms,Vopangi
183812674,2387178,ms,Podi
183812982,2387182,ms,Marriguda
183813213,2387185,ms,Baleru
183813367,2387187,ms,Lakkaguda
183813598,2387190,ms,Vandadi
183813906,2387194,ms,Rajjili
183814060,2387196,ms,Kilada
183814137,2387197,ms,Gijaba
183814445,2387201,ms,Dharmapeta
183814522,2387202,ms,Bhattigudem
183814753,2387205,ms,Polampalli
183814830,2387206,ms,Redlapalli
183814984,2387208,ms,Vankamadugu
183815061,2387209,ms,Kottur
183815292,2387212,ms,Lingalapalli
183815446,2387214,ms,Lachigudem
183816139,2387223,ms,Gollaguppa
183816447,2387227,ms,Narsingapeta
183816524,2387228,ms,Narakonda
183816678,2387230,ms,Alligudem
183816755,2387231,ms,Mallempeta
183816986,2387234,ms,Mosalmadugu
183817371,2387239,ms,Pega
183817448,2387240,ms,Venkagudem
183817679,2387243,ms,Boddugudem
183817833,2387245,ms,Amiti
183817910,2387246,ms,Ravimanu Gadabavalasa
183817987,2387247,ms,Singireddivalasa
183818064,2387248,ms,Locherla
183818141,2387249,ms,Terlam
183818218,2387250,ms,Tamayyavalasa
183818372,2387252,ms,Velagavalasa
183818449,2387253,ms,Panukuvalasa
183818603,2387255,ms,Gopalavalasa
183818680,2387256,ms,Chinnayyapeta
183818757,2387257,ms,Sivvam
183818911,2387259,ms,Korivalasa
183818988,2387260,ms,Dattivalasa
183819142,2387262,ms,Gadabavalasa
183819219,2387263,ms,Pedabuddidi
183819604,2387268,ms,Rajulagumada
183819758,2387270,ms,Kotturu
183819835,2387271,ms,Ravipalle
183819912,2387272,ms,Kottapalle
183819989,2387273,ms,Peddimpeta
183820066,2387274,ms,Chinna Rajulagumada
183820143,2387275,ms,Chittapulivalasa
183820220,2387276,ms,Kimmi
183820297,2387277,ms,Kottugumada
183820374,2387278,ms,Gadagamma
183820451,2387279,ms,Chidimi
183820605,2387281,ms,Chidimidarisitaram Rajupeta
183820682,2387282,ms,Rusingi
183820913,2387285,ms,Arasada
183820990,2387286,ms,Padamavalasa
183821067,2387287,ms,Ravivalasa
183821144,2387288,ms,Gowripuram
183821221,2387289,ms,Kopparavalasa
183821298,2387290,ms,Bangaruvalasa
183821375,2387291,ms,Polirayuduvalasa
183821606,2387294,ms,Koppara
183821683,2387295,ms,Narayanapuram
183821991,2387299,ms,Chilkalapalle
183822068,2387300,ms,Pedapenki
183822145,2387301,ms,Gudivada Agraharam
183822299,2387303,ms,Nukalavada
183822607,2387307,ms,Eruvada
183822684,2387308,ms,Chowdarivalasa
183822992,2387312,ms,Ampavilll
183823069,2387313,ms,Vantaram
183823146,2387314,ms,Kotta Vantaram
183823223,2387315,ms,Appalammapeta
183823531,2387319,ms,Burjavalasa
183823608,2387320,ms,Kollivalasa
183823685,2387321,ms,Antlavara
183823762,2387322,ms,Kortam
183823916,2387324,ms,Lingapuram
183823993,2387325,ms,Sativada
183824070,2387326,ms,Kavirayunivalasa
183824147,2387327,ms,Nemalam
183824378,2387330,ms,Maruvada
183824455,2387331,ms,Gangada
183824532,2387332,ms,Kinjangi
183824763,2387335,ms,Parampeta
183824840,2387336,ms,Kayitapalle
183824917,2387337,ms,Vappangi
183824994,2387338,ms,Gadabavalasa
183825071,2387339,ms,Uddavolu
183825148,2387340,ms,Sundarada
183825225,2387341,ms,Unukuru
183825302,2387342,ms,Galavilli
183825379,2387343,ms,Srirangarajapuram
183825456,2387344,ms,Narannaiduvalasa
183825687,2387347,ms,Arasada
183825764,2387348,ms,Kondavalasa
183825995,2387351,ms,Nilayyavalasa
183826149,2387353,ms,Dolapeta
183826226,2387354,ms,Jagannadhavalasa
183826380,2387356,ms,Madduvalasa
183826457,2387357,ms,Sarasanapalli
183826534,2387358,ms,Panasalavalasa
183826611,2387359,ms,Kodisa
183826688,2387360,ms,Bhagempeta
183826765,2387361,ms,Kandisa
183826842,2387362,ms,Narendrapuram
183827073,2387365,ms,Kottisa
183827227,2387367,ms,Vangara
183827304,2387368,ms,Bitivada
183827381,2387369,ms,Kummarigunta
183827458,2387370,ms,Chebiyyamvalasa
183827612,2387372,ms,Sivvam
183827766,2387374,ms,Maddivalasa
183827997,2387377,ms,Bodlapadu
183828074,2387378,ms,Tudi
183828151,2387379,ms,Talagam
183828382,2387382,ms,Husainpuram
183828459,2387383,ms,Regulapadu
183828536,2387384,ms,Peddavalasa
183828844,2387388,ms,Nadukuru
183828921,2387389,ms,Vikrampuram
183829075,2387391,ms,Buruga
183829306,2387394,ms,Gopalapuram
183829460,2387396,ms,Dasumantapuram
183829614,2387398,ms,Kottakota
183829691,2387399,ms,Narsipuram
183829845,2387401,ms,Kusumuru
183829922,2387402,ms,Chekkapuram
183829999,2387403,ms,Darapadu
183830076,2387404,ms,Donubai
183830307,2387407,ms,Jallara
183830538,2387410,ms,Pubbada
183830615,2387411,ms,Gujji
183830846,2387414,ms,Chinapallanki
183831000,2387416,ms,Geddakola
183831077,2387417,ms,Antikonda
183831154,2387418,ms,Achchaba
183831231,2387419,ms,Menakota
183831308,2387420,ms,Jamparakota
183831693,2387425,ms,Barna
183831770,2387426,ms,Koncha
183831924,2387428,ms,Akkirajupeta
183832001,2387429,ms,Baddumasingi
183832309,2387433,ms,Avalangi
183832463,2387435,ms,Singupuram
183832540,2387436,ms,Biyyalavalasa
183832694,2387438,ms,Chinakotipalle
183832771,2387439,ms,Pedakotipalle
183832925,2387441,ms,Bhasuru
183833002,2387442,ms,Padmapuram
183833079,2387443,ms,Mallividu
183833156,2387444,ms,Vanduva
183833233,2387445,ms,Adaru
183833310,2387446,ms,Tettangi
183833387,2387447,ms,Navagam
183833464,2387448,ms,Duggi
183833541,2387449,ms,Potli
183833618,2387450,ms,Vatapagu
183833695,2387451,ms,Nakkapeta
183833772,2387452,ms,Panukuvalasa
183833849,2387453,ms,Attali
183833926,2387454,ms,Aradala
183834003,2387455,ms,Chintada
183834157,2387457,ms,Tumarada
183834234,2387458,ms,Talavaram
183834311,2387459,ms,Bejji
183834542,2387462,ms,Nilanagaram
183834619,2387463,ms,Panasanandivada
183834850,2387466,ms,Tampatapalle
183834927,2387467,ms,Bukkuru
183835004,2387468,ms,Chinamangala Puram
183835081,2387469,ms,Gottamangala Puram
183835158,2387470,ms,Boddavalasa
183835235,2387471,ms,Sankili
183835312,2387472,ms,Chinnayyapeta
183835389,2387473,ms,Amidalavalasa
183835774,2387478,ms,Tunivada
183835851,2387479,ms,Ambada
183835928,2387480,ms,Venkatapuram
183836005,2387481,ms,Poram
183836159,2387483,ms,Reddipeta
183836544,2387488,ms,Appapuram
183836621,2387489,ms,Mamidivalasa
183836698,2387490,ms,Vandanipeta
183836929,2387493,ms,Gullapadu
183837083,2387495,ms,Buddipeta
183837160,2387496,ms,China Sirlam
183837237,2387497,ms,Tokalavalas
183837314,2387498,ms,Pedda Lingalavalasa
183837391,2387499,ms,Ambalagandi
183837545,2387501,ms,Nadimikella
183837622,2387502,ms,Kadakella
183837776,2387504,ms,Papampeta
183837853,2387505,ms,Marupenta
183837930,2387506,ms,Maguru
183838007,2387507,ms,Korla Valasa
183838084,2387508,ms,Palagara
183838161,2387509,ms,Nimmalavalas
183838238,2387510,ms,Dolamada
183838315,2387511,ms,Kandivalasa
183838392,2387512,ms,Chukkapeta
183838700,2387516,ms,Vallapuram
183838777,2387517,ms,Barlapeta
183838854,2387518,ms,Damarasingi
183839008,2387520,ms,Sativada
183839085,2387521,ms,Gushini
183839162,2387522,ms,Madhupada
183839239,2387523,ms,Pinatarimi
183839316,2387524,ms,Jogiraspeta
183839393,2387525,ms,Alugolu
183839470,2387526,ms,Ragolu
183839778,2387530,ms,Bongupeta
183839855,2387531,ms,Tekkalivalasa
183839932,2387532,ms,Perumali
183840009,2387533,ms,Dommugani Gadabavalasa
183840086,2387534,ms,Rachagumadam
183840317,2387537,ms,Chinapalavalasa
183840394,2387538,ms,Pedapalavalasa
183840471,2387539,ms,Yegireddipeta
183840548,2387540,ms,Satamvalasa
183840625,2387541,ms,Bhimavaram
183840779,2387543,ms,Kondalaveru
183840933,2387545,ms,Putikavalasa
183841010,2387546,ms,Kalamrajupeta
183841087,2387547,ms,Siridevipuram
183841241,2387549,ms,Gurugubilli
183841318,2387550,ms,Yadaki
183841395,2387551,ms,Gadabavalasa
183841472,2387552,ms,Kondadadi
183841626,2387554,ms,Billalavalasa
183841703,2387555,ms,Vedullavalasa
183841857,2387557,ms,Baguvalasa
183841934,2387558,ms,Mandiravalasa
183842011,2387559,ms,Appannavalasa
183842165,2387561,ms,Gotnandi
183842242,2387562,ms,Gollavalasa
183842319,2387563,ms,Mirasipeta
183842473,2387565,ms,Vijayarampuram
183842550,2387566,ms,Palavalasa
183842704,2387568,ms,Vijayarampuram
183842781,2387569,ms,Kumaram
183842858,2387570,ms,Enuguvalasa
183842935,2387571,ms,Akulapeta
183843012,2387572,ms,Burravarigollala Palem
183843243,2387575,ms,Kondalakshmipuram
183843397,2387577,ms,Tatiguda
183843474,2387578,ms,Geddapuvalasa
183843551,2387579,ms,Penubarti
183843782,2387582,ms,Seripeta
183844013,2387585,ms,Nadipannapeta
183844244,2387588,ms,Vijayarampuram
183844321,2387589,ms,Kottapeta
183844475,2387591,ms,Ravivalasa
183844552,2387592,ms,Potayavalasa
183844629,2387593,ms,Palavalasa
183844706,2387594,ms,Pattikayavalasa
183844783,2387595,ms,Devarapeta
183844860,2387596,ms,Gachilavalasa
183844937,2387597,ms,Perapi
183845091,2387599,ms,Kellapalem
183845168,2387600,ms,Sivaram
183845322,2387602,ms,Gurannapeta
183845476,2387604,ms,Nagampeta
183845553,2387605,ms,Purreyavalasa
183845630,2387606,ms,Ramalingapuram
183845784,2387608,ms,Mettapalle
183845861,2387609,ms,Sankupalem
183845938,2387610,ms,Karakam
183846015,2387611,ms,Karlam
183846092,2387612,ms,Modugulapeta
183846169,2387613,ms,Chukkavalasa
183846246,2387614,ms,Kondasambham
183846323,2387615,ms,Kapusambham
183846400,2387616,ms,Geddakancharam
183846477,2387617,ms,Batuva
183846631,2387619,ms,Enduva
183846708,2387620,ms,Punnam
183846862,2387622,ms,Ullivalasa
183847170,2387626,ms,Bondapalle
183847247,2387627,ms,Mushinivalasa
183847324,2387628,ms,Sarveswarapuram
183847478,2387630,ms,Jagannadhavalasa
183847632,2387632,ms,Enduvapeta
183847709,2387633,ms,Garraju Chipurupalle
183847786,2387634,ms,Kottarupuram
183847940,2387636,ms,Nandabalaga
183848017,2387637,ms,Soperu
183848171,2387639,ms,Bomminayuduvalasa
183848248,2387640,ms,Penubaka
183848325,2387641,ms,Sampuram
183848402,2387642,ms,Boddam
183848556,2387644,ms,Maredubaka
183848787,2387647,ms,Rajayyapeta
183849018,2387650,ms,Timayyapeta
183849249,2387653,ms,Ommi
183849711,2387659,ms,Kagam
183849865,2387661,ms,Aguru
183849942,2387662,ms,Amaram
183850019,2387663,ms,Raminaiduvalasa
183850096,2387664,ms,Gadimudidam
183850250,2387666,ms,Parasurampuram
183850327,2387667,ms,Mulakalavalasa
183850481,2387669,ms,Yalukalapeta
183850558,2387670,ms,Alajangi
183850635,2387671,ms,Bhimunipalem
183850712,2387672,ms,Adapaka
183850789,2387673,ms,Batupalem
183850866,2387674,ms,Ijjarapalem
183850943,2387675,ms,Govindapuram
183851097,2387677,ms,Venkatapuram
183851174,2387678,ms,Bharinikam
183851328,2387680,ms,Kottakota
183851405,2387681,ms,Potayavalasa
183851559,2387683,ms,Gurralapalem
183851636,2387684,ms,Pata Kunkam
183851713,2387685,ms,Gunidam
183851790,2387686,ms,Chokarapalem
183851867,2387687,ms,Nimmalavalasa
183851944,2387688,ms,Devarapodilam
183852021,2387689,ms,Kothakunkam
183852098,2387690,ms,Kondakunkam
183852175,2387691,ms,Banam
183852329,2387693,ms,Paidayavalasa
183852406,2387694,ms,Gangandorapalem
183852483,2387695,ms,Penasam
183852637,2387697,ms,Devaravalasa
183852714,2387698,ms,Mangampeta
183852868,2387700,ms,Ijjipeta
183852945,2387701,ms,Paparajupeta
183853022,2387702,ms,Malakam
183853099,2387703,ms,Tando Jam
183853176,2387704,ms,Gaddapalem
183853253,2387705,ms,Velagada
183853330,2387706,ms,Chandrayyapeta
183853407,2387707,ms,Nadimvalasa
183853561,2387709,ms,Chettupodilam
183853715,2387711,ms,Madhupam
183853792,2387712,ms,Kaparam
183853869,2387713,ms,Botlapeta
183853946,2387714,ms,Lakshmipuram
183854023,2387715,ms,Vandrangi
183854100,2387716,ms,Adanampeta
183854177,2387717,ms,Niddam
183854331,2387719,ms,Gobburu
183854408,2387720,ms,Mettavalasa
183854485,2387721,ms,Malakandyam
183854716,2387724,ms,Pogiri
183854793,2387725,ms,Guyyannavalasa
183854870,2387726,ms,Sitampeta
183855024,2387728,ms,Gedelapeta
183855101,2387729,ms,Tankaladuggivalasa
183855178,2387730,ms,Nakkapeta
183855255,2387731,ms,Suravaram
183855332,2387732,ms,Penta
183855409,2387733,ms,Nagulavalasa
183855486,2387734,ms,Ramanujulupeta
183855871,2387739,ms,Ijjipeta
183856025,2387741,ms,Pullita
183856179,2387743,ms,Billani
