id,city_id,language_key,name
130685530,1697215,pl,Frantzeskiana Metochia
130685684,1697217,pl,Zouridi
130686146,1697223,pl,Zotiko
130686300,1697225,pl,Zorianos
130686377,1697226,pl,Zoodochos Pigi
130686454,1697227,pl,Zoodochos Pigi
130686531,1697228,pl,Zoodochos
130686608,1697229,pl,Zoniana
130686685,1697230,pl,Zoni
130686839,1697232,pl,Zola
130686993,1697234,pl,Agios Eleousa
130687070,1697235,pl,Zoforoi
130687147,1697236,pl,Zizani
130687224,1697237,pl,Zitsa
130687301,1697238,pl,Ziros
130687378,1697239,pl,Ziria
130687455,1697240,pl,Zinta
130687609,1697242,pl,Zympragos
130687686,1697243,pl,Zilevton
130687763,1697244,pl,Zilefti
130687994,1697247,pl,Zygos
130688071,1697248,pl,Zygos
130688148,1697249,pl,Zyfias
130688225,1697250,pl,Zevgolateio
130688379,1697252,pl,Zevgolateio
130688456,1697253,pl,Zevgolatio
130688533,1697254,pl,Zevgaraki
130688610,1697255,pl,Zervo
130688687,1697256,pl,Zervochori
130688764,1697257,pl,Zerviana
130688841,1697258,pl,Zervata
130688918,1697259,pl,Lampero
130688995,1697260,pl,Zermpisia
130689226,1697263,pl,Zemeno
130689303,1697264,pl,Zeli
130689380,1697265,pl,Zefyria
130689765,1697270,pl,Zaros
130689842,1697271,pl,Zarkos
130689919,1697272,pl,Dasochori
130689996,1697273,pl,Zarkadhokhorion
130690150,1697275,pl,Zarakes
130690227,1697276,pl,Zappeio
130690381,1697278,pl,Zampelata
130690535,1697280,pl,Załogko
130690612,1697281,pl,Kato Zakros
130690689,1697282,pl,Zakintos
130690766,1697283,pl,Zachloritika
130690843,1697284,pl,Zacharo
130691151,1697288,pl,Drosia
130691228,1697289,pl,Zaimi
130691305,1697290,pl,Zag
130691382,1697291,pl,Zagano
130691536,1697293,pl,Githio
130691613,1697294,pl,Gyrtoni
130691690,1697295,pl,Giromeri
130691921,1697298,pl,Gioulaiika
130692075,1697300,pl,Yiofirakia
130692152,1697301,pl,Gymnotopos
130692229,1697302,pl,Yimnon
130692306,1697303,pl,Yimno
130692383,1697304,pl,Gilofos
130692537,1697306,pl,Yiatsaiika
130692691,1697308,pl,Giannousaiika
130692768,1697309,pl,Januli Larisas
130692845,1697310,pl,Giannoulaiika
130692999,1697312,pl,Giannoudi
130693076,1697313,pl,Giannota
130693307,1697316,pl,Giannitsou
130693384,1697317,pl,Yiannitsokhorion
130693461,1697318,pl,Giannitsi
130693538,1697319,pl,Gannirdup
130693615,1697320,pl,Giannioti
130693846,1697323,pl,Dafni
130693923,1697324,pl,Giannides
130694077,1697326,pl,Kato Giannaioi
130694231,1697328,pl,Gialtra
130694462,1697331,pl,Gialos
130694539,1697332,pl,Jali
130694616,1697333,pl,Gergeri
130694693,1697334,pl,Gerovrysi
130694770,1697335,pl,Gerousaiika
130694924,1697337,pl,Geroplatanos
130695001,1697338,pl,Geroplatanos
130695078,1697339,pl,Geroplatanos
130695155,1697340,pl,Agios Charalampos
130695309,1697342,pl,Gerolimenas
130695386,1697343,pl,Jerolakos
130695771,1697348,pl,Gerani
130695848,1697349,pl,Gerani
130696002,1697351,pl,Gerakiou
130696079,1697352,pl,Geraki
130696156,1697353,pl,Geraki
130696233,1697354,pl,Geraki
130696387,1697356,pl,Yerakas
130696464,1697357,pl,Gerakari
130696618,1697359,pl,Gerakari
130696849,1697362,pl,Gerakari
130697157,1697366,pl,Georgiko
130697311,1697368,pl,Georgoutsatika
130697388,1697369,pl,Geogoulaiika
130697542,1697371,pl,Georganoi
130697619,1697372,pl,Yeorgandaiika
130697696,1697373,pl,Georganades
130697773,1697374,pl,Jennadi
130697927,1697376,pl,Yenion
130698081,1697378,pl,Genesi
130698235,1697380,pl,Yelliniatika
130698312,1697381,pl,Gelanthi
130698389,1697382,pl,Jefiria
130698466,1697383,pl,Gefyraki
130698543,1697384,pl,Kyparissi
130698697,1697386,pl,Gefyra
130698774,1697387,pl,Xourichti
130698928,1697389,pl,Xirovalto
130699005,1697390,pl,Xirosternio
130699082,1697391,pl,Xiropigado
130699159,1697392,pl,Xironomi
130699236,1697393,pl,Xiro Chorio
130699313,1697394,pl,Xirolofos
130699390,1697395,pl,Xirolivado
130699467,1697396,pl,Xirolimni
130699621,1697398,pl,Xirochori
130699698,1697399,pl,Xirokastello
130699775,1697400,pl,Palaiokastro
130699852,1697401,pl,Xirokaritaina
130699929,1697402,pl,Xirokampos
130700006,1697403,pl,Xirokampos
130700083,1697404,pl,Xirokampos
130700160,1697405,pl,Xirokampos
130700237,1697406,pl,Xirokampos
130700314,1697407,pl,Xirokambos
130700391,1697408,pl,Xirokampion
130700468,1697409,pl,Xirokampi
130700545,1697410,pl,Chouliaraiika
130700699,1697412,pl,Xiraiika
130700776,1697413,pl,Xynovrysi
130700853,1697414,pl,Xinoneri
130700930,1697415,pl,Xinias
130701084,1697417,pl,Xylosyrtis
130701238,1697419,pl,Xyloparoiko
130701392,1697421,pl,Xylokeriza
130701469,1697422,pl,Xilokeratydion
130701546,1697423,pl,Xylokera
130701623,1697424,pl,Xylokastro
130701700,1697425,pl,Xilikoi
130701854,1697427,pl,Lyttos
130702162,1697431,pl,Xenopoulo
130702316,1697433,pl,Xeniakos
130702393,1697434,pl,Xenies
130702547,1697436,pl,Xanthochori
130702624,1697437,pl,Xamoudochori
130702701,1697438,pl,Vrouviana
130702932,1697441,pl,Vrouchas
130703086,1697443,pl,Vrosina
130703163,1697444,pl,Vrontismeni
130703240,1697445,pl,Vrontero
130703317,1697446,pl,Vrontamas
130703394,1697447,pl,Vrontados
130703548,1697449,pl,Amfithea
130703625,1697450,pl,Kalopigado
130703779,1697452,pl,Vrochitsa
130704010,1697455,pl,Vrysoula
130704087,1697456,pl,Vrysoula
130704241,1697458,pl,Vrysochori
130704318,1697459,pl,Vrysidi
130704395,1697460,pl,Vrysia
130704549,1697462,pl,Vrisi
130704626,1697463,pl,Vrysella
130704703,1697464,pl,Goumenissa
130704857,1697466,pl,Vryses
130704934,1697467,pl,Vryses
130705011,1697468,pl,Vrisai
130705088,1697469,pl,Vryses
130705165,1697470,pl,Vryses
130705242,1697471,pl,Vryses
130705319,1697472,pl,Vryses
130705396,1697473,pl,Khavdhata
130705473,1697474,pl,Vryotopos
130705550,1697475,pl,Vrinaina
130705627,1697476,pl,Vrina
130705704,1697477,pl,Vresto
130705781,1697478,pl,Vresthena
130705935,1697480,pl,Wrawrona
130706012,1697481,pl,Vragkiana
130706089,1697482,pl,Vrangiana
130706166,1697483,pl,Vranas
130706243,1697484,pl,Vrana
130706397,1697486,pl,Vrachos
130706705,1697490,pl,Vrachnaiika
130706782,1697491,pl,Vrachnaiika
130706936,1697493,pl,Vrakhati
130707013,1697494,pl,Vrachasi
130707090,1697495,pl,Vracha
130707167,1697496,pl,Vrakades
130707244,1697497,pl,Vraila
130707398,1697499,pl,Vovousa
130707552,1697501,pl,Vouzion
130707629,1697502,pl,Vouyiaton
130707706,1697503,pl,Vouvopotamos
130707783,1697504,pl,Vouvas
130707860,1697505,pl,Azoros
130707937,1697506,pl,Vouves
130708014,1697507,pl,Voutsis
130708091,1697508,pl,Voutsimos
130708245,1697510,pl,Voutiron
130708322,1697511,pl,Voutianoi
130708399,1697512,pl,Voutas
130708476,1697513,pl,Voutas
130708553,1697514,pl,Voutai
130708707,1697516,pl,Vourvoura
130708784,1697517,pl,Vourvoulos
130708861,1697518,pl,Vourvoulitis
130708938,1697519,pl,Vournikas
130709015,1697520,pl,Vourliotes
130709092,1697521,pl,Vourkoti
130709169,1697522,pl,Stavros
130709246,1697523,pl,Vourkarion
130709323,1697524,pl,Neo Vouprasio
130709400,1697525,pl,Okuno
130709554,1697527,pl,Vounoplagia
130709708,1697529,pl,Wuno
130709862,1697531,pl,Vounoi
130710016,1697533,pl,Vounichora
130710093,1697534,pl,Vounaria
130710170,1697535,pl,Vounargo
130710324,1697537,pl,Vounaina
130710401,1697538,pl,Voulpi
130710555,1697540,pl,Voulismeni
130710632,1697541,pl,Vouliasta
130710709,1697542,pl,Vouliagmeno
130710786,1697543,pl,Vouliagmeni
130710863,1697544,pl,Vouliagmeni
130710940,1697545,pl,Voulgaro
130711017,1697546,pl,Wula
130711094,1697547,pl,Voukolies
130711325,1697550,pl,Votsi
130711402,1697551,pl,Votonosi
130711479,1697552,pl,Vothon
130711556,1697553,pl,Vothonas
130711941,1697558,pl,Voskina
130712018,1697559,pl,Voros
130712095,1697560,pl,Voroi
130712172,1697561,pl,Vorizia
130712249,1697562,pl,Voreio
130712403,1697564,pl,Vordonia
130712480,1697565,pl,Wonitsa
130712557,1697566,pl,Woni
130712634,1697567,pl,Vomvokou
130712711,1697568,pl,Wolos
130712788,1697569,pl,Volissos
130712865,1697570,pl,Volimai
130712942,1697571,pl,Voleones
130713096,1697573,pl,Wolada
130713173,1697574,pl,Vokhaiko
130713404,1697577,pl,Vlochos
130713481,1697578,pl,Vliziana
130713789,1697582,pl,Wlichon
130713866,1697583,pl,Vlychata
130713943,1697584,pl,Vlychada
130714020,1697585,pl,Vlatos
130714097,1697586,pl,Vlasis
130714174,1697587,pl,Moschato
130714251,1697588,pl,Vlasi
130714405,1697590,pl,Vlamaiika
130714482,1697591,pl,Vlachogiannion
130714636,1697593,pl,Polydroso
130714713,1697594,pl,Vlachopoulon
130714790,1697595,pl,Vlachopoulatika
130714867,1697596,pl,Vlachomandra
130714944,1697597,pl,Vlachochori
130715021,1697598,pl,Vlachokerasea
130715175,1697600,pl,Chrysochori
130715252,1697601,pl,Vlachiotis
130715560,1697605,pl,Vlachia
130715637,1697606,pl,Vlacheronitissa
130715714,1697607,pl,Vlacherna
130715791,1697608,pl,Vlacherna
130715868,1697609,pl,Vlachava
130716099,1697612,pl,Vlachata
130716330,1697615,pl,Vyzitsa
130716407,1697616,pl,Wajiki
130716484,1697617,pl,Vizarion
130716561,1697618,pl,Vivlos
130716638,1697619,pl,Vivari
130716792,1697621,pl,Vitoumas
130716869,1697622,pl,Vitoli
130716946,1697623,pl,Vytinaiika
130717023,1697624,pl,Vytinaiika
130717100,1697625,pl,Ayii Apostoli
130717177,1697626,pl,Vytinaiika
130717254,1697627,pl,Vytina
130717639,1697632,pl,Vitalades
130717716,1697633,pl,Vitala
130717793,1697634,pl,Vistayi
130717870,1697635,pl,Vissani
130717947,1697636,pl,Vissas
130718101,1697638,pl,Wironas
130718178,1697639,pl,Viranepiskopi
130718255,1697640,pl,Argyro
130718332,1697641,pl,Viniani
130718409,1697642,pl,Vigli
130718486,1697643,pl,Vigklafia
130718717,1697646,pl,Vilia
130718948,1697649,pl,Vilandredo
130719102,1697651,pl,Viki
130719179,1697652,pl,Vigla
130719256,1697653,pl,Vigla
130719410,1697655,pl,Vidiaki
130719641,1697658,pl,Vessa
130719718,1697659,pl,Veskoukaiika
130719949,1697662,pl,Ververato
130720026,1697663,pl,Werwena
130720103,1697664,pl,Chrysanthio
130720334,1697667,pl,Aktaio
130720411,1697668,pl,Verino
130720565,1697670,pl,Weria
130720642,1697671,pl,Vergadaiika
130720796,1697673,pl,Verdikoussa
130721027,1697676,pl,Venion
130721104,1697677,pl,Wenecja Euganejska
130721181,1697678,pl,Veneraton
130721489,1697682,pl,Velvina
130721797,1697686,pl,Velota
130721874,1697687,pl,Velos
130721951,1697688,pl,Velonado
130722028,1697689,pl,Velo
130722105,1697690,pl,Velina
130722182,1697691,pl,Velimachi
130722259,1697692,pl,Velimachi
130722336,1697693,pl,Velika
130722413,1697694,pl,Veligosti
130722490,1697695,pl,Veliantatika
130722567,1697696,pl,Chrysavgi
130722644,1697697,pl,Veliai
130722721,1697698,pl,Velestino
130722798,1697699,pl,Velesiotes
130722875,1697700,pl,Velentziko
130722952,1697701,pl,Valaora
130723029,1697702,pl,Velanidi
130723106,1697703,pl,Velanidia
130723183,1697704,pl,Velanidia
130723337,1697706,pl,Velanidia
130723491,1697708,pl,Vela
130723645,1697710,pl,Vayionia
130723722,1697711,pl,Wagia
130723876,1697713,pl,Vageniti
130723953,1697714,pl,Vavouri
130724107,1697716,pl,Wawkeri
130724184,1697717,pl,Vaviloi
130724261,1697718,pl,Vatsounia
130724415,1697720,pl,Vatoussa
130724492,1697721,pl,Vatoudiaris
130724723,1697724,pl,Vatolakkos
130724954,1697727,pl,Vati
130725031,1697728,pl,Vathys
130725108,1697729,pl,Vathyrema
130725339,1697732,pl,Vathyrema
130725493,1697734,pl,Vathypedo
130725570,1697735,pl,Vathylakkos
130725647,1697736,pl,Vathikoilon
130725724,1697737,pl,Vathykampos
130725878,1697739,pl,Vatheia
130725955,1697740,pl,Wathah
130726032,1697741,pl,Vathi
130726109,1697742,pl,Vathi
130726186,1697743,pl,Wathah
130726263,1697744,pl,Samos
130726340,1697745,pl,Wathah
130726494,1697747,pl,Wathah
130726571,1697748,pl,Mylolithos
130726725,1697750,pl,Vastas
130726802,1697751,pl,Vasilopoulo
130726879,1697752,pl,Vasilopoulo
130727033,1697754,pl,Wasilici
130727110,1697755,pl,Wasili
130727187,1697756,pl,Vasilikos
130727264,1697757,pl,Wasiliki
130727341,1697758,pl,Vasiliko
130727418,1697759,pl,Vasiliko
130727649,1697762,pl,Vasilikiades
130727726,1697763,pl,Wasiliki
130727803,1697764,pl,Wasiliki
130727880,1697765,pl,Wasiliki
130727957,1697766,pl,Wasiliki
130728034,1697767,pl,Wasiliki
130728111,1697768,pl,Vasilika Anogeia
130728188,1697769,pl,Vasilika
130728265,1697770,pl,Vasilika
130728342,1697771,pl,Vasilika
130728419,1697772,pl,Vasilika
130728496,1697773,pl,Vasiliana
130728573,1697774,pl,Wasilie
130728650,1697775,pl,Vasilesi
130728727,1697776,pl,Vasileonoiko
130728804,1697777,pl,Vasilatika
130728881,1697778,pl,Vasilaki
130728958,1697779,pl,Vasilaki
130729112,1697781,pl,Vasilades
130729189,1697782,pl,Vasilada
130729266,1697783,pl,Vasaras
130729420,1697785,pl,Vargiades
130729497,1697786,pl,Varvitsa
130729574,1697787,pl,Varvasaina
130729651,1697788,pl,Varvaron
130729728,1697789,pl,Warwara
130729805,1697790,pl,Vartholomio
130729959,1697792,pl,Stavropigio
130730036,1697793,pl,Varos
130730113,1697794,pl,Varnavas
130730190,1697795,pl,Varnakas
130730344,1697797,pl,Varlaam
130730729,1697802,pl,Varypetro
130730883,1697804,pl,Varidi
130731037,1697806,pl,Vareia
130731114,1697807,pl,Vareia
130731191,1697808,pl,Vary
130731268,1697809,pl,Vari
130731345,1697810,pl,Vari
130731422,1697811,pl,Varetada
130731807,1697816,pl,Vardali
130731961,1697818,pl,Varda
130732115,1697820,pl,Vaptistis
130732346,1697823,pl,Vanato
130732423,1697824,pl,Marathea
130732500,1697825,pl,Vanada
130732577,1697826,pl,Vamvakou
130732654,1697827,pl,Vamvakou
130732731,1697828,pl,Wamwakiai
130732962,1697831,pl,Vamos
130733116,1697833,pl,Valtos
130733193,1697834,pl,Valtos
130733347,1697836,pl,Charavgi
130733501,1697838,pl,Valtino
130733578,1697839,pl,Valtetsi
130733655,1697840,pl,Valtesiniko
130733732,1697841,pl,Valta
130733809,1697842,pl,Valta
130733886,1697843,pl,Valsamata
130733963,1697844,pl,Valmi
130734117,1697846,pl,Valianata
130734194,1697847,pl,Valkano
130734271,1697848,pl,Valis
130734348,1697849,pl,Valyra
130734425,1697850,pl,Valimitika
130734502,1697851,pl,Valimi
130734579,1697852,pl,Valerianos
130734810,1697855,pl,Valanidoussa
130734887,1697856,pl,Valanidorachi
130735041,1697858,pl,Valanida
130735118,1697859,pl,Valamandri
130735349,1697862,pl,Vachos
130735426,1697863,pl,Wachos
130735503,1697864,pl,Vachlia
130735734,1697867,pl,Vainia
130735811,1697868,pl,Vainariona
130735888,1697869,pl,Wagia
130736042,1697871,pl,Vafeios
130736119,1697872,pl,Wafion
130736196,1697873,pl,Vafes
130736273,1697874,pl,Vadistra
130736350,1697875,pl,Prasino
130736504,1697877,pl,Tzivas
130736581,1697878,pl,Tzitziraiika
130736658,1697879,pl,Tzitzifia
130736735,1697880,pl,Tzitzifes
130736966,1697883,pl,Tzineriana
130737043,1697884,pl,Tzikides
130737120,1697885,pl,Tzermiadon
130737274,1697887,pl,Tzannakiana
130737428,1697889,pl,Tzanata
130737582,1697891,pl,Pigadia
130737736,1697893,pl,Tsoutsouros
130737967,1697896,pl,Ajos Dimitrios
130738121,1697898,pl,Tsouknida
130738198,1697899,pl,Tsoukka
130738275,1697900,pl,Skalochori
130738352,1697901,pl,Tsoukalaiika
130738429,1697902,pl,Tsoukalaiika
130738506,1697903,pl,Tsoukalades
130738583,1697904,pl,Tsoukalades
130738660,1697905,pl,Tsouka
130738737,1697906,pl,Zoodochos Pigi
130738891,1697908,pl,Tsopela
130739122,1697911,pl,Tsivlos
130739199,1697912,pl,Tsivaras
130739353,1697914,pl,Tsitalia
130739815,1697920,pl,Tsipouraiika
130739892,1697921,pl,Tsipiana
130739969,1697922,pl,Foteino
130740200,1697925,pl,Tsimandria
130740585,1697930,pl,Tsichleika
130740662,1697931,pl,Tsikalaria
130741124,1697937,pl,Tseria
130741432,1697941,pl,Tsepelovo
130741586,1697943,pl,Ajia Paraskiewi
130742048,1697949,pl,Peristeri
130742125,1697950,pl,Lygias
130742279,1697952,pl,Tsaritsani
130742587,1697956,pl,Tsapournia
130742741,1697958,pl,Tsankaropoulo
130742818,1697959,pl,Tsangari
130742972,1697961,pl,Tsankarada
130743203,1697964,pl,Tsamantas
130743434,1697967,pl,Tsakonika
130743511,1697968,pl,Ariachovo
130743665,1697970,pl,Tsachiana
130743742,1697971,pl,Tsakaioi
130743819,1697972,pl,Tsafleika
130743896,1697973,pl,Trovato
130743973,1697974,pl,Trousas
130744281,1697978,pl,Tropaia
130744435,1697980,pl,Trojzena
130744512,1697981,pl,Troianata
130744589,1697982,pl,Trizonia
130744897,1697986,pl,Tritaia
130744974,1697987,pl,Tristrato
130745051,1697988,pl,Tristeno
130745128,1697989,pl,Tristeno
130745282,1697991,pl,Tripotamos
130745359,1697992,pl,Tripotamo
130745436,1697993,pl,Tripotamo
130745513,1697994,pl,Tripotamia
130745590,1697995,pl,Tripotama
130745667,1697996,pl,Tripoli
130745744,1697997,pl,Trypiti
130745821,1697998,pl,Trypiti
130745975,1698000,pl,Tripyla
130746052,1698001,pl,Trypi
130746129,1698002,pl,Tripi
130746206,1698003,pl,Chrysochori
130746360,1698005,pl,Triovasalos
130746437,1698006,pl,Triodos
130746668,1698009,pl,Trikoryfo
130746745,1698010,pl,Trikorfo
130746822,1698011,pl,Trikorfo
130746899,1698012,pl,Trikorfo
130746976,1698013,pl,Trikorfo
130747053,1698014,pl,Trikomo
130747130,1698015,pl,Trikokkia
130747207,1698016,pl,Triklino
130747284,1698017,pl,Trichonion
130747361,1698018,pl,Trikeri
130747515,1698020,pl,Trikala
130747592,1698021,pl,Trikala
130747669,1698022,pl,Trygonas
130747746,1698023,pl,Trygona
130747823,1698024,pl,Trygona
130747900,1698025,pl,Tryfos
130747977,1698026,pl,Trifylli
130748208,1698029,pl,Tridentro
130748285,1698030,pl,Triantaros
130748362,1698031,pl,Triantaiika
130748439,1698032,pl,Triantafylloula
130748516,1698033,pl,Triantafyllia
130748593,1698034,pl,Jalisos
130748670,1698035,pl,Triadha
130748747,1698036,pl,Trechlo
130748901,1698038,pl,Travasarianika
130748978,1698039,pl,Trapezonti
130749055,1698040,pl,Trapezaki
130749132,1698041,pl,Trapeza
130749594,1698047,pl,Trachilos
130749671,1698048,pl,Trakhilion
130749748,1698049,pl,Trakhila
130749825,1698050,pl,Trakhia
130749979,1698052,pl,Tragano
130750056,1698053,pl,Tragana
130750133,1698054,pl,Tragana
130750210,1698055,pl,Tragana
130750287,1698056,pl,Tragakion
130750364,1698057,pl,Touthoa
130750595,1698060,pl,Tourloti
130750826,1698063,pl,Kypseli
130750903,1698064,pl,Tourkolekas
130751134,1698067,pl,Toumpa
130751365,1698070,pl,Tornos
130751519,1698072,pl,Topoliana
130751596,1698073,pl,Topolia
130751750,1698075,pl,Tolo
130751827,1698076,pl,Tolofon
130751981,1698078,pl,Tithorea
130752058,1698079,pl,Titani
130752135,1698080,pl,Tyros
130752212,1698081,pl,Tyrnawos
130752289,1698082,pl,Tyryns
130752443,1698084,pl,Jednostka regionalna Tinos
130752520,1698085,pl,Tymfristos
130752597,1698086,pl,Kato Vervena
130752674,1698087,pl,Tamaki
130752751,1698088,pl,Tilisos
130752905,1698090,pl,Teichio
130753059,1698092,pl,Tron
130753136,1698093,pl,Throfari
130753213,1698094,pl,Thrapsimi
130753290,1698095,pl,Thrapsanon
130753367,1698096,pl,Thourio
130753444,1698097,pl,Thouria
130753521,1698098,pl,Thoriko
130753598,1698099,pl,Thomaiika
130753752,1698101,pl,Tomadianon
130753906,1698103,pl,Tholos
130753983,1698104,pl,Tholopotami
130754060,1698105,pl,Tholon
130754137,1698106,pl,Tholaria
130754291,1698108,pl,Teby
130754368,1698109,pl,Thisvi
130754445,1698110,pl,Theisoa
130754522,1698111,pl,Thyrion
130754599,1698112,pl,Thirasia
130754676,1698113,pl,Thiramonas
130754753,1698114,pl,Fira
130754830,1698115,pl,Thymi
130754984,1698117,pl,Thymiana
130755061,1698118,pl,Thimia
130755138,1698119,pl,Thetidio
130755215,1698120,pl,Thesprotikon
130755292,1698121,pl,Tezje
130755369,1698122,pl,Termopile
130755446,1698123,pl,Termo
130755523,1698124,pl,Thermisia
130755677,1698126,pl,Theriso
130755754,1698127,pl,Therino
130755831,1698128,pl,Theriano
130755908,1698129,pl,Theriakisi
130755985,1698130,pl,Theriakisio
130756139,1698132,pl,Theotokos
130756216,1698133,pl,Theopetra
130756293,1698134,pl,Theologos
130756370,1698135,pl,Theologos
130756447,1698136,pl,Theoktisto
130756524,1698137,pl,Theodoriana
130756601,1698138,pl,Theodora
130756678,1698139,pl,Themelo
130756755,1698140,pl,Thea
130756832,1698141,pl,Tharounia
130756909,1698142,pl,Thanos
130756986,1698143,pl,Thanasoulaiika
130757063,1698144,pl,Thanas
130757140,1698145,pl,Thalero
130757217,1698146,pl,Thalamai
130757294,1698147,pl,Tetrakomo
130757448,1698149,pl,Tersa
130757525,1698150,pl,Terpsithea
130757602,1698151,pl,Terpsithea
130757756,1698153,pl,Terpsithea
130757833,1698154,pl,Terpnas
130757910,1698155,pl,Terovo
130758218,1698159,pl,Temenia
130758295,1698160,pl,Temeni
130758372,1698161,pl,Tembi
130758526,1698163,pl,Telisio
130758603,1698164,pl,Telendos
130758680,1698165,pl,Tekaiika
130758757,1698166,pl,Tefeli
130758834,1698167,pl,Taxiarchis
130758911,1698168,pl,Taxiarkhai
130758988,1698169,pl,Taxiarkhai
130759065,1698170,pl,Taxiarkhai
130759142,1698171,pl,Tawros
130759373,1698174,pl,Tarsina
130759681,1698178,pl,Tapes
130759758,1698179,pl,Tanagra
130759912,1698181,pl,Talanta
130759989,1698182,pl,Talanta
130760066,1698183,pl,Taktikoupoli
130760374,1698187,pl,Svoronata
130760528,1698189,pl,Strovles
130760682,1698191,pl,Strousion
130760759,1698192,pl,Amfithea
130760836,1698193,pl,Stropony
130760913,1698194,pl,Strongylovouni
130761067,1698196,pl,Strongyli
130761221,1698198,pl,Stromi
130761298,1698199,pl,Strofylia
130761375,1698200,pl,Strigkos
130761529,1698202,pl,Strefi
130761606,1698203,pl,Strefi
130761760,1698205,pl,Stratos
130761914,1698207,pl,Stratinista
130761991,1698208,pl,Strapoury
130762068,1698209,pl,Strapodhion
130762145,1698210,pl,Stranoma
130762376,1698213,pl,Stournaraiika
130762530,1698215,pl,Stouppaioi
130762607,1698216,pl,Stoupa
130762684,1698217,pl,Stomio
130762761,1698218,pl,Stomio
130762915,1698220,pl,Stolos
130762992,1698221,pl,Stoloi
130763069,1698222,pl,Stironas
130763146,1698223,pl,Steiri
130763223,1698224,pl,Stirfaka
130763300,1698225,pl,Tastykara
130763377,1698226,pl,Stypsi
130763454,1698227,pl,Stymfalia
130763531,1698228,pl,Stimanga
130763608,1698229,pl,Stylos
130763685,1698230,pl,Stilida
130763839,1698232,pl,Styla
130763916,1698233,pl,Stilia
130763993,1698234,pl,Stilia
130764224,1698237,pl,Sternes
130764301,1698238,pl,Sternai
130764455,1698240,pl,Sterna
130764532,1698241,pl,Sterna
130764609,1698242,pl,Zwężenie
130764686,1698243,pl,Steno
130764840,1698245,pl,Steno
130764917,1698246,pl,Steno
130764994,1698247,pl,Stenoma
130765148,1698249,pl,Steni Dhirfios
130765225,1698250,pl,Stenies
130765302,1698251,pl,Steni
130765379,1698252,pl,Stenaitika
130765456,1698253,pl,Stefanovouno
130765533,1698254,pl,Stefani
130765687,1698256,pl,Stefani
130765841,1698258,pl,Stefania
130765918,1698259,pl,Stefani
130765995,1698260,pl,Stefani
130766149,1698262,pl,Stefanovikeio
130766226,1698263,pl,Stagiates
130766303,1698264,pl,Stagiades
130766380,1698265,pl,Platanos
130766457,1698266,pl,Stavrovrysi
130766534,1698267,pl,Stavros
130766611,1698268,pl,Stavros
130766688,1698269,pl,Stavros
130766842,1698271,pl,Stavros
130766919,1698272,pl,Stavros
130766996,1698273,pl,Dresthena
130767073,1698274,pl,Stavros
130767381,1698278,pl,Stavros
130767535,1698280,pl,Ampliani
130767612,1698281,pl,Stavromenos Rethymnis
130767689,1698282,pl,Stavromenos
130767766,1698283,pl,Stavromenos
130767843,1698284,pl,Stavrochori
130767997,1698286,pl,Stavrochori
130768151,1698288,pl,Stawrodromi
130768382,1698291,pl,Stavraki
130768459,1698292,pl,Stavrakia
130768536,1698293,pl,Stavloi
130768613,1698294,pl,Staviai
130768767,1698296,pl,Stathas
130768844,1698297,pl,Stathaiika
130768921,1698298,pl,Stasio
130769152,1698301,pl,Stanos
130769306,1698303,pl,Stamnoi
130769383,1698304,pl,Stamna
130769537,1698306,pl,Stamatogiannaiika
130769691,1698308,pl,Stamatino
130769768,1698309,pl,Stamatelaiika
130769922,1698311,pl,Stamata
130769999,1698312,pl,Stalos
130770076,1698313,pl,Stalis
130770230,1698315,pl,Stafidhokambos
130770307,1698316,pl,Stadio
130770384,1698317,pl,Spolaita
130770461,1698318,pl,Spoa
130770692,1698321,pl,Spitali
130770769,1698322,pl,Petrochori
130771077,1698326,pl,Spili
130771154,1698327,pl,Spiliazeza
130771385,1698330,pl,Spilia
130771616,1698333,pl,Spilia
130771693,1698334,pl,Spilia
130771770,1698335,pl,Spilaio
130771924,1698337,pl,Spetses
130772001,1698338,pl,Sperchogeia
130772078,1698339,pl,Spercheiada
130772155,1698340,pl,Spathovouni
130772309,1698342,pl,Spatharis
130772386,1698343,pl,Spathari
130772463,1698344,pl,Spatharaioi
130772617,1698346,pl,Spathades
130772771,1698348,pl,Spata
130773002,1698351,pl,Sparto
130773079,1698352,pl,Spartokhorion
130773387,1698356,pl,Spartia
130773464,1698357,pl,Spartia
130773541,1698358,pl,Spartia
130773618,1698359,pl,Spartia
130773695,1698360,pl,Sparta
130773772,1698361,pl,Spartera
130773926,1698363,pl,Spanochorion
130774080,1698365,pl,Spanaiika
130774234,1698367,pl,Spaliaraiika
130774311,1698368,pl,Sougia
130774388,1698369,pl,Souvardo
130774619,1698372,pl,Soustianoi
130774696,1698373,pl,Sourpi
130774850,1698375,pl,Soumesi
130775081,1698378,pl,Soullaroi
130775312,1698381,pl,Suli
130775466,1698383,pl,Suli
130775697,1698386,pl,Soulinari
130775774,1698387,pl,Soulinari
130776005,1698390,pl,Cheimadio
130776159,1698392,pl,Suda
130776236,1698393,pl,Sotiritsa
130776313,1698394,pl,Sotirio
130776390,1698395,pl,Sotirianika
130777006,1698403,pl,Sosti
130777083,1698404,pl,Sopi
130777160,1698405,pl,Somatas
130777314,1698407,pl,Solomos
130777468,1698409,pl,Solinari
130777545,1698410,pl,Solaki
130777699,1698412,pl,Sokaras
130777853,1698414,pl,Sofo
130777930,1698415,pl,Sofiko
130778007,1698416,pl,Sofiana
130778084,1698417,pl,Sofiada
130778161,1698418,pl,Sofades
130778238,1698419,pl,Diakou
130778315,1698420,pl,Nikopoli
130778546,1698423,pl,Smila
130778623,1698424,pl,Smertos
130778700,1698425,pl,Smerna
130778777,1698426,pl,Smarion
130778854,1698427,pl,Smardakiton
130779008,1698429,pl,Skoutesiada
130779085,1698430,pl,Skoutera
130779239,1698432,pl,Skoutari
130779316,1698433,pl,Skourvoula
130779393,1698434,pl,Skourtou
130779470,1698435,pl,Skourta
130779547,1698436,pl,Skourochori
130779701,1698438,pl,Skoura
130779855,1698440,pl,Skouraiika
130779932,1698441,pl,Skoura
130780009,1698442,pl,Kestrini
130780240,1698445,pl,Skounto
130780317,1698446,pl,Skounteri
130780394,1698447,pl,Skouloufia
130780471,1698448,pl,Skoulikaria
130780548,1698449,pl,Skoulikado
130780702,1698451,pl,Skotoussa
130780779,1698452,pl,Skoteino
130780856,1698453,pl,Skoteini
130781010,1698455,pl,Skotani
130781087,1698456,pl,Skortsinos
130781164,1698457,pl,Skorpiona
130781241,1698458,pl,Skordilo
130781472,1698461,pl,Skopia
130781549,1698462,pl,Skopia
130781703,1698464,pl,Skopi
130781780,1698465,pl,Skopi
130781857,1698466,pl,Skopelos
130781934,1698467,pl,Skopelos
130782165,1698470,pl,Sklivani
130782242,1698471,pl,Skliva
130782319,1698472,pl,Milia
130782396,1698473,pl,Sklithro
130782473,1698474,pl,Sklithro
130782627,1698476,pl,Sklirou
130782858,1698479,pl,Agios Arsenios
130783243,1698484,pl,Sklaverokhorion
130783320,1698485,pl,Sklavediakos
130783551,1698488,pl,Skiti
130783628,1698489,pl,Skiros
130783705,1698490,pl,Skioessa
130783782,1698491,pl,Schinos
130783859,1698492,pl,Skinias
130783936,1698493,pl,Skinias
130784013,1698494,pl,Skines
130784090,1698495,pl,Skineas
130784167,1698496,pl,Skinaria
130784321,1698498,pl,Skillounta
130784398,1698499,pl,Skyfianika
130784552,1698501,pl,Skiatos
130784706,1698503,pl,Skiadas
130784783,1698504,pl,Skiadas
130784860,1698505,pl,Skiadades
130784937,1698506,pl,Schoinousa
130785014,1698507,pl,Skhoinos
130785168,1698509,pl,Schisma Elountas
130785245,1698510,pl,Schisma Mesa Lakkonion
130785399,1698512,pl,Schinolakka
130785476,1698513,pl,Skhinokhorion
130785553,1698514,pl,Schinokapsala
130785630,1698515,pl,Skhinoi
130785707,1698516,pl,Schimatari
130785784,1698517,pl,Skepasto
130785861,1698518,pl,Skepasto
130785938,1698519,pl,Skepasti
130786015,1698520,pl,Skepasti
130786092,1698521,pl,Skepari
130786169,1698522,pl,Skatzokampos
130786323,1698524,pl,Sarfa
130786400,1698525,pl,Scaramanga
130786477,1698526,pl,Skapeti
130786554,1698527,pl,Skandalo
130786631,1698528,pl,Skandhalion
130786708,1698529,pl,Skamnos
130786785,1698530,pl,Skamneli
130786862,1698531,pl,Skamnakion
130786939,1698532,pl,Skaltsotianika
130787016,1698533,pl,Skaloula
130787170,1698535,pl,Skaloti
130787247,1698536,pl,Skalia
130787324,1698537,pl,Skaleta
130787478,1698539,pl,Skala Oropou
130787555,1698540,pl,Skalanion
130787632,1698541,pl,Skala Loutron
130787709,1698542,pl,Kato Kryfovo
130787786,1698543,pl,Skala Kallonis
130787863,1698544,pl,Skala Fourkas
130787940,1698545,pl,Skala Eresou
130788017,1698546,pl,Skalados
130788094,1698547,pl,Skala Polichnitou
130788171,1698548,pl,Skala
130788248,1698549,pl,Paralia Politikon
130788325,1698550,pl,Skala
130788479,1698552,pl,Skala
130788556,1698553,pl,Skala
130788633,1698554,pl,Skala
130788710,1698555,pl,Skala
130788941,1698558,pl,Salaf Judah
130789095,1698560,pl,Skafidaki
130789172,1698561,pl,Skafi
130789249,1698562,pl,Skado
130789403,1698564,pl,Sivros
130789480,1698565,pl,Syvota
130789557,1698566,pl,Syvota
130789634,1698567,pl,Sivas
130789711,1698568,pl,Śiwa
130789788,1698569,pl,Sitomena
130789865,1698570,pl,Sitochoro
130790019,1698572,pl,Sitía
130790096,1698573,pl,Sitaria
130790250,1698575,pl,Sitaralona
130790404,1698577,pl,Sitaina
130790481,1698578,pl,Sistrouni
130790635,1698580,pl,Sision
130790712,1698581,pl,Sisarcha
130790789,1698582,pl,Sisai
130790943,1698584,pl,Sirna
130791020,1698585,pl,Siripidiana
130791097,1698586,pl,Sirili
130791405,1698590,pl,Seires
130791790,1698595,pl,Tsouchliana
130791867,1698596,pl,Sinoikismos Tsoungariana
130792175,1698600,pl,Synoikismos Prosfygon
130792560,1698605,pl,Papadoliana
130792637,1698606,pl,Platamonas
130793099,1698612,pl,Mamouniana
130793330,1698615,pl,Synoikismos Chavariou
130793792,1698621,pl,Sinoikismos Arveliana
130793946,1698623,pl,Mesi Synoikia Trikalon
130794023,1698624,pl,Kato Synoikia Trikalon
130794100,1698625,pl,Ano Trikala
130794177,1698626,pl,Singrellos
130794408,1698629,pl,Syneti
130794716,1698633,pl,Sinania
130794793,1698634,pl,Kerasoula
130795024,1698637,pl,Simotata
130795101,1698638,pl,Simos
130795178,1698639,pl,Simopoulo
130795255,1698640,pl,Simiza
130795332,1698641,pl,Simiades
130795409,1698642,pl,Simia
130795486,1698643,pl,Simi
130795563,1698644,pl,Sympani
130795640,1698645,pl,Sylivainiotika
130795794,1698647,pl,Selli
130795871,1698648,pl,Silimna
130795948,1698649,pl,Sykourion
130796025,1698650,pl,Sykounta
130796102,1698651,pl,Sikologos
130796256,1698653,pl,Karteri
130796333,1698654,pl,Sykion
130796410,1698655,pl,Sikinos
130796564,1698657,pl,Sykiada
130796872,1698661,pl,Syki
130797103,1698664,pl,Sikies
130797180,1698665,pl,Sikies
130797257,1698666,pl,Sikies
130797411,1698668,pl,Sykia
130797719,1698672,pl,Syka
130797796,1698673,pl,Sykia
130797950,1698675,pl,Sikea
130798027,1698676,pl,Sykia
130798104,1698677,pl,Sykia
130798335,1698680,pl,Sykamino
130798412,1698681,pl,Sykaminia
130798566,1698683,pl,Sigrion
130798874,1698687,pl,Sidirokastro
130799028,1698689,pl,Siana
130799105,1698690,pl,Siamo
130799182,1698691,pl,Sgourokefalion
130799413,1698694,pl,Sgara
130799567,1698696,pl,Neo Sfinoto
130799644,1698697,pl,Sfinari
130799721,1698698,pl,Kipseli
130799798,1698699,pl,Sfendourion
130800029,1698702,pl,Sfakopigadi
130800183,1698704,pl,Sfakia
130800260,1698705,pl,Sfaka
130800337,1698706,pl,Sfaka
130800414,1698707,pl,Doriko
130800491,1698708,pl,Sevasto
130800568,1698709,pl,Szczecinka
130800722,1698711,pl,Sesklo
130800799,1698712,pl,Sesi
130800876,1698713,pl,Servota
130800953,1698714,pl,Los Cuervos
130801030,1698715,pl,Serviana
130801184,1698717,pl,Sernikaki
130801261,1698718,pl,Seriziana
130801338,1698719,pl,Serifos
130801415,1698720,pl,Sergoula
130801492,1698721,pl,Seniko
130801800,1698725,pl,Sempronas
130801954,1698727,pl,Selo
130802031,1698728,pl,Sellion
130802185,1698730,pl,Sellia
130802262,1698731,pl,Selasia
130802339,1698732,pl,Sellas
130802493,1698734,pl,Sellades
130802570,1698735,pl,Sprzedaj
130802647,1698736,pl,Sprzedaj
130802724,1698737,pl,Kato Fteri
130802801,1698738,pl,Selinountas
130802878,1698739,pl,Selinitsa
130802955,1698740,pl,Selinia
130803032,1698741,pl,Selianitika
130803109,1698742,pl,Seliana
130803263,1698744,pl,Selegoudi
130803340,1698745,pl,Sekoulas
130803417,1698746,pl,Sagiada
130803494,1698747,pl,Sagaiika
130803648,1698749,pl,Savalia
130803725,1698750,pl,Satos
130803956,1698753,pl,Saryiadha
130804033,1698754,pl,Sarlata
130804187,1698756,pl,Anagennisi
130804264,1698757,pl,Sarkini
130804341,1698758,pl,Sarchos
130804495,1698760,pl,Sardinia
130804572,1698761,pl,Sardhai
130804649,1698762,pl,Saravali
130804726,1698763,pl,Sarantaporo
130804880,1698765,pl,Sarandapikhiotika
130805342,1698771,pl,Sarakinado
130805419,1698772,pl,Sarakina
130805496,1698773,pl,Sarakina
130805573,1698774,pl,Sapounakaiika
130805650,1698775,pl,Sangas
130805727,1698776,pl,Santomeri
130805881,1698778,pl,Samos
130805958,1698779,pl,Samonida
130806112,1698781,pl,Samiko
130806189,1698782,pl,Sami
130806266,1698783,pl,Sambas
130806343,1698784,pl,Samarades
130806497,1698786,pl,Samallikaiika
130806574,1698787,pl,Saloniki
130806651,1698788,pl,Salmoni
130806805,1698790,pl,Salamina
130806882,1698791,pl,Salakos
130806959,1698792,pl,Saktouria
130807036,1698793,pl,Sarkounas
130807113,1698794,pl,Saitoures
130807190,1698795,pl,Saidona
130807267,1698796,pl,Rozena
130807498,1698799,pl,Rogoi
130807575,1698800,pl,Royitika
130807652,1698801,pl,Rovoliari
130807729,1698802,pl,Roviata
130807883,1698804,pl,Rovies
130807960,1698805,pl,Rovia
130808037,1698806,pl,Rouzaki
130808191,1698808,pl,Roustika
130808268,1698809,pl,Roussospiti
130808345,1698810,pl,Roussopouli
130808422,1698811,pl,Rousson
130808499,1698812,pl,Roussokhoria
130808807,1698816,pl,Neapoli
130808884,1698817,pl,Roussa Ekklisia
130808961,1698818,pl,Roupsia
130809038,1698819,pl,Roupakion
130809115,1698820,pl,Roupakion
130809192,1698821,pl,Roupakia
130809346,1698823,pl,Roupakia
130809423,1698824,pl,Roupakia
130809654,1698827,pl,Rumeli
130809808,1698829,pl,Roumania
130810039,1698832,pl,Roukanion
130810116,1698833,pl,Roufas
130810193,1698834,pl,Obrót
130810270,1698835,pl,Roska
130810347,1698836,pl,Rossi
130810424,1698837,pl,Ropoto
130810501,1698838,pl,Rogkia
130810578,1698839,pl,Rogkia
130810655,1698840,pl,Rogkia
130810732,1698841,pl,Romirio
130810963,1698844,pl,Romia
130811040,1698845,pl,Ampelony
130811117,1698846,pl,Romanos
130811194,1698847,pl,Romanos
130811271,1698848,pl,Romanos
130811348,1698849,pl,Romanos
130811425,1698850,pl,Romanon
130811579,1698852,pl,Romaiiko
130811656,1698853,pl,Oke Kan
130811733,1698854,pl,Oke Kan
130811810,1698855,pl,Roeino
130811887,1698856,pl,Rogo
130811964,1698857,pl,Rogdia
130812041,1698858,pl,Rodhovanion
130812118,1698859,pl,Rodotopi
130812195,1698860,pl,Rodopos
130812272,1698861,pl,Rodonia
130812349,1698862,pl,Rododafni
130812426,1698863,pl,Roditsa
130812580,1698865,pl,Rodina
130812734,1698867,pl,Rodia
130812811,1698868,pl,Rodia
130812965,1698870,pl,Rodia
130813042,1698871,pl,Rodia
130813119,1698872,pl,Rodavgi
130813273,1698874,pl,Rizovouni
130813350,1698875,pl,Rizovouni
130813735,1698880,pl,Rizomylos
130813812,1698881,pl,Rizomylos
130813889,1698882,pl,Rizomylos
130813966,1698883,pl,Rizoma
130814043,1698884,pl,Rizochori
130814274,1698887,pl,Rizario
130814428,1698889,pl,Rizes
130814505,1698890,pl,Riza
130814582,1698891,pl,Ryza
130814736,1698893,pl,Ryza
130814813,1698894,pl,Ryza
130814890,1698895,pl,Ryza
130814967,1698896,pl,Ryza
130815044,1698897,pl,Rigaio
130815121,1698898,pl,Riviotissa
130815198,1698899,pl,Rivio
130815275,1698900,pl,Ritsona
130815352,1698901,pl,Ryto
130815583,1698904,pl,Rion
130815660,1698905,pl,Riolos
130815737,1698906,pl,Ringlia
130815968,1698909,pl,Reichia
130816122,1698911,pl,Rigani
130816276,1698913,pl,Rigani
130816430,1698915,pl,Rifi
130816507,1698916,pl,Riachovo
130816584,1698917,pl,Revmatia
130816661,1698918,pl,Revmatia
130816738,1698919,pl,Revmatia
130816892,1698921,pl,Revma
130817200,1698925,pl,Retsiana
130817277,1698926,pl,Areti
130817354,1698927,pl,Rethi
130817431,1698928,pl,Retimno
130817508,1698929,pl,Repetista
130817585,1698930,pl,Repanidhion
130817739,1698932,pl,Renginion
130817893,1698934,pl,Rentina
130817970,1698935,pl,Razata
130818047,1698936,pl,Raxa
130818124,1698937,pl,Ravenia
130818201,1698938,pl,Raveni
130818278,1698939,pl,Ravdoucha
130818355,1698940,pl,Ratzakli
130818509,1698942,pl,Raptopoulo
130818586,1698943,pl,Raftopoulo
130818663,1698944,pl,Raftis
130818740,1698945,pl,Raptis
130818894,1698947,pl,Raptaioi
130819048,1698949,pl,Rapsommatis
130819125,1698950,pl,Rapsani
130819202,1698951,pl,Rapsaioi
130819510,1698955,pl,Ramos
130819587,1698956,pl,Ramni
130819664,1698957,pl,Ramia
130819818,1698959,pl,Rachouli
130819895,1698960,pl,Rachoula
130819972,1698961,pl,Raches
130820049,1698962,pl,Rakhidhion
130820126,1698963,pl,Rachi
130820357,1698966,pl,Rachi
130820434,1698967,pl,Rachi
130820588,1698969,pl,Rakhai
130820742,1698971,pl,Raches
130821127,1698976,pl,Rafina
130821204,1698977,pl,Radovizi
130821512,1698981,pl,Pterounda
130821820,1698985,pl,Pteri
130821897,1698986,pl,Fteri
130822051,1698988,pl,Ptelopoula
130822128,1698989,pl,Almiros
130822205,1698990,pl,Parczelina
130822359,1698992,pl,Parczelina
130822590,1698995,pl,Psofida
130822744,1698997,pl,Psina
130822975,1699000,pl,Psili Vrysi
130823129,1699002,pl,Psychro
130823206,1699003,pl,Psichiko
130823283,1699004,pl,Psichiko
130823591,1699008,pl,Psathogiannos
130823668,1699009,pl,Psathotopi
130823745,1699010,pl,Psathopyrgos
130823822,1699011,pl,Psathochori
130824130,1699015,pl,Psari
130824207,1699016,pl,Psari
130824284,1699017,pl,Psarion
130824361,1699018,pl,Psarion
130824438,1699019,pl,Psari
130824592,1699021,pl,Psalidha
130824669,1699022,pl,Psachna
130824746,1699023,pl,Psaka
130824900,1699025,pl,Provarma
130824977,1699026,pl,Prousos
130825054,1699027,pl,Protoria
130825131,1699028,pl,Protopappas
130825208,1699029,pl,Proskinas
130825285,1699030,pl,Prosimna
130825362,1699031,pl,Prosilio
130825516,1699033,pl,Prosilio
130825593,1699034,pl,Prosilion
130825670,1699035,pl,Prosilio
130825901,1699038,pl,Prosilia
130825978,1699039,pl,Propoulion
130826132,1699041,pl,Promyri
130826209,1699042,pl,Prokopi
130826363,1699044,pl,Zysk Ilias
130826594,1699047,pl,Zysk Ilias
130826671,1699048,pl,Profilia
130826825,1699050,pl,Prodromos
130826902,1699051,pl,Prodromos
130827056,1699053,pl,Prodromos
130827133,1699054,pl,Prodromos
130827210,1699055,pl,Prodromos
130827364,1699057,pl,Prodromi
130827518,1699059,pl,Proastio
130827595,1699060,pl,Ano Parakalamos
130827672,1699061,pl,Prionia
130827749,1699062,pl,Priolithos
130827826,1699063,pl,Prinos
130827903,1699064,pl,Prinos
130827980,1699065,pl,Prinias
130828134,1699067,pl,Prinias
130828365,1699070,pl,Prines
130828442,1699071,pl,Archaia Eleftherna
130828519,1699072,pl,Prines
130828673,1699074,pl,Prina
130828750,1699075,pl,Preweza
130828827,1699076,pl,Preveliana
130828981,1699078,pl,Pratovouni
130829058,1699079,pl,Prastos
130829135,1699080,pl,Prasino
130829289,1699082,pl,Prasino
130829366,1699083,pl,Prasidhakion
130829443,1699084,pl,Prasies
130829520,1699085,pl,Prasia
130829597,1699086,pl,Prases
130829674,1699087,pl,Prasas
130829751,1699088,pl,Prasaiika
130829982,1699091,pl,Pramanta
130830059,1699092,pl,Praitori
130830136,1699093,pl,Pragmateftis
130830213,1699094,pl,Ampelony
130830290,1699095,pl,Pournos
130830444,1699097,pl,Pounari
130830521,1699098,pl,Pournarion
130830598,1699099,pl,Pournari
130830675,1699100,pl,Pournaria
130830752,1699101,pl,Pournara
130830829,1699102,pl,Pournarokastro
130830906,1699103,pl,Purio
130830983,1699104,pl,Poungakia
130831060,1699105,pl,Poullitsa
130831137,1699106,pl,Poullakida
130831214,1699107,pl,Poulitsi
130831291,1699108,pl,Poulithra
130831599,1699112,pl,Poulata
130831676,1699113,pl,Potistiria
130831753,1699114,pl,Potistika
130831830,1699115,pl,Potistika
130831907,1699116,pl,Potidania
130832061,1699118,pl,Potamoula Trichonidos
130832215,1699120,pl,Potamos
130832292,1699121,pl,Potamos
130832369,1699122,pl,Potamos
130832600,1699125,pl,Potami
130832677,1699126,pl,Potamida
130832754,1699127,pl,Potamiai
130832831,1699128,pl,Potamia
130832908,1699129,pl,Potamia
130832985,1699130,pl,Potamia
130833062,1699131,pl,Potamia
130833216,1699133,pl,Potamia
130833293,1699134,pl,Potamia
130833370,1699135,pl,Portocheli
130833524,1699137,pl,Portitsa
130833601,1699138,pl,Portianon
130833678,1699139,pl,Porti
130833755,1699140,pl,Portaria
130833832,1699141,pl,Portes
130833909,1699142,pl,Portes
130833986,1699143,pl,Porovitsa
130834063,1699144,pl,Poros
130834140,1699145,pl,Poros
130834217,1699146,pl,Poros
130834294,1699147,pl,Poroi
130834525,1699150,pl,Pontikiana
130834602,1699151,pl,Pontikates
130834679,1699152,pl,Pondi
130834756,1699153,pl,Pombia
130834910,1699155,pl,Polijiros
130835064,1699157,pl,Politika
130835218,1699159,pl,Polythea
130835295,1699160,pl,Polythea
130835372,1699161,pl,Politea
130835526,1699163,pl,Polystafylo
130835680,1699165,pl,Polypotamos
130835757,1699166,pl,Polion
130835834,1699167,pl,Polyneri
130835911,1699168,pl,Polyneri
130835988,1699169,pl,Polyneri
130836065,1699170,pl,Polylofos
130836142,1699171,pl,Polylofo
130836373,1699174,pl,Polichnitos
130836450,1699175,pl,Polikhni
130836604,1699177,pl,Polydroso
130836758,1699179,pl,Polydoro
130836835,1699180,pl,Polidhendrion
130836912,1699181,pl,Polydendri
130836989,1699182,pl,Polydameio
130837143,1699184,pl,Poliani
130837220,1699185,pl,Polemitas
130837297,1699186,pl,Polemarchi
130837451,1699188,pl,Pokista
130837528,1699189,pl,Pogonia
130837605,1699190,pl,Podos
130837682,1699191,pl,Podogora
130837913,1699194,pl,Plora
130837990,1699195,pl,Plomari
130838144,1699197,pl,Plitra
130838221,1699198,pl,Plisioí
130838375,1699200,pl,Pligonion
130838452,1699201,pl,Plevriana
130838606,1699203,pl,Plemeniana
130838683,1699204,pl,Plagia
130838760,1699205,pl,Plagia
130838837,1699206,pl,Plagia
130838991,1699208,pl,Platsa
130839376,1699213,pl,Platreithias
130839530,1699215,pl,Platistomon
130839607,1699216,pl,Platystoma
130839684,1699217,pl,Platykampos
130839992,1699221,pl,Plati
130840069,1699222,pl,Plati
130840146,1699223,pl,Platy
130840223,1699224,pl,Plati
130840377,1699226,pl,Plataria
130840454,1699227,pl,Platanovrysi
130840531,1699228,pl,Platanovrysi
130840685,1699230,pl,Platanoussa
130840762,1699231,pl,Platanoulia
130840839,1699232,pl,Platanistos
130840916,1699233,pl,Platanos
130841070,1699235,pl,Platanos
130841147,1699236,pl,Platanos
130841224,1699237,pl,Platanos Kalyvion
130841301,1699238,pl,Platanos
130841455,1699240,pl,Platanos
130841532,1699241,pl,Platanos
130841609,1699242,pl,Platanos
130841763,1699244,pl,Platanos
130841917,1699246,pl,Platanos
130841994,1699247,pl,Platanos
130842148,1699249,pl,Platanos
130842225,1699250,pl,Platanitsa
130842302,1699251,pl,Pano Platanitis
130842379,1699252,pl,Platanitis
130842456,1699253,pl,Platanistos
130842533,1699254,pl,Plataniotissa
130842610,1699255,pl,Platani
130842687,1699256,pl,Platanion
130842841,1699258,pl,Platanias
130842918,1699259,pl,Plataniasz
130842995,1699260,pl,Platania
130843072,1699261,pl,Platania
130843149,1699262,pl,Platania
130843226,1699263,pl,Platania
130843303,1699264,pl,Platania
130843380,1699265,pl,Platania
130843457,1699266,pl,Platania
130843688,1699269,pl,Los Platanos
130843765,1699270,pl,Platanaki
130843996,1699273,pl,Platanakia
130844150,1699275,pl,Platana
130844227,1699276,pl,Platiana
130844304,1699277,pl,Platana
130844381,1699278,pl,Platana
130844458,1699279,pl,Plataies
130844612,1699281,pl,Planos
130844689,1699282,pl,Planitero
130844766,1699283,pl,Plateraiika
130844843,1699284,pl,Plakoutsaiika
130844920,1699285,pl,Agia Marina
130844997,1699286,pl,Plakoti
130845074,1699287,pl,Plakoti
130845151,1699288,pl,Plakias
130845382,1699291,pl,Plakados
130845459,1699292,pl,Plaka
130845613,1699294,pl,Plaka
130845690,1699295,pl,Plaka
130845767,1699296,pl,Plaka
130845921,1699298,pl,Plaka
130845998,1699299,pl,Plaka
130846229,1699302,pl,Plaisio
130846306,1699303,pl,Plaisia
130846383,1699304,pl,Pigi
130846460,1699305,pl,Pigi
130846537,1699306,pl,Pigi
130846768,1699309,pl,Pigi
130846845,1699310,pl,Pigi
130846922,1699311,pl,Świnie
130847076,1699313,pl,Pitsiota
130847153,1699314,pl,Pitsion
130847230,1699315,pl,Pitsinianika
130847307,1699316,pl,Pitsinaiika
130847461,1699318,pl,Pitsidia
130847538,1699319,pl,Pitrofos
130847692,1699321,pl,Pityous
130847769,1699322,pl,Pithari
130847846,1699323,pl,Pitagorio
130848077,1699326,pl,Pissonas
130848154,1699327,pl,Pissidos
130848231,1699328,pl,Pisses
130848308,1699329,pl,Pispilounta
130848385,1699330,pl,Piso Sykia
130848539,1699332,pl,Piso Meria
130848616,1699333,pl,Piskopiano
130848770,1699335,pl,Piskokefalon
130848847,1699336,pl,Pisia
130849078,1699339,pl,Piryoi Thermis
130849155,1699340,pl,Piryiotika
130849232,1699341,pl,Piryion
130849309,1699342,pl,Piryion
130849386,1699343,pl,Pyrgion
130849540,1699345,pl,Pyrgetos
130849617,1699346,pl,Pyrgetos
130849694,1699347,pl,Piryella
130849771,1699348,pl,Pyrgaiika
130849848,1699349,pl,Pirris
130850002,1699351,pl,Pyrra
130850156,1699353,pl,Pirgou
130850310,1699355,pl,Pyrgos Dirou
130850464,1699357,pl,Pyrgos Ithomis
130850541,1699358,pl,Pyrgos
130850695,1699360,pl,Parczelina
130850772,1699361,pl,Pirgos
130850926,1699363,pl,Pyrgos
130851234,1699367,pl,Pyrgos
130851311,1699368,pl,Pirgos
130851388,1699369,pl,Pirgos
130851542,1699371,pl,Pirgos
130851619,1699372,pl,Pyrgos (Santoryn)
130851773,1699374,pl,Pyrgos
130852081,1699378,pl,Pyrgos Kalou Choriou
130852158,1699379,pl,Pyrgos
130852312,1699381,pl,Pyrgaki
130852389,1699382,pl,Pyrathi
130852543,1699384,pl,Pireus
130852620,1699385,pl,Pyra
130852697,1699386,pl,Piperica
130852851,1699388,pl,Pineiada
130853005,1699390,pl,Pinakokhorion
130853159,1699392,pl,Pinakatai
130853236,1699393,pl,Pylos
130853313,1699394,pl,Pilion
130853390,1699395,pl,Pyli
130853544,1699397,pl,Pili
130853698,1699399,pl,Pili
130853775,1699400,pl,Pilalistra
130853852,1699401,pl,Pilalimata
130854006,1699403,pl,"Pyles, Karpathos"
130854083,1699404,pl,Pila
130854160,1699405,pl,Pikris
130854314,1699407,pl,Pikoulianika
130854391,1699408,pl,Pikernis
130854468,1699409,pl,Pikermi
130854622,1699411,pl,Pigaidhakia
130854699,1699412,pl,Pigadoulia
130854776,1699413,pl,Pigaditsa
130854853,1699414,pl,Pigadisanoi
130855084,1699417,pl,Pigadi
130855161,1699418,pl,Pigadia
130855238,1699419,pl,Pigadia
130855469,1699422,pl,Pigadia
130855623,1699424,pl,Pigadakia
130855700,1699425,pl,Pigadakia
130855854,1699427,pl,Pidima
130855931,1699428,pl,Pidasos
130856008,1699429,pl,Piana
130856085,1699430,pl,Pialeia
130856239,1699432,pl,Peza
130856316,1699433,pl,Pefkos
130856470,1699435,pl,Pevkoi
130856547,1699436,pl,Pefkofyto
130856624,1699437,pl,Pevkofiton
130856778,1699439,pl,Pefki
130856855,1699440,pl,Pefki
130856932,1699441,pl,Pefkes
130857009,1699442,pl,Petsali
130857086,1699443,pl,Petsalia
130857240,1699445,pl,Petsakoi
130857317,1699446,pl,Petrovouni
130857625,1699450,pl,Petrupoli
130857933,1699454,pl,Petroto
130858010,1699455,pl,Petroton
130858164,1699457,pl,Petroto
130858241,1699458,pl,Petroto
130858318,1699459,pl,Petroto
130858472,1699461,pl,Petroporo
130858549,1699462,pl,Petrona
130858626,1699463,pl,Petrochori
130858703,1699464,pl,Petrochori
130858780,1699465,pl,Petrochori
130858857,1699466,pl,Petrochorion
130858934,1699467,pl,Petrokefalon
130859011,1699468,pl,Petrokefalion
130859088,1699469,pl,Petritsi
130859165,1699470,pl,Petri
130859242,1699471,pl,Petrino
130859319,1699472,pl,Petrina
130859396,1699473,pl,Petrina
130859473,1699474,pl,Petrilo
130859550,1699475,pl,Petrilia
130859704,1699477,pl,Petries
130860012,1699481,pl,Petras
130860089,1699482,pl,Petralona
130860166,1699483,pl,Petralona
130860243,1699484,pl,Amfilochiko Argos
130860320,1699485,pl,Petralona
130860397,1699486,pl,Petralona
130860474,1699487,pl,Petra
130860551,1699488,pl,Petra
130860705,1699490,pl,Petra
130860782,1699491,pl,Petra
130860859,1699492,pl,Petra
130861013,1699494,pl,Petra
130861167,1699496,pl,Petousi
130861398,1699499,pl,Peta
130861475,1699500,pl,Petas
130861629,1699502,pl,Petalou
130861706,1699503,pl,Petalidi
130861783,1699504,pl,Pesta
130861860,1699505,pl,Pesada
130861937,1699506,pl,Pervolakia
130862014,1699507,pl,Chondros
130862091,1699508,pl,Pertouli
130862168,1699509,pl,Perthori
130862245,1699510,pl,Kompoti
130862322,1699511,pl,Nea Persaina
130862399,1699512,pl,Kalloni
130862476,1699513,pl,Perpataris
130862630,1699515,pl,Perkos
130862707,1699516,pl,Perigiali
130862784,1699517,pl,Periyiali
130862938,1699519,pl,Perivoli
130863015,1699520,pl,Perivoli
130863092,1699521,pl,Perivolion
130863323,1699524,pl,Perivolia
130863400,1699525,pl,Perivolia
130863554,1699527,pl,Perivolia
130863631,1699528,pl,Perivolia
130863708,1699529,pl,Perivolakia
130863785,1699530,pl,Perivolakia
130863862,1699531,pl,Perivolakia
130864016,1699533,pl,Perivleptos
130864093,1699534,pl,Perivlepto
130864247,1699536,pl,Perithori
130864324,1699537,pl,Perithori
130864401,1699538,pl,Perithiotissa
130864478,1699539,pl,Peristeri
130864555,1699540,pl,Peristeri
130864632,1699541,pl,Peristeri
130864709,1699542,pl,Peristeri
130864786,1699543,pl,Peristeri
130864863,1699544,pl,Peristeri
130864940,1699545,pl,Peristera
130865094,1699547,pl,Peristera
130865171,1699548,pl,Perista
130865248,1699549,pl,Peri
130865402,1699551,pl,Perevos
130865556,1699553,pl,Perdikovrysi
130865633,1699554,pl,Perdikovrysi
130865710,1699555,pl,Perdikorrachi
130865787,1699556,pl,Perdikoneri
130865864,1699557,pl,Perdiki
130865941,1699558,pl,Perdikari
130866018,1699559,pl,Perdikaki
130866095,1699560,pl,Perdika
130866172,1699561,pl,Perdika
130866326,1699563,pl,Perdika
130866403,1699564,pl,Perdika
130866480,1699565,pl,Peratis
130866557,1699566,pl,Peratia
130866634,1699567,pl,Peratata
130866788,1699569,pl,Pera Triovasalos
130866865,1699570,pl,Peranthi
130866942,1699571,pl,Pera Nevropoli
130867019,1699572,pl,Pera Meria
130867096,1699573,pl,Pera Melana
130867250,1699575,pl,Perama
130867404,1699577,pl,Perama
130867481,1699578,pl,Perama
130867558,1699579,pl,Perama
130867635,1699580,pl,Perachorion
130867712,1699581,pl,Perachori
130867943,1699584,pl,Perachora
130868097,1699586,pl,Pera Kalentini
130868405,1699590,pl,Pentolakkos
130868482,1699591,pl,Penteoria
130868559,1699592,pl,Pendeli
130868636,1699593,pl,Pente Ekklisies
130868713,1699594,pl,Pentagioi
130868944,1699597,pl,Pendamodhion
130869021,1699598,pl,Pendalofon
130869098,1699599,pl,Pendakorfon
130869175,1699600,pl,Pemonia
130869252,1699601,pl,Pelopi
130869329,1699602,pl,Pelopi
130869406,1699603,pl,Pellini
130869483,1699604,pl,Pellana
130869560,1699605,pl,Peleta
130869714,1699607,pl,Pelekanada
130869791,1699608,pl,Pelasgia
130869868,1699609,pl,Pelagos
130870022,1699611,pl,Pedino
130870176,1699613,pl,Pedini
130870253,1699614,pl,Pagis
130870330,1699615,pl,Gaios
130870407,1699616,pl,Pawlos
130870638,1699619,pl,Pavliani
130870792,1699621,pl,Pavlia
130870869,1699622,pl,Patsos
130870946,1699623,pl,Patsides
130871023,1699624,pl,Patsideros
130871100,1699625,pl,Patsianos
130871408,1699629,pl,Patrika
130871485,1699630,pl,Patras
130871562,1699631,pl,Patoulia
130871639,1699632,pl,Patmos
130871716,1699633,pl,Patitirion
130871793,1699634,pl,Patiopoulo
130872101,1699638,pl,Patellari
130872178,1699639,pl,Pastra
130872255,1699640,pl,Paschalitsa
130872332,1699641,pl,Pasio
130872409,1699642,pl,Inachos
130872563,1699644,pl,Agios Konstantinos
130872640,1699645,pl,Partira
130872717,1699646,pl,Partenion
130872794,1699647,pl,Partheni
130872871,1699648,pl,Partheni
130872948,1699649,pl,Paros
130873025,1699650,pl,Parori
130873102,1699651,pl,Parorion
130873179,1699652,pl,Parori
130873256,1699653,pl,Parorion
130873487,1699656,pl,Parigoria
130873564,1699657,pl,Parga
130873641,1699658,pl,Pardalitsa
130873718,1699659,pl,Pardhalion
130873795,1699660,pl,Paravola
130873949,1699662,pl,Kakapetra
130874026,1699663,pl,Paraskewi
130874103,1699664,pl,Paraskewi
130874257,1699666,pl,Parasyros
130874334,1699667,pl,Proastion
130874411,1699668,pl,Parapounki
130874488,1699669,pl,Parapotamos
130874565,1699670,pl,Parapotamos
130874642,1699671,pl,Parapotamos
130874719,1699672,pl,Paranimfoi
130874796,1699673,pl,Paramythia
130874873,1699674,pl,Paramero
130874950,1699675,pl,Paramerites
130875027,1699676,pl,Paralongoi
130875104,1699677,pl,Paralio Astros
130875181,1699678,pl,Paralia Sergoulas
130875258,1699679,pl,Paralia Porovitsis
130875335,1699680,pl,Paralia Platanou
130875412,1699681,pl,Paralia Kimis
130875566,1699683,pl,Paralia Avlidos
130875643,1699684,pl,Krathion
130875720,1699685,pl,Paralia Rachon
130875797,1699686,pl,Paralia
130875874,1699687,pl,Paralia
130875951,1699688,pl,Paralia Tyrou
130876028,1699689,pl,Paralia
130876105,1699690,pl,Parakopi
130876182,1699691,pl,Parakoila
130876259,1699692,pl,Parakalamos
130876490,1699695,pl,Paradhision
130876644,1699697,pl,Paradeisi
130876721,1699698,pl,Paradeisia
130876798,1699699,pl,Pappoulia
130876875,1699700,pl,Pappagiannades
130877029,1699702,pl,Drosopigi
130877260,1699705,pl,Pappados
130877337,1699706,pl,Pappadianika
130877645,1699710,pl,Pappadhiana
130877799,1699712,pl,Pappades
130877876,1699713,pl,Pappadatou
130877953,1699714,pl,Pappadates
130878030,1699715,pl,Pappadhatai
130878338,1699719,pl,Papigkon
130878415,1699720,pl,Papastavraiika
130878492,1699721,pl,Paparis
130879031,1699728,pl,Panousaiika
130879108,1699729,pl,Panourgias
130879185,1699730,pl,Panormos
130879262,1699731,pl,Pyrgos
130879339,1699732,pl,Panormos
130879416,1699733,pl,Panormitis
130879493,1699734,pl,Panoramo
130879570,1699735,pl,Panorama
130879724,1699737,pl,Święty Jerzy
130879801,1699738,pl,Myrsini
130879878,1699739,pl,Paniperi
130880032,1699741,pl,Pagkrati
130880186,1699743,pl,Pagkalochorion
130880263,1699744,pl,Panethimos
130880417,1699746,pl,Pantokratoras
130880494,1699747,pl,Athamania
130880648,1699749,pl,Palaios Panteleimonas
130880725,1699750,pl,Pantanassa
130880802,1699751,pl,Pandanassa
130880879,1699752,pl,Pantanassa
130880956,1699753,pl,Pandanassa
130881033,1699754,pl,Panagitsa
130881110,1699755,pl,Panayitsa
130881187,1699756,pl,Panagitsa
130881264,1699757,pl,Panayitsa
130881418,1699759,pl,Panagiouda
130881572,1699761,pl,Panagia Kalamiotissa
130881649,1699762,pl,Panayia
130881726,1699763,pl,Panagia
130881803,1699764,pl,Panagia
130882034,1699767,pl,Panagia
130882188,1699769,pl,Panayia
130882419,1699772,pl,Askri
130882496,1699773,pl,Panagia
130882573,1699774,pl,Panagia
130882650,1699775,pl,Perani
130882804,1699777,pl,Panayia
130883035,1699780,pl,Panayia
130883189,1699782,pl,Panayia
130883343,1699784,pl,Panasos
130883420,1699785,pl,Panaritis
130883497,1699786,pl,Panariti
130883651,1699788,pl,Panakto
130883728,1699789,pl,Panaitolio
130883882,1699791,pl,Panaiika
130883959,1699792,pl,Panagoula
130884036,1699793,pl,Pamfion
130884113,1699794,pl,Pamfila
130884267,1699796,pl,Paloumpa
130884344,1699797,pl,Paloukia
130884421,1699798,pl,Mega Pefko
130884498,1699799,pl,Paloi
130884575,1699800,pl,Palini
130884729,1699802,pl,Pallantio
130884883,1699804,pl,Paliouri
130884960,1699805,pl,Paliouri
130885037,1699806,pl,Paliouri
130885114,1699807,pl,Paliourio
130885191,1699808,pl,Agioi Anargyroi
130885268,1699809,pl,Paliouria
130885345,1699810,pl,Paliouri
130885422,1699811,pl,Paliouras
130885576,1699813,pl,Paliospito
130885884,1699817,pl,Palaiochori
130886654,1699827,pl,Palaiokarya Keraseas
130886885,1699830,pl,Kallithea
130886962,1699831,pl,Paliampela
130887116,1699833,pl,Palavistia
130887270,1699835,pl,Palampas
130887347,1699836,pl,Palamas
130887424,1699837,pl,Palamas
130887578,1699839,pl,Palamari
130887655,1699840,pl,Palaistou
130887732,1699841,pl,Palairos
130887886,1699843,pl,Palaiovrysi
130887963,1699844,pl,Palaiovrysi
130888040,1699845,pl,Palaiovracha
130888117,1699846,pl,Palaiovarvasaina
130888271,1699848,pl,Palaiopoli
130888425,1699850,pl,Palaiopyrgos
130888502,1699851,pl,Palaiopyrgos
130888579,1699852,pl,Palaiopyrgos
130888656,1699853,pl,Palaiopyrgos
130888733,1699854,pl,Palaiopanagia
130889041,1699858,pl,Pera Chavari
130889118,1699859,pl,Paleo Faliro
130889272,1699861,pl,Palaiomonastiron
130889426,1699863,pl,Palaiomoiri
130889503,1699864,pl,Paleomilos
130889580,1699865,pl,Palaiomylos
130889657,1699866,pl,Paleomilos
130889811,1699868,pl,Palaiomanina
130889888,1699869,pl,Palaioloutra
130890042,1699871,pl,Palioklisi
130890119,1699872,pl,Palaiokklisi
130890196,1699873,pl,Palaiokipos
130890350,1699875,pl,Palaiochori Sirakou
130890427,1699876,pl,Palaiochori
130890504,1699877,pl,Palaiochori
130890581,1699878,pl,Palaiochori
130890658,1699879,pl,Palaiochori
130890735,1699880,pl,Palaiochori
130890889,1699882,pl,Palaiochori
130891043,1699884,pl,Palaiochori Botsari
130891120,1699885,pl,Palaiochori
130891274,1699887,pl,Palaiochori
130891351,1699888,pl,Paleohorion
130891505,1699890,pl,Palaiochori
130891813,1699894,pl,Paleohorion
130891890,1699895,pl,Palaiochori
130891967,1699896,pl,Paliochori
130892198,1699899,pl,Palaiochori
130892352,1699901,pl,Paliochoraki
130892429,1699902,pl,Paliochoraki
130892660,1699905,pl,Palaiochora
130892814,1699907,pl,Palaiokerasia
130893045,1699910,pl,Agios Christoforos
130893122,1699911,pl,Lesini
130893199,1699912,pl,Palaiokastro
130893276,1699913,pl,Palaiokastro
130893353,1699914,pl,Palaiokastro
130893430,1699915,pl,Palaiokastro
130893507,1699916,pl,Palaiokastro
130893584,1699917,pl,Palaiokarya
130893815,1699920,pl,Palaioarachova
130893969,1699922,pl,Palailimnos
130894046,1699923,pl,Palekastro
130894123,1699924,pl,Palaia Giannitsou
130894200,1699925,pl,Palaia Vrysi
130894277,1699926,pl,Palaia Roumata
130894354,1699927,pl,Psara
130894739,1699932,pl,Palaia Fokaia
130894893,1699934,pl,Palaia Epidauros
130894970,1699935,pl,Drakospilia
130895047,1699936,pl,Petralona
130895124,1699937,pl,Pakia
130895201,1699938,pl,Pachtouri
130895355,1699940,pl,Pachykalamos
130895663,1699944,pl,Pacheia Ammos
130895740,1699945,pl,Pachi
130895817,1699946,pl,Paidopoli Zirou
130895894,1699947,pl,Paidochori
130895971,1699948,pl,Peania
130896048,1699949,pl,Pagos
130896125,1699950,pl,Pagontas
130896202,1699951,pl,Pagondas
130896279,1699952,pl,Paganea
130896356,1699953,pl,Oxyneia
130896510,1699955,pl,Ozias
130896587,1699956,pl,Oxya
130896664,1699957,pl,Owria
130896741,1699958,pl,Otzias
130896818,1699959,pl,Othos
130896895,1699960,pl,Othomaniko
130896972,1699961,pl,Ossa
130897049,1699962,pl,Orthovouni
130897126,1699963,pl,Orthouni
130897203,1699964,pl,Ortoniai
130897357,1699966,pl,Orthes
130897511,1699968,pl,Oros
130897665,1699970,pl,Oropos
130897742,1699971,pl,Oroloyion
130897896,1699973,pl,Ormos Aigialis
130897973,1699974,pl,Ormos Korthiou
130898050,1699975,pl,Orchomenos
130898127,1699976,pl,Orion
130898435,1699980,pl,Oreino
130898512,1699981,pl,Oreini Meligou
130898589,1699982,pl,Oreini
130898666,1699983,pl,Oria
130898743,1699984,pl,Orfana
130898897,1699986,pl,Oreoi
130898974,1699987,pl,Oraiokastro
130899051,1699988,pl,Oraia
130899128,1699989,pl,Opsigias
130899205,1699990,pl,Omvriaki
130899282,1699991,pl,Omorfochori
130899359,1699992,pl,Omolio
130899744,1699997,pl,Olymbos
130899821,1699998,pl,Olympoi
130899898,1699999,pl,Olimpiada
130900052,1700001,pl,Olga
130900129,1700002,pl,Oleni
130900206,1700003,pl,Ochtonia
130900283,1700004,pl,Ochtia
130900360,1700005,pl,Ochthia
130900437,1700006,pl,Ochia
130900514,1700007,pl,Oitilon
130900591,1700008,pl,Oiti
130900668,1700009,pl,Inusses
130900822,1700011,pl,Oinoi
130900899,1700012,pl,Oinoi
130900976,1700013,pl,Oinoi
130901053,1700014,pl,Oinofyta
130901284,1700017,pl,Papagu
130901361,1700018,pl,Oichalia
130901438,1700019,pl,Oia (Grecja)
130901515,1700020,pl,Oasi
130901823,1700024,pl,Nopigeia
130901900,1700025,pl,Nomitsis
130901977,1700026,pl,Nomikiana
130902208,1700029,pl,Nomi
130902285,1700030,pl,Nochia
130902439,1700032,pl,Nivritos
130902516,1700033,pl,Nithavri
130902747,1700036,pl,Nisos Ioanninon
130902824,1700037,pl,Nisi
130902901,1700038,pl,Nisi
130903055,1700040,pl,Nipos
130903132,1700041,pl,Nipiditos
130903286,1700043,pl,Yamashita
130903440,1700045,pl,Nikolitsi
130903517,1700046,pl,Nikolitsi
130903748,1700049,pl,Nikolaiika
130903825,1700050,pl,Nikithianos
130903902,1700051,pl,Niforaiika
130903979,1700052,pl,Nikiana
130904056,1700053,pl,Nikia
130904133,1700054,pl,Niki
130904210,1700055,pl,Niki
130904672,1700061,pl,Nikaia
130904749,1700062,pl,Nikiea
130904826,1700063,pl,Nyfi
130904903,1700064,pl,Nidhrion
130904980,1700065,pl,Niata
130905211,1700068,pl,Nevropoli
130905288,1700069,pl,Nestani
130905365,1700070,pl,Nesson
130905519,1700072,pl,Nerotrivia
130905673,1700074,pl,Neromylos
130905750,1700075,pl,Neromyloi
130905827,1700076,pl,Neromanna
130905904,1700077,pl,Nerokouros
130906135,1700080,pl,Neriana
130906212,1700081,pl,Neratzia
130906366,1700083,pl,Nerantziai
130906443,1700084,pl,Nerantza
130906597,1700086,pl,Neraidochori
130906674,1700087,pl,Rachoula
130906751,1700088,pl,Neraida
130906905,1700090,pl,Neraida
130907059,1700092,pl,Neraida
130907136,1700093,pl,Neraida
130907213,1700094,pl,Neraida
130907290,1700095,pl,Neraida
130907367,1700096,pl,Neos Platanos
130907444,1700097,pl,Neos Pirgos
130907598,1700099,pl,Neos Gorgomylos
130907752,1700101,pl,Neos Erineos
130907829,1700102,pl,Neon Roinon
130907906,1700103,pl,Neo Perivoli
130907983,1700104,pl,Neo Oitylo
130908060,1700105,pl,Neonowy Monastirion
130908137,1700106,pl,Neon Livision
130908214,1700107,pl,Neo Kompigadi
130908291,1700108,pl,Neo Kokkino
130908368,1700109,pl,Neo Chorio
130908445,1700110,pl,Neo Chorio
130908522,1700111,pl,Neo Chorio
130908599,1700112,pl,Karlowasi
130908676,1700113,pl,Neo Ikonio
130908753,1700114,pl,Neo Argyri
130908830,1700115,pl,Doliani
130908907,1700116,pl,Neo Agridi
130908984,1700117,pl,Neochoropoulo
130909061,1700118,pl,Neochori
130909215,1700120,pl,Neochori
130909292,1700121,pl,Oichalia
130909369,1700122,pl,Neochori
130909446,1700123,pl,Neochori
130909523,1700124,pl,Neochori
130909600,1700125,pl,Neochori
130909677,1700126,pl,Neochori
130909754,1700127,pl,Neochorion
130909831,1700128,pl,Neochori
130909908,1700129,pl,Neochori
130910216,1700133,pl,Neochorion
130910370,1700135,pl,Neochori
130910447,1700136,pl,Neochori
130910524,1700137,pl,Neochorion
130910678,1700139,pl,Neochori
130910755,1700140,pl,Neochori
130911063,1700144,pl,Neochori
130911140,1700145,pl,Rodia
130911217,1700146,pl,Neochorion
130911294,1700147,pl,Neochori
130911371,1700148,pl,Neochori
130911448,1700149,pl,Neochorion
130911679,1700152,pl,Neochori
130911756,1700153,pl,Neochori
130911833,1700154,pl,Neochori
130911910,1700155,pl,Neochori
130912064,1700157,pl,Neochorion
130912141,1700158,pl,Neochoria
130912218,1700159,pl,Neochorakion
130912295,1700160,pl,Neochoraki
130912449,1700162,pl,Neochoraki
130912603,1700164,pl,Neokaisareia
130912757,1700166,pl,Nenita
130912834,1700167,pl,Nemouta
130912911,1700168,pl,Nemea
130912988,1700169,pl,Nembros
130913065,1700170,pl,Negrades
130913142,1700171,pl,Negades
130913296,1700173,pl,Nedousa
130913373,1700174,pl,Nedha
130913450,1700175,pl,Nea Tirins
130913527,1700176,pl,Nea Stira
130913604,1700177,pl,Nea Spartia
130913758,1700179,pl,Nea Smirni
130913835,1700180,pl,Nea Skioni
130913912,1700181,pl,Nea Sinopi
130913989,1700182,pl,Nea Sinasos
130914066,1700183,pl,Nea Selefkeia
130914143,1700184,pl,Nea Sampsounta
130914451,1700188,pl,Neapoli
130914528,1700189,pl,Neapoli
130914605,1700190,pl,Neapoli
130914682,1700191,pl,Nea Pefki
130914759,1700192,pl,Nea Peramos
130914836,1700193,pl,Nea Palatia
130914913,1700194,pl,Nea Mousiotitsa
130914990,1700195,pl,Nea Marathea
130915067,1700196,pl,Nea Manolada
130915144,1700197,pl,Nea Makrisi
130915221,1700198,pl,Nea Makri
130915298,1700199,pl,Nea Magnisia
130915452,1700201,pl,Ilio
130915529,1700202,pl,Nea Lefki
130915606,1700203,pl,Nea Lampsakos
130915683,1700204,pl,Nea Koutali
130915760,1700205,pl,Nea Koroni
130915837,1700206,pl,Nea Kios
130916145,1700210,pl,Nea Kerasounta
130916376,1700213,pl,Nea Jonia
130916453,1700214,pl,Ilis
130916530,1700215,pl,Neai Kydoniai
130916607,1700216,pl,Nees Karyes
130916761,1700218,pl,Nea Filadelfia
130916838,1700219,pl,Nea Eritrea
130916915,1700220,pl,Nea Epidavros
130916992,1700221,pl,Nea Avorani
130917069,1700222,pl,Nea Artaki
130917146,1700223,pl,Nea Anchialos
130917223,1700224,pl,Nea Alikarnassos
130917300,1700225,pl,Naksos (miasto)
130917377,1700226,pl,Nauplion
130917454,1700227,pl,Nafpaktos
130917608,1700229,pl,Narthaki
130917685,1700230,pl,Narkissos
130917762,1700231,pl,Napi
130917839,1700232,pl,Nausa
130917993,1700234,pl,Niamata
130918070,1700235,pl,Mouzouras
130918224,1700237,pl,Muzaki
130918301,1700238,pl,Muzaki
130918378,1700239,pl,Muzaki
130918455,1700240,pl,Muzaki
130918609,1700242,pl,Muzaki
130918686,1700243,pl,Mouzakaiika
130918763,1700244,pl,Moutsouna
130918917,1700246,pl,Kallithea - Moustafadhes
130918994,1700247,pl,Mousouta
130919148,1700249,pl,Mousata
130919225,1700250,pl,Mourtzana
130919456,1700253,pl,Mournies
130919533,1700254,pl,Mournies
130919687,1700256,pl,Mourne
130919918,1700259,pl,Mourion
130920072,1700261,pl,Mourikion
130920226,1700263,pl,Mouriatada
130920303,1700264,pl,Mouria
130920457,1700266,pl,Mouria
130920611,1700268,pl,Mouresi
130920688,1700269,pl,Moungelatika
130920765,1700270,pl,Mountros
130920842,1700271,pl,Moulki
130921150,1700275,pl,Evangelismos
130921227,1700276,pl,Moucha
130921304,1700277,pl,Mudros
130921612,1700281,pl,Moschochori
130921689,1700282,pl,Moskhokhorion
130921766,1700283,pl,Moschochori
130921843,1700284,pl,Moskhokaria
130921997,1700286,pl,Moschato
130922074,1700287,pl,Mosia
130922151,1700288,pl,Morosklavon
130922228,1700289,pl,Moronion
130922305,1700290,pl,Moria
130922382,1700291,pl,Moria
130922459,1700292,pl,Morfowuni
130922536,1700293,pl,Morfi
130922690,1700295,pl,Monopolata
130922844,1700297,pl,Monolit
130922921,1700298,pl,Monolithos
130922998,1700299,pl,Monolithi
130923229,1700302,pl,Monodhrion
130923306,1700303,pl,Monodendri
130923383,1700304,pl,Monodhendrion
130923537,1700306,pl,Moni
130923691,1700308,pl,Monemwasia
130923845,1700310,pl,Monastiri
130923922,1700311,pl,Monastiri
130923999,1700312,pl,Monastiraki
130924076,1700313,pl,Monastiraki
130924153,1700314,pl,Monastirakion
130924230,1700315,pl,Monastiraki
130924384,1700317,pl,Monastiraki
130924461,1700318,pl,Monastiraki
130924615,1700320,pl,Monastiraki
130924846,1700323,pl,Monachiti
130925077,1700326,pl,Molos
130925154,1700327,pl,Molos
130925231,1700328,pl,Molocha
130925308,1700329,pl,Molikrion
130925385,1700330,pl,Molaoi
130925616,1700333,pl,Mokhos
130925693,1700334,pl,Mochlos
130925770,1700335,pl,Myro
130925847,1700336,pl,Moiraiika
130925924,1700337,pl,Moires
130926078,1700339,pl,Modhion
130926155,1700340,pl,Modi
130926232,1700341,pl,Modestos
130926309,1700342,pl,Mixorrouma
130926540,1700345,pl,Mitropoli
130926617,1700346,pl,Mitropoli
130926694,1700347,pl,Mitropoli
130926771,1700348,pl,Mitopoli
130926848,1700349,pl,Mytilinioi
130926925,1700350,pl,Mitylena
130927002,1700351,pl,Mykytówka
130927079,1700352,pl,Mykytówka
130927156,1700353,pl,Mykytówka
130927233,1700354,pl,Mykytówka
130927310,1700355,pl,Mythoi
130927387,1700356,pl,Mithymna
130927464,1700357,pl,Mithi
130927618,1700359,pl,Mitata
130927695,1700360,pl,Mitakata
130927772,1700361,pl,Mistros
130927849,1700362,pl,Mistra
130927926,1700363,pl,Mistraki
130928003,1700364,pl,Mistegna
130928080,1700365,pl,Myrtos
130928157,1700366,pl,Mirtos
130928234,1700367,pl,Myrtopotamia
130928388,1700369,pl,Myrtias
130928542,1700371,pl,Myrthios
130928619,1700372,pl,Myrties
130928696,1700373,pl,Myrtia
130928850,1700375,pl,Myrtia
130928927,1700376,pl,Myrtia
130929004,1700377,pl,Myrsinochori
130929081,1700378,pl,Myrsini
130929158,1700379,pl,Myrsini
130929235,1700380,pl,Myrsini
130929312,1700381,pl,Myrsini
130929389,1700382,pl,Myrovrysi
130929466,1700383,pl,Muqayrinat
130929543,1700384,pl,Mironia
130929620,1700385,pl,Myrofyllo
130929697,1700386,pl,Miyaodai
130929774,1700387,pl,Myriokefala
130929851,1700388,pl,Muqayrinat
130929928,1700389,pl,Miriki
130930005,1700390,pl,Mirali
130930082,1700391,pl,Archea Pisa
130930159,1700392,pl,Myra
130930390,1700395,pl,Minia
130930544,1700397,pl,Minetata
130930621,1700398,pl,Mindiloglion
130930698,1700399,pl,Mina
130930929,1700402,pl,Melos
130931160,1700405,pl,Myloniana
130931391,1700408,pl,Myltsi
130931468,1700409,pl,Miloi
130931545,1700410,pl,Myltsi
130931622,1700411,pl,Myltsi
130931699,1700412,pl,Myltsi
130931853,1700414,pl,Myltsi
130932161,1700418,pl,Milliaradhon
130932238,1700419,pl,Militsa
130932315,1700420,pl,Milioti
130932546,1700423,pl,Milina
130932623,1700424,pl,Milesion
130932700,1700425,pl,Mileai
130932931,1700428,pl,Milia
130933008,1700429,pl,Milia
130933085,1700430,pl,Milia
130933316,1700433,pl,Milea
130933470,1700435,pl,Milia
130933547,1700436,pl,Milea
130933624,1700437,pl,Milia
130933701,1700438,pl,Milatos
130934009,1700442,pl,Mikrothives
130934086,1700443,pl,Mikros Valtos
130934163,1700444,pl,Mikros Pontias
130934240,1700445,pl,Mikrospilia
130934317,1700446,pl,Mikro Vouno
130934394,1700447,pl,Mikron Vathi
130934548,1700449,pl,Mikro Perivolaki
130934856,1700453,pl,Mikro Evydrio
130934933,1700454,pl,Agioi Pantes
130935010,1700455,pl,Mikro Eleftherochori
130935087,1700456,pl,Mikromani
130935164,1700457,pl,Mikrolivado
130935395,1700460,pl,Mikrochorion
130935549,1700462,pl,Mikri Mantineia
130935626,1700463,pl,Mikri Gotista
130935703,1700464,pl,Mykonos
130935780,1700465,pl,Mikinai
130935857,1700466,pl,Michoi
130936011,1700468,pl,Michalitsi
130936088,1700469,pl,Michalitsi
130936165,1700470,pl,Michalitsata
130936319,1700472,pl,Michalaiika
130936396,1700473,pl,Midea
130936550,1700475,pl,Miamou
130936627,1700476,pl,Mezapos
130936704,1700477,pl,Megisti
130936781,1700478,pl,Mexiatai
130936858,1700479,pl,Metsowo
130937320,1700485,pl,Metochi
130937397,1700486,pl,Metochi
130937474,1700487,pl,Metokhion
130937551,1700488,pl,Metochi
130937628,1700489,pl,Metochi
130937705,1700490,pl,Metokhion
130937782,1700491,pl,Metokhion
130937859,1700492,pl,Metochi
130938167,1700496,pl,Mikro Metochi
130938552,1700501,pl,Methoni
130938706,1700503,pl,Methana
130938860,1700505,pl,Metaksokhorion
130938937,1700506,pl,Metaksokhorion
130939091,1700508,pl,Metaxata
130939168,1700509,pl,Metaxas
130939322,1700511,pl,Metaxada
130939399,1700512,pl,Ayios Andreas
130939476,1700513,pl,Metamorfosi
130939553,1700514,pl,Metamorfosi Troizinos
130939630,1700515,pl,Metamorfoza
130939861,1700518,pl,Mesta
130939938,1700519,pl,Mesini
130940092,1700521,pl,Mesovouni
130940169,1700522,pl,Mesovouni
130940246,1700523,pl,Mesovounia
130940323,1700524,pl,Mesounta
130940400,1700525,pl,Mesotopos
130940554,1700527,pl,Mesorachi
130940708,1700529,pl,Mesorrachi
130940785,1700530,pl,Mesopotamos
130940862,1700531,pl,Mesopotamo
130940939,1700532,pl,Mezopotamia
130941016,1700533,pl,Mesopyrgos
130941093,1700534,pl,Mesopigadhon
130941170,1700535,pl,Meson Yerakarion
130941247,1700536,pl,Mesonisia
130941324,1700537,pl,Missolungi
130941401,1700538,pl,Mesokomi
130941478,1700539,pl,Mouschiades
130941555,1700540,pl,Mesochori
130941632,1700541,pl,Pappas
130941709,1700542,pl,Mesochorion
130941786,1700543,pl,Mesochori
130942017,1700546,pl,Mesochori
130942094,1700547,pl,Mesochorion
130942171,1700548,pl,Mesochoria
130942325,1700550,pl,Mesochora
130942402,1700551,pl,Meskla
130942479,1700552,pl,Mesi Paliokarya
130942556,1700553,pl,Mesino
130942941,1700558,pl,Mesi
130943018,1700559,pl,Mesi
130943172,1700561,pl,Mesenikolas
130943249,1700562,pl,Meseleroi
130943403,1700564,pl,Mesa Voukolies
130943557,1700566,pl,Mesathouri
130943634,1700567,pl,Mesarista
130943711,1700568,pl,Mesaria
130943788,1700569,pl,Mesaria
130943942,1700571,pl,Mesaria
130944096,1700573,pl,Mesanagros
130944173,1700574,pl,Mesa Mouliana
130944250,1700575,pl,Mesa Lasithion
130944481,1700578,pl,Mesaia Kapsi
130944558,1700579,pl,Mesagros
130944635,1700580,pl,Mesagros
130944712,1700581,pl,Mesa Didyma
130944866,1700583,pl,Mertikaiika
130945020,1700585,pl,Meropi
130945097,1700586,pl,Meronas
130945174,1700587,pl,Merkovouni
130945251,1700588,pl,Merkada
130945328,1700589,pl,Agia Triada
130945405,1700590,pl,Merichas
130945482,1700591,pl,Merada
130945559,1700592,pl,Menites
130945636,1700593,pl,Mentourgiannika
130945867,1700596,pl,Menidi
130945944,1700597,pl,Megkla
130946021,1700598,pl,Menetes
130946098,1700599,pl,Menegata
130946175,1700600,pl,Mendouryianika
130946406,1700603,pl,Mendenitsa
130946483,1700604,pl,Melivoia
130946560,1700605,pl,Melitini
130946637,1700606,pl,Melitaia
130946791,1700608,pl,Melissourgoi
130946868,1700609,pl,Melissourgeio
130947176,1700613,pl,Melissochorion
130947253,1700614,pl,Melissochori
130947330,1700615,pl,Melissochori
130947484,1700617,pl,Melissi
130947638,1700619,pl,Akropotamia
130947715,1700620,pl,Melisia
130947792,1700621,pl,Melissia
130947946,1700623,pl,Melissatika
130948023,1700624,pl,Melissa
130948100,1700625,pl,Melissa
130948177,1700626,pl,Melissa
130948254,1700627,pl,Meligkova
130948331,1700628,pl,Milingowie
130948485,1700630,pl,Meligos
130948562,1700631,pl,Meligalas
130948639,1700632,pl,Melidhonion
130948716,1700633,pl,Melidoni
130948870,1700635,pl,Melidochori
130949024,1700637,pl,Meliana
130949101,1700638,pl,Miljana
130949178,1700639,pl,Melia
130949255,1700640,pl,Melia
130949332,1700641,pl,Malesiada
130949409,1700642,pl,Melesai
130949486,1700643,pl,Melates
130949640,1700645,pl,Melanes
130949717,1700646,pl,Melambes
130949794,1700647,pl,Mekounida
130949871,1700648,pl,Megas Gialos
130949948,1700649,pl,Megalos Valtos
130950025,1700650,pl,Megas Pontias
130950179,1700652,pl,Megas Kampos
130950256,1700653,pl,Megas Dentros
130950333,1700654,pl,Megarchis
130950410,1700655,pl,Megarchi
130950564,1700657,pl,Megara
130950641,1700658,pl,Megaplatanos
130950718,1700659,pl,Megalo Peristeri
130950795,1700660,pl,Mega Monastiri
130950949,1700662,pl,Megalovryso
130951103,1700664,pl,Megalopolis
130951180,1700665,pl,Agios Vissarios
130951411,1700668,pl,Megalo Chorio
130951488,1700669,pl,Galaro
130951565,1700670,pl,Megalochori
130951642,1700671,pl,Megalochori
130951719,1700672,pl,Megalochori
130951796,1700673,pl,Megalochori
130951873,1700674,pl,Megalochari
130951950,1700675,pl,Mega Kefalovryso
130952027,1700676,pl,Megali Vrysi
130952181,1700678,pl,Megali Vrysi
130952258,1700679,pl,Megali Rachi
130952335,1700680,pl,Megali Petra
130952412,1700681,pl,Megali Mantineia
130952489,1700682,pl,Megali Chora
130952566,1700683,pl,Megali Kerasia
130952643,1700684,pl,Megali Kapsi
130952720,1700685,pl,Megali Gotista
130952797,1700686,pl,Megali Spilia
130952951,1700688,pl,Megala Kalyvia
130953028,1700689,pl,Mega Khorion
130953105,1700690,pl,Megalo Gardiki
130953182,1700691,pl,Megalo Evydrio
130953259,1700692,pl,Mega Eleftherochori
130953336,1700693,pl,Megadentro
130953413,1700694,pl,Mazion
130953490,1700695,pl,Mazi
130953567,1700696,pl,Mazia
130953721,1700698,pl,Mazaraki
130953798,1700699,pl,Mazaraki
130953875,1700700,pl,Mazarakia
130954029,1700702,pl,Maza
130954183,1700704,pl,Mageiras
130954260,1700705,pl,Mageiras
130954491,1700708,pl,Mavrogeia
130954645,1700710,pl,Mavrovouni
130954799,1700712,pl,Mavrovoros
130954876,1700713,pl,Mavroudi
130954953,1700714,pl,Mavrosouvala
130955030,1700715,pl,Mavropoulo
130955107,1700716,pl,Mavropoulo
130955184,1700717,pl,Mavronoros
130955415,1700720,pl,Mavroneri
130955492,1700721,pl,Mavrommati
130955646,1700723,pl,Mavrommati
130955800,1700725,pl,Mawromati
130955877,1700726,pl,Mavrommati
130956031,1700728,pl,Mavrommata
130956262,1700731,pl,Mavrolithari
130956416,1700733,pl,Xirochori
130956493,1700734,pl,Mavrilo
130956570,1700735,pl,Mavriki
130956724,1700737,pl,Mavreli
130956801,1700738,pl,Mavrata
130957032,1700741,pl,Mavrakhadhes
130957109,1700742,pl,Matsoukiotika
130957186,1700743,pl,Matsouki
130957263,1700744,pl,Matsoukion
130957417,1700746,pl,Matoneri
130957494,1700747,pl,Mati
130957571,1700748,pl,Mathia
130957648,1700749,pl,Mathia
130957725,1700750,pl,Mathes
130957802,1700751,pl,Matesion
130957956,1700753,pl,Mataragka
130958033,1700754,pl,Mataranga
130958110,1700755,pl,Mataragka
130958264,1700757,pl,Matala
130958341,1700758,pl,Amarantos
130958495,1700760,pl,Mastro
130958649,1700762,pl,Mastrakhiana
130958726,1700763,pl,Mastoratika
130958803,1700764,pl,Mastichari
130959034,1700767,pl,Mascholouri
130959265,1700770,pl,Martino
130959419,1700772,pl,Marta
130959496,1700773,pl,Marpissa
130959804,1700777,pl,Maroulas
130959881,1700778,pl,Maronia
130959958,1700779,pl,Marnellides
130960112,1700781,pl,Marmaro
130960189,1700782,pl,Marmarion
130960343,1700784,pl,Marmarini
130960497,1700786,pl,Marmari
130960651,1700788,pl,Marmara
130960728,1700789,pl,Marmara
130960805,1700790,pl,Marmara
130960882,1700791,pl,Marmara
130961190,1700795,pl,Markos
130961344,1700797,pl,Markos
130961421,1700798,pl,Markopoulo Oropou
130961498,1700799,pl,Markopoulo
130961575,1700800,pl,Markopoulo
130961652,1700801,pl,Markopoulon
130961729,1700802,pl,Markiniada
130961806,1700803,pl,Marketata
130961960,1700805,pl,Markates
130962268,1700809,pl,Mariou
130962422,1700811,pl,Mariolata
130962499,1700812,pl,Maryniana
130962576,1700813,pl,Marina
130962730,1700815,pl,Mariai
130962807,1700816,pl,Margariti
130962884,1700817,pl,Margaritai
130963115,1700820,pl,Mardati
130963192,1700821,pl,Maraveliana
130963423,1700824,pl,Marathos
130963500,1700825,pl,Marathos
130963577,1700826,pl,Marathos
130963731,1700828,pl,Marathos
130963808,1700829,pl,Marathopolis
130963885,1700830,pl,Maraton
130963962,1700831,pl,Marathokefala
130964039,1700832,pl,Marathokampos
130964116,1700833,pl,Marathitis
130964193,1700834,pl,Marathi
130964270,1700835,pl,Marathias
130964347,1700836,pl,Marathias
130964424,1700837,pl,Marathia
130964501,1700838,pl,Marathia
130964578,1700839,pl,Marathea
130964732,1700841,pl,Marandokhorion
130964963,1700844,pl,Mantzavinata
130965040,1700845,pl,Mantzarion
130965117,1700846,pl,Manthyrea
130965194,1700847,pl,Manoliopoulo
130965271,1700848,pl,Manoliasa
130965348,1700849,pl,Manolada
130965502,1700851,pl,Biblijna manna
130965579,1700852,pl,Biblijna manna
130965733,1700854,pl,Manina Vlizianon
130965810,1700855,pl,Manikia
130966349,1700862,pl,Manganos
130966426,1700863,pl,Manganitis
130966503,1700864,pl,Manganiako
130966657,1700866,pl,Manesis
130966734,1700867,pl,Manesis
130966811,1700868,pl,Manesi
130966888,1700869,pl,Manesi
130967042,1700871,pl,Mantrotopos
130967119,1700872,pl,Mandrini
130967196,1700873,pl,Mandriko
130967273,1700874,pl,Kalochori
130967350,1700875,pl,Mandraki
130967504,1700877,pl,Mandra
130967581,1700878,pl,Mantra
130967658,1700879,pl,Mandra
130967735,1700880,pl,Mandra
130967889,1700882,pl,Mantudi
130967966,1700883,pl,Manteio
130968197,1700886,pl,Mandasia
130968274,1700887,pl,Mantamados
130968505,1700890,pl,Manasi
130968659,1700892,pl,Managouli
130968736,1700893,pl,Mamousia
130968890,1700895,pl,Mamalaiika
130969044,1700897,pl,Malthi
130969121,1700898,pl,Malta
130969198,1700899,pl,Malta
130969275,1700900,pl,Malouni
130969506,1700903,pl,Malia
130969583,1700904,pl,Mali
130969660,1700905,pl,Malevros
130969737,1700906,pl,Maletianoi
130969814,1700907,pl,Malesina
130969891,1700908,pl,Maleme
130969968,1700909,pl,Malaxa
130970045,1700910,pl,Malathyros
130970199,1700912,pl,Malandrino
130970276,1700913,pl,Malandrenion
130970353,1700914,pl,Malamata
130970430,1700915,pl,Malakonta
130970507,1700916,pl,Malakasi
130970584,1700917,pl,Malakasa
130970661,1700918,pl,Males
130970738,1700919,pl,Maladhes
130970969,1700922,pl,Makrolivado
130971046,1700923,pl,Vasilikos
130971354,1700927,pl,Makrysi
130971431,1700928,pl,Makrisia
130971508,1700929,pl,Makryrachi
130971585,1700930,pl,Makrirrakhi
130971662,1700931,pl,Makryotika
130971739,1700932,pl,Makrinou
130971816,1700933,pl,Makrino
130971893,1700934,pl,Makrinitsa
130971970,1700935,pl,Makrini
130972047,1700936,pl,Makrinara
130972201,1700938,pl,Makrymalli
130972355,1700940,pl,Maskelia
130972509,1700942,pl,Makrychorion
130972586,1700943,pl,Makrychori
130972663,1700944,pl,Makrikhorion
130972740,1700945,pl,Makrikapa
130972817,1700946,pl,Makrykampos
130972894,1700947,pl,Makrykampos
130973048,1700949,pl,Makri
130973125,1700950,pl,Makri
130973202,1700951,pl,Makrena
130973279,1700952,pl,Makratika
130973356,1700953,pl,Makrakomi
130973433,1700954,pl,Makrai
130973510,1700955,pl,Makistos
130973587,1700956,pl,Machos
130973818,1700959,pl,Machairoi
130973895,1700960,pl,Machairas
130973972,1700961,pl,Makhairadhon
130974049,1700962,pl,Machaira
130974203,1700964,pl,Glafki
130974280,1700965,pl,Magoulitsa
130974357,1700966,pl,Magouliana
130974434,1700967,pl,Magoulas
130974511,1700968,pl,Magoula
130974588,1700969,pl,Magoula
130974665,1700970,pl,Magoula
130974819,1700972,pl,Magoula
130974896,1700973,pl,Magoula
130974973,1700974,pl,Magoula
130975050,1700975,pl,Magoula
130975204,1700977,pl,Magoula
130975281,1700978,pl,Magnisia
130975358,1700979,pl,Magazia
130975435,1700980,pl,Magarikari
130975512,1700981,pl,Madena
130975743,1700984,pl,Loxada
130975820,1700985,pl,Louvro
130975897,1700986,pl,Loutsion
130976051,1700988,pl,Loutsa
130976128,1700989,pl,Loutsa
130976205,1700990,pl,Artemida (miasto)
130976359,1700992,pl,Loutrotopos
130976436,1700993,pl,Loutropoli Thermis
130976513,1700994,pl,Loutropigi
130976590,1700995,pl,Loutro
130976667,1700996,pl,Loutro
130976744,1700997,pl,Loutro
130976821,1700998,pl,Loutro
130976898,1700999,pl,Loutro
130976975,1701000,pl,Lutro
130977206,1701003,pl,Loutra Smokovou
130977437,1701006,pl,Lutraki
130977514,1701007,pl,Lutraki
130977591,1701008,pl,Lutraki
130977668,1701009,pl,Loutrakion
130977745,1701010,pl,Loutrakion
130977976,1701013,pl,Lutra Ipatis
130978053,1701014,pl,Loutra Aidipsou
130978130,1701015,pl,Loutra
130978361,1701018,pl,Loutra
130978438,1701019,pl,Loutra
130978515,1701020,pl,Loutoufi
130978669,1701022,pl,Lousika
130978746,1701023,pl,Lousakies
130978823,1701024,pl,Louros
130978977,1701026,pl,Lourdata
130979131,1701028,pl,Lourai
130979362,1701031,pl,Loulos
130979439,1701032,pl,Loukisia
130979670,1701035,pl,Loukia
130979978,1701039,pl,Loukerata
130980055,1701040,pl,Loukata
130980132,1701041,pl,Loukas
130980209,1701042,pl,Loukas
130980286,1701043,pl,Loukaition
130980594,1701047,pl,Longos
130980671,1701048,pl,Longos
130980748,1701049,pl,Longos
130980825,1701050,pl,Longos
130980902,1701051,pl,Longos
130980979,1701052,pl,Longo
130981056,1701053,pl,Longitsion
130981210,1701055,pl,Longies
130981287,1701056,pl,Longastra
130981518,1701059,pl,Lonkanikos
130981672,1701061,pl,Longades
130981749,1701062,pl,Longa
130981826,1701063,pl,Longa
130981903,1701064,pl,Lokhria
130982057,1701066,pl,Koukaki
130982134,1701067,pl,Logothetis
130982211,1701068,pl,Logothetianika
130982365,1701070,pl,Logarata
130982519,1701072,pl,Lofos
130982596,1701073,pl,Lofiskos
130982673,1701074,pl,Lofiskos
130982750,1701075,pl,Lofiskos
130982827,1701076,pl,Lygides
130982904,1701077,pl,Lygies
130982981,1701078,pl,Lygia
130983135,1701080,pl,Lija
130983212,1701081,pl,Lygia
130983366,1701083,pl,Lixouri
130983443,1701084,pl,Agios Andreas
130983597,1701086,pl,Livartzi
130983674,1701087,pl,Livartzino
130983828,1701089,pl,Livanates
130983905,1701090,pl,Livadhokhorion
130983982,1701091,pl,Livadochori
130984136,1701093,pl,Livadi
130984213,1701094,pl,Livadion
130984367,1701096,pl,Livadhion
130984444,1701097,pl,Livadia
130984521,1701098,pl,Livadia
130984598,1701099,pl,Livadia
130984829,1701102,pl,Livadari
130985060,1701105,pl,Livadaki
130985291,1701108,pl,Livada
130985445,1701110,pl,Litsardha
130985522,1701111,pl,Litoselo
130985599,1701112,pl,Akrai
130985676,1701113,pl,Lithovounia
130985830,1701115,pl,Lithochori
130985907,1701116,pl,Lithi
130985984,1701117,pl,Lithino
130986061,1701118,pl,Lithines
130986215,1701120,pl,Lithakia
130986292,1701121,pl,Litesi
130986369,1701122,pl,Lisvori
130986523,1701124,pl,Lista
130986600,1701125,pl,Lissarea
130986677,1701126,pl,Lisimakhia
130986754,1701127,pl,Lyrkeia
130986908,1701129,pl,Lyri
130986985,1701130,pl,Lira
130987062,1701131,pl,Lipsi
130987216,1701133,pl,Lygeri
130987293,1701134,pl,Liopraso
130987370,1701135,pl,Liodhora
130987447,1701136,pl,Linistaina
130987524,1701137,pl,Lyngos
130987601,1701138,pl,Lingiades
130987755,1701140,pl,Lnica
130987832,1701141,pl,Lnica
130988063,1701144,pl,Limnochorion
130988140,1701145,pl,Limnitsa
130988371,1701148,pl,Limni
130988448,1701149,pl,Limni
130988525,1701150,pl,Limni
130988602,1701151,pl,Limni
130988679,1701152,pl,Limni
130988756,1701153,pl,Limnes
130988833,1701154,pl,Limnes
130988910,1701155,pl,Porto Rafti
130988987,1701156,pl,Limin Chersonisu
130989064,1701157,pl,Limani Gerakas
130989141,1701158,pl,Limini
130989218,1701159,pl,Limeri
130989372,1701161,pl,Limenaria
130989603,1701164,pl,Lilianon
130989680,1701165,pl,Lili
130989757,1701166,pl,Lilaia
130989834,1701167,pl,Likowrisi
130989911,1701168,pl,Lykouria
130990065,1701170,pl,Lykoudi
130990142,1701171,pl,Lykoudesi
130990219,1701172,pl,Agia Marina
130990296,1701173,pl,Lykotrafos
130990373,1701174,pl,Likotinarea
130990681,1701178,pl,Likoporia
130990758,1701179,pl,Lykochia
130990989,1701182,pl,Lichnon
130991066,1701183,pl,Likhna
130991143,1701184,pl,Lichada
130991220,1701185,pl,Lykaio
130991297,1701186,pl,Ligourion
130991374,1701187,pl,Ligortynos
130991451,1701188,pl,Ligopsa
130991528,1701189,pl,Al Ya`rubiyah
130991605,1701190,pl,Ligaria
130991682,1701191,pl,Lidoriki
130991836,1701193,pl,Kryoneri
130991913,1701194,pl,Myltsi
130992298,1701199,pl,Lianokladhion
130992529,1701202,pl,Liandina
130992683,1701204,pl,Lia
130992760,1701205,pl,Lefktro
130992837,1701206,pl,Leuktry
130992914,1701207,pl,Lefkogeia
130992991,1701208,pl,Lefkos
130993068,1701209,pl,Lewkon
130993145,1701210,pl,Lewkochori
130993222,1701211,pl,Lefkochori
130993299,1701212,pl,Lefkochori
130993376,1701213,pl,Lefkochori
130993453,1701214,pl,Lefkochora
130993530,1701215,pl,Lewkohoma
130993607,1701216,pl,Lefkimmi
130993992,1701221,pl,Lefki
130994146,1701223,pl,Lefkasi
130994223,1701224,pl,Lefkas
130994377,1701226,pl,Lefkakia
130994454,1701227,pl,Lefkes
130994531,1701228,pl,Lefkaditi
130994608,1701229,pl,Lewka
130994685,1701230,pl,Lewkas
130994839,1701232,pl,Lewka
130994916,1701233,pl,Lefka
130994993,1701234,pl,Lefka
130995070,1701235,pl,Levidion
130995147,1701236,pl,Leventochori
130995224,1701237,pl,Liwadia
130995378,1701239,pl,Fira`
130995609,1701242,pl,Leptokaria
130995686,1701243,pl,Leptokarya
130996148,1701249,pl,Lepreo
130996225,1701250,pl,Lepoura
130996379,1701252,pl,Lepiana
130996456,1701253,pl,Lepiana
130996533,1701254,pl,Lepenou
130996764,1701257,pl,Leonidion
130996841,1701258,pl,Leontito
130996918,1701259,pl,Leontion
130996995,1701260,pl,Leondio
130997072,1701261,pl,Leondarion
130997149,1701262,pl,Leontari
130997226,1701263,pl,Leondarion
130997303,1701264,pl,Leontari
130997611,1701268,pl,Lentas
130997842,1701271,pl,Lechouri
130997919,1701272,pl,Lechajon
130997996,1701273,pl,Lechaina
130998150,1701275,pl,Leimonas
130998227,1701276,pl,Legrena
130998304,1701277,pl,Lefokastro
130998381,1701278,pl,Lazarina
130998612,1701281,pl,Lazarata
130998689,1701282,pl,Lazaina
130998766,1701283,pl,Lagio
130998843,1701284,pl,Lagia
130998920,1701285,pl,Lawrio
130999074,1701287,pl,Lafkos
130999151,1701288,pl,Lafka
130999305,1701290,pl,Latzoi
130999690,1701295,pl,Latas
130999767,1701296,pl,Latas
130999921,1701298,pl,Lastros
130999998,1701299,pl,Lastaiika
131000152,1701301,pl,Lefki
131000306,1701303,pl,Larisa
131000383,1701304,pl,Larymna
131000460,1701305,pl,Larani
131000614,1701307,pl,Lapata
131000691,1701308,pl,Lapas
131000845,1701310,pl,Lantzounato
131000922,1701311,pl,Lanthi
131001076,1701313,pl,Lagkadi
131001153,1701314,pl,Lagkadia
131001307,1701316,pl,Langadhia
131001384,1701317,pl,Langadhakia
131001538,1701319,pl,Lagkada
131001615,1701320,pl,Lagkada
131001692,1701321,pl,Lagkada
131002000,1701325,pl,Lagkada
131002154,1701327,pl,Lagka
131002308,1701329,pl,La Mora
131002385,1701330,pl,Lamia
131002616,1701333,pl,Lambraiika
131002770,1701335,pl,Lampou Myloi
131002847,1701336,pl,Lampokampos
131003001,1701338,pl,Lambirion
131003078,1701339,pl,Lambirion
131003155,1701340,pl,Lambiotai
131003309,1701342,pl,Lampini
131003386,1701343,pl,Lampeia
131003617,1701346,pl,Lampaina
131003694,1701347,pl,Lamari
131003925,1701350,pl,Laloukas
131004002,1701351,pl,Laliotis
131004233,1701354,pl,Lalas
131004541,1701358,pl,Lakkopetra
131004618,1701359,pl,Lakkomata
131004772,1701361,pl,Lakkoi
131004926,1701363,pl,Lakki
131005080,1701365,pl,Lakka
131005234,1701367,pl,Lapponia Lakka
131005388,1701369,pl,Lakithra
131005542,1701371,pl,Lachi
131005619,1701372,pl,Lachania
131005696,1701373,pl,Lachanada
131005773,1701374,pl,Laista
131005850,1701375,pl,Laiika
131006004,1701377,pl,Lagouta
131006235,1701380,pl,Lagou
131006389,1701382,pl,Lagopodhon
131006466,1701383,pl,Lagolio
131006620,1701385,pl,Laganas
131006697,1701386,pl,Lafistion
131006774,1701387,pl,Lafionas
131006851,1701388,pl,Lafina
131006928,1701389,pl,Laerma
131007005,1701390,pl,Ladochori
131007082,1701391,pl,Ladikou
131007313,1701394,pl,Ladas
131007390,1701395,pl,Ktistades
131007467,1701396,pl,Ktismata
131007544,1701397,pl,Ktimeni
131007621,1701398,pl,Ktikados
131007698,1701399,pl,Kroustas
131007775,1701400,pl,Krouson
131007852,1701401,pl,Krounoi
131007929,1701402,pl,Krotos
131008083,1701404,pl,Krokio
131008160,1701405,pl,Krokyli
131008237,1701406,pl,Krokees
131008314,1701407,pl,Psiloma
131008391,1701408,pl,Itea
131008468,1701409,pl,Taxiarches
131008545,1701410,pl,Kritsari
131008622,1701411,pl,Kritsa
131008699,1701412,pl,Krytynia
131008776,1701413,pl,Kritika
131008853,1701414,pl,Kritharakia
131009007,1701416,pl,Krystallopigi
131009084,1701417,pl,Krystallopiyi
131009161,1701418,pl,Kriselia
131009238,1701419,pl,Kryovrysi
131009315,1701420,pl,Kryovrysi
131009392,1701421,pl,Kryovrysi
131009469,1701422,pl,Kryovrysi
131009623,1701424,pl,Kryopigi
131009700,1701425,pl,Kryopigi
131009777,1701426,pl,Kryopigi
131009854,1701427,pl,Krion Neron
131009931,1701428,pl,Kryonero
131010008,1701429,pl,Kryoneri
131010085,1701430,pl,Kryoneritis
131010162,1701431,pl,Kryoneri
131010239,1701432,pl,Kryoneri
131010316,1701433,pl,Kryoneri
131010393,1701434,pl,Kryoneri
131010470,1701435,pl,Kryoneri
131010624,1701437,pl,Krionerion
131010778,1701439,pl,Krionerion
131010855,1701440,pl,Kryoneri
131010932,1701441,pl,Krionerion
131011240,1701445,pl,Kryoneria
131011317,1701446,pl,Krinos
131011394,1701447,pl,Krinofyta
131011471,1701448,pl,Krinica
131011702,1701451,pl,Krini
131011779,1701452,pl,Krini
131011856,1701453,pl,Krini
131011933,1701454,pl,Krines
131012010,1701455,pl,Krikellos
131012087,1701456,pl,Krikello
131012164,1701457,pl,Kirowo
131012241,1701458,pl,Krieza
131012318,1701459,pl,Krya Vrysi
131012472,1701461,pl,Krya Vrysi
131012857,1701466,pl,Krya Vrysi
131013011,1701468,pl,Krya
131013165,1701470,pl,Krestena
131013242,1701471,pl,Krenti
131013473,1701474,pl,Kremastos
131013550,1701475,pl,Kremasti
131013858,1701479,pl,Krasounas
131013935,1701480,pl,Krasopoula
131014012,1701481,pl,Krasi
131014166,1701483,pl,Kranoula
131014243,1701484,pl,Krannonas
131014320,1701485,pl,Kranidi
131014474,1701487,pl,Charis
131014628,1701489,pl,Krania Elassonas
131014705,1701490,pl,Krania
131014782,1701491,pl,Krania
131014859,1701492,pl,Krania
131014936,1701493,pl,Krania
131015013,1701494,pl,Kranea
131015090,1701495,pl,Krana
131015167,1701496,pl,Krana
131015321,1701498,pl,Koxari
131015398,1701499,pl,Koxare
131015475,1701500,pl,Kougaiika
131015783,1701504,pl,Kouvelas
131015860,1701505,pl,Kouvela
131015937,1701506,pl,Kouvaras
131016014,1701507,pl,Kouvalata
131016245,1701510,pl,Koutsouras
131016322,1701511,pl,Koutsounari
131016476,1701513,pl,Koutsopodi
131016630,1701515,pl,Koutsomodi
131016707,1701516,pl,Koutsomatados
131016784,1701517,pl,Koutsochero
131016861,1701518,pl,Koutsocheri
131016938,1701519,pl,Koutsochera
131017092,1701521,pl,Koutsi
131017169,1701522,pl,Koutselio
131017477,1701526,pl,Koutroufa
131017708,1701529,pl,Sakellariko
131017785,1701530,pl,Koutourla
131017862,1701531,pl,Synora
131017939,1701532,pl,Koutoumoulas
131018016,1701533,pl,Koutouloufari
131018170,1701535,pl,Koutifaris
131018247,1701536,pl,Kouteli
131018324,1701537,pl,Koutalas
131018478,1701539,pl,Koustoumalou
131018632,1701541,pl,Skoutaros
131018786,1701543,pl,Kouses
131018863,1701544,pl,Metamorfosi
131019017,1701546,pl,Kourtesi
131019248,1701549,pl,Kourtaki
131019325,1701550,pl,Kourtaki
131019479,1701552,pl,Kouroutes
131019710,1701555,pl,Kourounia
131019864,1701557,pl,Kourouklata
131020018,1701559,pl,Trilofo
131020172,1701561,pl,Kournas
131020326,1701563,pl,Kourkouloi
131020480,1701565,pl,Kourenta
131020634,1701567,pl,Kouremadi
131020788,1701569,pl,Korakada
131020942,1701571,pl,Koupia
131021019,1701572,pl,Koupaki
131021173,1701574,pl,Kounoupitsa
131021327,1701576,pl,Kounoupidiana
131021404,1701577,pl,Kounoupia
131021635,1701580,pl,Kounina
131021712,1701581,pl,Kouniadoi
131022020,1701585,pl,Kounavoi
131022251,1701588,pl,Koumoutsiannika
131022328,1701589,pl,Artemida
131022636,1701593,pl,Koumoi
131022713,1701594,pl,Koumpouriana
131022867,1701596,pl,Koumperi
131023021,1701598,pl,Koumaro
131023098,1701599,pl,Koumaritsi
131023252,1701601,pl,Koumaris
131023406,1701603,pl,Kumari
131023483,1701604,pl,Koumaries
131023637,1701606,pl,Koumaria
131023791,1701608,pl,Koumani
131023945,1701610,pl,Koumaiika
131024099,1701612,pl,Koulouri
131024176,1701613,pl,Koulouridiana
131024484,1701617,pl,Kouloura
131024561,1701618,pl,Kouloura
131024946,1701623,pl,Petra
131025100,1701625,pl,Metamorfosi
131025331,1701628,pl,Agia Anna
131025485,1701630,pl,Koukoulioi
131025639,1701632,pl,Kastraki
131025716,1701633,pl,Kouklesi
131025793,1701634,pl,Koukkounara
131025947,1701636,pl,Koukkouli
131026024,1701637,pl,Koukkoulia
131026178,1701639,pl,Kougaiika
131026255,1701640,pl,Porto Koufo
131026332,1701641,pl,Koufos
131026409,1701642,pl,Koufi
131026486,1701643,pl,Koufalos
131026948,1701649,pl,Kotsikia
131027256,1701653,pl,Kotsiana
131027410,1701655,pl,Kotroni
131027641,1701658,pl,Kotronas
131027872,1701661,pl,Kotilion
131027949,1701662,pl,Kothreas
131028103,1701664,pl,Kostos
131028334,1701667,pl,Exalofos
131028411,1701668,pl,Kostaniani
131028488,1701669,pl,Milia
131028565,1701670,pl,Kostalexis
131028642,1701671,pl,Kostakioí
131028719,1701672,pl,Kostaiika
131028796,1701673,pl,Kosmira
131028873,1701674,pl,Kosmati
131028950,1701675,pl,Kosmas
131029027,1701676,pl,Koskinas
131029104,1701677,pl,Koskinas
131029181,1701678,pl,Koskinas
131029258,1701679,pl,Koskina
131029335,1701680,pl,Kos
131029412,1701681,pl,Korthio
131029566,1701683,pl,Koropi
131029643,1701684,pl,Koronos
131029720,1701685,pl,Koronopoulo
131029797,1701686,pl,Koronisia
131029874,1701687,pl,Koronis
131029951,1701688,pl,Koroneia
131030028,1701689,pl,Koroni
131030105,1701690,pl,Koroni
131030259,1701692,pl,Koromilea
131030336,1701693,pl,Koromilia
131030413,1701694,pl,Koroivos
131030490,1701695,pl,Kornos
131030644,1701697,pl,Koritiani
131030721,1701698,pl,Koritiani
131030798,1701699,pl,Korissia
131030875,1701700,pl,Korynt
131030952,1701701,pl,Domvraina
131031029,1701702,pl,Koryfoula
131031106,1701703,pl,`Orfi
131031183,1701704,pl,`Orfi
131031260,1701705,pl,Koryfasi
131031337,1701706,pl,Korydallos
131031414,1701707,pl,Koriana
131031568,1701709,pl,Korfovouni
131031645,1701710,pl,Korfos
131031722,1701711,pl,Korfiotissa
131031799,1701712,pl,Korfiades
131032030,1701715,pl,Korfai
131032184,1701717,pl,Korda
131032338,1701719,pl,Korakovouni
131032415,1701720,pl,Korakochori
131032800,1701725,pl,Kopani
131032954,1701727,pl,Konstantinoi
131033031,1701728,pl,Konopina
131033185,1701730,pl,Adeiata
131033262,1701731,pl,Konistres
131033339,1701732,pl,Koniskos
131033416,1701733,pl,Koniska
131033493,1701734,pl,Koniditsa
131033801,1701738,pl,Koniakos
131033955,1701740,pl,Kontsika
131034186,1701743,pl,Stavrodromi Parakalamou
131034417,1701746,pl,Kontogiannatika
131034494,1701747,pl,Kontogenada
131034571,1701748,pl,Kontovazaina
131034648,1701749,pl,Archaies Kleones
131034725,1701750,pl,Kondos
131034802,1701751,pl,Kondopulion
131034956,1701753,pl,Kontomari
131035187,1701756,pl,Kontogourata
131035341,1701758,pl,Kondodhespotion
131035495,1701760,pl,Kondias
131035649,1701762,pl,Kontaraina
131035880,1701765,pl,Aidonia
131035957,1701766,pl,Konakia
131036034,1701767,pl,Konakia
131036111,1701768,pl,Komnina
131036188,1701769,pl,Kommenon
131036265,1701770,pl,Komma
131036496,1701773,pl,Komitata
131036573,1701774,pl,Komitadhes
131036804,1701777,pl,Komi
131036881,1701778,pl,Komi
131036958,1701779,pl,Komi
131037035,1701780,pl,Kompoti
131037112,1701781,pl,Kompothekrata
131037189,1701782,pl,Kompothekla
131037266,1701783,pl,Kompotades
131037497,1701786,pl,Agios Polykarpos
131037651,1701788,pl,Koloniati
131037728,1701789,pl,Kalomodia
131037882,1701791,pl,Kolokythia
131038113,1701794,pl,Kollines
131038344,1701797,pl,Koliri
131038575,1701800,pl,Kolympari
131038652,1701801,pl,Kolympia
131038883,1701804,pl,Koliaki
131039114,1701807,pl,Kyrtoni
131039345,1701810,pl,Kokolata
131039422,1701811,pl,Kouklioi
131039499,1701812,pl,Koklas
131039653,1701814,pl,Kokla
131039730,1701815,pl,Kokkotoi
131039807,1701816,pl,Kokkoras
131039884,1701817,pl,Kokkonion
131040269,1701822,pl,Kokkinovrachos
131040423,1701824,pl,Kokkinos Pyrgos
131040577,1701826,pl,Kokkinorrakhi
131040654,1701827,pl,Kokkinopilia
131040731,1701828,pl,Kokino Nero
131040808,1701829,pl,Kokkino Metochi
131040962,1701831,pl,Kokkinon Khorion
131041116,1701833,pl,Kokkinon
131041193,1701834,pl,Kokkino
131041270,1701835,pl,Kokkinomilia
131041424,1701837,pl,Kokkinochori
131041655,1701840,pl,Kokkini Chani
131041732,1701841,pl,Kokkinia
131041963,1701844,pl,Kokkina Louria
131042194,1701847,pl,Kokkines
131042271,1701848,pl,Kokkinades
131042348,1701849,pl,Kokina
131042425,1701850,pl,Kokkari
131042579,1701852,pl,Kokkala
131042733,1701854,pl,Kochylou
131042887,1701856,pl,Koita
131042964,1701857,pl,Koini
131043041,1701858,pl,Koilion
131043118,1701859,pl,Koilada
131043195,1701860,pl,Koilas
131043272,1701861,pl,Koftra
131043349,1701862,pl,Kofoi
131043503,1701864,pl,Knossos
131043657,1701866,pl,Klonion
131043888,1701869,pl,Klokotos
131044042,1701871,pl,Kleisto
131044119,1701872,pl,Kleisto
131044196,1701873,pl,Kleisoura
131044273,1701874,pl,Kleisoura
131044350,1701875,pl,Kleisoura
131044504,1701877,pl,Kleisorrevmata
131044581,1701878,pl,Kleismata
131044658,1701879,pl,Klisidhion
131044735,1701880,pl,Kleio
131044812,1701881,pl,Kleino
131044889,1701882,pl,Klindia
131044966,1701883,pl,Klimendi
131045043,1701884,pl,Klimatia
131045428,1701889,pl,Klima
131045505,1701890,pl,Klima
131045582,1701891,pl,Klima
131045813,1701894,pl,Kleidi
131045890,1701895,pl,Kleidi
131045967,1701896,pl,Klepa
131046044,1701897,pl,Klenia
131046121,1701898,pl,Klavsion
131046198,1701899,pl,Klainianika
131046352,1701901,pl,Kladeos
131046429,1701902,pl,Kladas
131046583,1701904,pl,Kiveri
131046737,1701906,pl,Kitriai
131046814,1701907,pl,Kityros
131046891,1701908,pl,Kitnos
131046968,1701909,pl,Kotohira
131047045,1701910,pl,Kissos
131047353,1701914,pl,Kissamos
131047430,1701915,pl,Kyrtomados
131047507,1701916,pl,Kirra
131047584,1701917,pl,Kirkizates
131047738,1701919,pl,Kirinthos
131047815,1701920,pl,Kyrianna
131047969,1701922,pl,Kiriakokhorion
131048046,1701923,pl,Kyriaki
131048123,1701924,pl,Kira Vyena
131048277,1701926,pl,Kyras Vrysi
131048354,1701927,pl,Kyra Panagia
131048431,1701928,pl,Kypselochori
131048508,1701929,pl,Kileler
131048585,1701930,pl,Kypseli
131048739,1701932,pl,Kipseli
131048816,1701933,pl,Kypseli
131049124,1701937,pl,Kipoureio
131049278,1701939,pl,Kipoi
131049355,1701940,pl,Kipoi
131049432,1701941,pl,Kyparissia
131049509,1701942,pl,Kyparissos
131049586,1701943,pl,Kyparissos
131049663,1701944,pl,Kyparissos
131049740,1701945,pl,Kyparissos
131049817,1701946,pl,Kyparissos
131049971,1701948,pl,Kyparissi
131050048,1701949,pl,Kiparission
131050125,1701950,pl,Kiparission
131050202,1701951,pl,Kyparissi
131050356,1701953,pl,Kyparissi
131050433,1701954,pl,Kyparissia
131050587,1701956,pl,Kyparissia
131050664,1701957,pl,Kioni
131050741,1701958,pl,Kionia
131050972,1701961,pl,Kinion
131051049,1701962,pl,Kynigos
131051126,1701963,pl,Kynigos
131051203,1701964,pl,Kinidaros
131051357,1701966,pl,Kineta
131051511,1701968,pl,Kimolos
131051588,1701969,pl,Kymi
131051742,1701971,pl,Kyllini
131051896,1701973,pl,Kifissia
131052050,1701975,pl,Kidhonea
131052127,1701976,pl,Kiato
131052281,1701978,pl,Chrousa
131052435,1701980,pl,Chonan
131052512,1701981,pl,Chromonastiri
131052589,1701982,pl,Christos
131052743,1701984,pl,Christianou
131053051,1701988,pl,Chrysovitsa
131053128,1701989,pl,Chrysovitsa
131053205,1701990,pl,Chrysovitsa
131053282,1701991,pl,Chrysovergi
131053359,1701992,pl,Chrisova
131053513,1701994,pl,Chrysorrachi
131053590,1701995,pl,Chrysorachi
131053667,1701996,pl,Chrysopigi
131053744,1701997,pl,Chrysopigi
131053821,1701998,pl,Chrysopigi
131053898,1701999,pl,Chrisso
131053975,1702000,pl,Chrysomilia
131054052,1702001,pl,Chrysochori
131054129,1702002,pl,Chrisokellaria
131054360,1702005,pl,Chryso
131054437,1702006,pl,Chrysavgi
131054591,1702008,pl,Khrisafa
131054668,1702009,pl,Chranoi
131054745,1702010,pl,Khranoi
131054976,1702013,pl,Choustouliana
131055053,1702014,pl,Khouni
131055361,1702018,pl,Khoumerion
131055438,1702019,pl,Choumeri
131055515,1702020,pl,Choumeriakos
131055592,1702021,pl,Chouliarades
131055669,1702022,pl,Khoudhetsion
131055746,1702023,pl,Chotoussa
131055977,1702026,pl,Chosiari
131056054,1702027,pl,Kypseli
131056131,1702028,pl,Chorto
131056208,1702029,pl,Chortata
131056439,1702032,pl,Choreftra
131056516,1702033,pl,Chorefto
131056747,1702036,pl,Chordaki
131056824,1702037,pl,Chordaki
131056901,1702038,pl,Chora Sfakion
131057055,1702040,pl,Chorafakia
131057209,1702042,pl,Chora
131057286,1702043,pl,Chora
131057363,1702044,pl,Chora
131057440,1702045,pl,Chonos
131057594,1702047,pl,Neo Iraio
131057671,1702048,pl,Pervola
131057979,1702052,pl,Chomori
131058056,1702053,pl,Chomatero
131058133,1702054,pl,Chomatada
131058210,1702055,pl,Cholargos
131058287,1702056,pl,Chochlia
131058364,1702057,pl,Chochlasti
131058595,1702060,pl,Choika
131058672,1702061,pl,Chloi
131058749,1702062,pl,Khlimbourita
131058826,1702063,pl,Christoi
131058903,1702064,pl,Chirades
131058980,1702065,pl,Chios
131059057,1702066,pl,Chionata
131059134,1702067,pl,Chiona
131059211,1702068,pl,Chin'ka
131059365,1702070,pl,Cheimerini Meligou
131059519,1702072,pl,Nea Zoi
131059596,1702073,pl,Cheimadio
131059673,1702074,pl,Cheimadio
131059827,1702076,pl,Khiliomodhi
131059904,1702077,pl,Chiliadou
131059981,1702078,pl,Chidira
131060135,1702080,pl,Hersonissos
131060443,1702084,pl,Chelidoni
131060520,1702085,pl,Khelidhon
131060674,1702087,pl,Chavriata
131060751,1702088,pl,Chavdata
131060828,1702089,pl,Chavari
131060905,1702090,pl,Chatzis
131061367,1702096,pl,Chartsianika
131061598,1702099,pl,Charokopi
131061675,1702100,pl,Charokopio
131061752,1702101,pl,Charma
131061829,1702102,pl,Charkia
131062137,1702106,pl,Charia
131062214,1702107,pl,Charia
131062291,1702108,pl,Charakas
131062368,1702109,pl,Charavgi
131062599,1702112,pl,Charaso
131062830,1702115,pl,Charaki
131062984,1702117,pl,Charakas
131063138,1702119,pl,Charadros
131063215,1702120,pl,Kharadhiatika
131063369,1702122,pl,Chanopoulo
131063523,1702124,pl,Chaniotis
131063831,1702128,pl,Touloupa Chani
131063908,1702129,pl,Papa Chania
131063985,1702130,pl,Panopoulo
131064293,1702134,pl,Chania
131064601,1702138,pl,Chania
131064755,1702140,pl,Chandrinos
131064832,1702141,pl,Chandras
131064909,1702142,pl,Chantakia
131064986,1702143,pl,Chanakia
131065140,1702145,pl,Chamilo
131065217,1702146,pl,Chamezi
131065371,1702148,pl,Chamalevri
131065602,1702151,pl,Khalkoutsion
131065679,1702152,pl,Chalkida
131065756,1702153,pl,Chalkiopoulo
131065833,1702154,pl,Chalkio
131065910,1702155,pl,Chalkeio
131065987,1702156,pl,Chalkio
131066064,1702157,pl,Chalkias
131066218,1702159,pl,Chalkiades
131066295,1702160,pl,Chalkiades
131066372,1702161,pl,Chalki
131066449,1702162,pl,Chalki
131066526,1702163,pl,Chaliotata
131066603,1702164,pl,Chaliki
131067065,1702170,pl,Lepetymnos
131067219,1702172,pl,Khalepa
131067373,1702174,pl,Chalazoni
131067527,1702176,pl,Chalandritsa
131067604,1702177,pl,Chalandri
131067758,1702179,pl,Cheronea
131067835,1702180,pl,Chairethiana
131068066,1702183,pl,Chaikali
131068143,1702184,pl,Chaidemeni
131068220,1702185,pl,Chaidari
131068297,1702186,pl,Kertezi
131068374,1702187,pl,Kerpini
131068451,1702188,pl,Kerpini
131068759,1702192,pl,Limni Keriou
131068836,1702193,pl,Keryneia
131068913,1702194,pl,Keria
131068990,1702195,pl,Kieratsini
131069067,1702196,pl,Keratokambos
131069221,1702198,pl,Kieratea
131069298,1702199,pl,Kerastaris
131069375,1702200,pl,Kerasovo
131069452,1702201,pl,Kerasovo
131069529,1702202,pl,Dafnoula
131069606,1702203,pl,Kerasona
131069683,1702204,pl,Kerasochori
131069760,1702205,pl,Kerasochori
131069837,1702206,pl,Kerasitsa
131069991,1702208,pl,Kerasia
131070145,1702210,pl,Kerasia
131070222,1702211,pl,Kerasia
131070299,1702212,pl,Kerasia
131070376,1702213,pl,Kerasea
131070453,1702214,pl,Kerasia
131070530,1702215,pl,Kerasia
131070761,1702218,pl,Keramoutsi
131070915,1702220,pl,Keramoti
131071069,1702222,pl,Keramota
131071146,1702223,pl,Keramos
131071223,1702224,pl,Keramitsa
131071300,1702225,pl,Keramion
131071377,1702226,pl,Keramidi
131071454,1702227,pl,Keramidi
131071531,1702228,pl,Keramidia
131071608,1702229,pl,Kerameies
131071685,1702230,pl,Kerameia
131071839,1702232,pl,Kerames
131071916,1702233,pl,Keramates
131072224,1702237,pl,Kera
131072378,1702239,pl,Kendron
131072455,1702240,pl,Kentro
131072532,1702241,pl,Kentrochori
131072609,1702242,pl,Kentri
131072686,1702243,pl,Nazaioi
131072763,1702244,pl,Kendrikon
131072840,1702245,pl,Kentriki
131072917,1702246,pl,Kendarkhos
131073148,1702249,pl,Kellakia
131073302,1702251,pl,Kellaria
131073379,1702252,pl,Kelanitis
131073456,1702253,pl,Kechros
131073533,1702254,pl,Kechrinia
131073687,1702256,pl,Kechries
131073764,1702257,pl,Kekhries
131073841,1702258,pl,Kefalovryson
131073918,1702259,pl,Lefkothea
131073995,1702260,pl,Kefalovryso
131074072,1702261,pl,Kefalovryso
131074149,1702262,pl,Kefalovryso
131074226,1702263,pl,Kefalovrison
131074457,1702266,pl,Kefalovrysi
131074534,1702267,pl,Kefalovrisi
131074688,1702269,pl,Kefalos
131074919,1702272,pl,Kefalinos
131075073,1702274,pl,Kefalas
131075150,1702275,pl,Kefalarion
131075227,1702276,pl,Kefalari
131075304,1702277,pl,Kefalaiika
131075458,1702279,pl,Kefala
131075612,1702281,pl,Kedros
131075689,1702282,pl,Kedra
131075766,1702283,pl,Nestor kea
131075920,1702285,pl,Kazarma
131076151,1702288,pl,Kavrochori
131076228,1702289,pl,Kavousi
131076382,1702291,pl,Kavousi
131076459,1702292,pl,Kavouraki
131076536,1702293,pl,Kavos
131076613,1702294,pl,Kafkonia
131076767,1702296,pl,Kavasilas
131076844,1702297,pl,Kavallos
131076921,1702298,pl,Kavallos
131076998,1702299,pl,Kavallari
131077229,1702302,pl,Kattavia
131077460,1702305,pl,Perdikoneri
131077922,1702311,pl,Exochiko
131078230,1702315,pl,Katsikia
131078307,1702316,pl,Katsikas
131078538,1702319,pl,Katsaros
131078615,1702320,pl,Katsaros
131078692,1702321,pl,Katsaros
131078846,1702323,pl,Katsarata
131078923,1702324,pl,Katsaraiika
131079154,1702327,pl,Katsaitaiika
131079231,1702328,pl,Kato Zalongo
131079385,1702330,pl,Kato Zachlorou
131079462,1702331,pl,Kato Yerakarion
131079539,1702332,pl,Kato Xirochori
131079847,1702336,pl,Kato Vlasia
131080001,1702338,pl,Kato Viannos
131080232,1702341,pl,Kato Vatheia
131080309,1702342,pl,Kato Vasiliki
131080386,1702343,pl,Kato Vasilika
131080463,1702344,pl,Neo Krikello
131080540,1702345,pl,Kato Valsamonero
131080617,1702346,pl,Metamorfosi
131080771,1702348,pl,Katounia
131080848,1702349,pl,Katouna
131080925,1702350,pl,Katouna
131081079,1702352,pl,Kato Tritos
131081156,1702353,pl,Kato Tragana
131081233,1702354,pl,Kato Tithorea
131081387,1702356,pl,Kato Steni
131081464,1702357,pl,Sunion
131081541,1702358,pl,Kato Souli
131081618,1702359,pl,Kato Skafidoti
131081695,1702360,pl,Kato Simi
131081772,1702361,pl,Kato Seta
131081849,1702362,pl,Kato Verga
131082003,1702364,pl,Kato Samiko
131082080,1702365,pl,Kato Salmeniko
131082234,1702367,pl,Kato Revmatia
131082311,1702368,pl,Kato Retsina
131082388,1702369,pl,Kato Ravenia
131082465,1702370,pl,Kato Raptopoulo
131082542,1702371,pl,Kato Poulies
131082619,1702372,pl,Kato Potamia
131082850,1702375,pl,Kato Potamia
131082927,1702376,pl,Kato Poros
131083081,1702378,pl,Platanitis
131083158,1702379,pl,Kato Pitsa
131083235,1702380,pl,Kato Pines
131083312,1702381,pl,Kato Petali
131083389,1702382,pl,Kato Pedina
131083466,1702383,pl,Kato Panagia
131083620,1702385,pl,Palaioxari
131083697,1702386,pl,Kato Palaiokklisi
131083851,1702388,pl,Kato Paliokarya
131083928,1702389,pl,Kato Orfana
131084005,1702390,pl,Kato Nisi
131084159,1702392,pl,Mousounitsa
131084236,1702393,pl,Kato Mousiotitsa
131084390,1702395,pl,Kato Metokhion
131084467,1702396,pl,Katomerion
131084544,1702397,pl,Kato Meria
131084698,1702399,pl,Kato Melpia
131084775,1702400,pl,Kato Mazarakion
131084852,1702401,pl,Kato Mavriki
131084929,1702402,pl,Kato Mamoulada
131085006,1702403,pl,Makyneia
131085083,1702404,pl,Kato Malaki
131085160,1702405,pl,Kato Makrinou
131085237,1702406,pl,Kato Loutro
131085545,1702410,pl,Kato Lechonia
131085699,1702412,pl,Kato Lapsista
131085776,1702413,pl,Kato Ktimeni
131085853,1702414,pl,Kato Krya
131086007,1702416,pl,Kato Kourounion
131086238,1702419,pl,Kato Kotsanopoulo
131086469,1702422,pl,Kleitoria
131086546,1702423,pl,Kato Kleisma
131086623,1702424,pl,Kato Chrysovitsa
131086700,1702425,pl,Kato Chovoli
131086777,1702426,pl,Katichori
131086854,1702427,pl,Katochori
131086931,1702428,pl,Katochorion
131087008,1702429,pl,Katochori
131087085,1702430,pl,Katochori
131087162,1702431,pl,Kato Chorio
131087239,1702432,pl,Kato Chora
131087547,1702436,pl,Katochi
131087778,1702439,pl,Kato Kerasovo
131087855,1702440,pl,Kerasia
131087932,1702441,pl,Kefalas
131088086,1702443,pl,Kato Kastritsi
131088163,1702444,pl,Kato Kastelliana
131088240,1702445,pl,Kato Kastania
131088702,1702451,pl,Kato Kanalia
131088779,1702452,pl,Kato Kampia
131088933,1702454,pl,Kato Kallithea
131089087,1702456,pl,Kato Kalesia
131089164,1702457,pl,Kato Kalentini
131089241,1702458,pl,Kato Kalavrouza
131089318,1702459,pl,Kato Graikiko
131089395,1702460,pl,Kato Glykovrysi
131089472,1702461,pl,Kato Gatzea
131089703,1702464,pl,Kato Figalia
131089780,1702465,pl,Drymonas
131089857,1702466,pl,Kato Episkopi
131090165,1702470,pl,Thavmako
131090242,1702471,pl,Kato Doloi
131090319,1702472,pl,Kato Doliana
131090396,1702473,pl,Kato Diminio
131090473,1702474,pl,Kato Despotiko
131090704,1702477,pl,Kato Damasta
131090935,1702480,pl,Kato Agios Vlasios
131091089,1702482,pl,Kato Assos
131091166,1702483,pl,Kato Asitai
131091243,1702484,pl,Kato Arkhanai
131091320,1702485,pl,Kato Arachovitika
131091474,1702487,pl,Kato Amfeia
131091551,1702488,pl,Kato Ampelokipoi
131091628,1702489,pl,Kato Ellinika
131091705,1702490,pl,Kato Almyri
131091782,1702491,pl,Kato Alissos
131091859,1702492,pl,Kato Alepokhorion
131091936,1702493,pl,Kato Achaia
131092013,1702494,pl,Kato Afroxylia
131092090,1702495,pl,Kato Aetos
131092167,1702496,pl,Kato Aetos
131092244,1702497,pl,Agios Georgios Promyriou
131092398,1702499,pl,Katholiko
131092475,1702500,pl,Kathenoi
131092552,1702501,pl,Kathiana
131092629,1702502,pl,Katarzyna
131092706,1702503,pl,Kato Kateleios
131092860,1702505,pl,Katavothra
131092937,1702506,pl,Katavothra
131093014,1702507,pl,Metamorfosi
131093245,1702510,pl,Katastari
131093322,1702511,pl,Katarraktis
131093399,1702512,pl,Katarraktis
131093476,1702513,pl,Katarraktis
131093553,1702514,pl,Katarraktis
131093630,1702515,pl,Ajos Nikolaos
131093707,1702516,pl,Katarrachi
131093784,1702517,pl,Katapola
131093938,1702519,pl,Katamachi
131094092,1702521,pl,Katalakko
131094169,1702522,pl,Katalagarion
131094246,1702523,pl,Katakolo
131094400,1702525,pl,Katakalos
131094477,1702526,pl,Katakali
131094554,1702527,pl,Katakali
131094785,1702530,pl,Katafourko
131094862,1702531,pl,Kallithea
131094939,1702532,pl,Katafygio
131095016,1702533,pl,Katagiri
131095093,1702534,pl,Katafygio
131095324,1702537,pl,Katafyto
131095401,1702538,pl,Katafylli
131095555,1702540,pl,Kastrosykia
131095709,1702542,pl,Kastro
131095786,1702543,pl,Kastron
131095863,1702544,pl,Kastro
131095940,1702545,pl,Kastro
131096094,1702547,pl,Kastro
131096171,1702548,pl,Agkali
131096325,1702550,pl,Kastritsa
131096402,1702551,pl,Katrisianika
131096479,1702552,pl,Kastriotissa
131096556,1702553,pl,Kastri
131096633,1702554,pl,Kastri
131096710,1702555,pl,Kastri
131096787,1702556,pl,Kastri
131096941,1702558,pl,Kastrion
131097018,1702559,pl,Kastrion
131097172,1702561,pl,Kastri
131097326,1702563,pl,Kastria
131097403,1702564,pl,Kastri
131097480,1702565,pl,Kastraki
131097557,1702566,pl,Kastrakion
131097634,1702567,pl,Kastraki
131097711,1702568,pl,Kastraki
131097788,1702569,pl,Melissa
131097865,1702570,pl,Kastraki
131097942,1702571,pl,Kastraki
131098019,1702572,pl,Kastos
131098096,1702573,pl,Kastorion
131098173,1702574,pl,Kastellos
131098250,1702575,pl,Kastellos
131098327,1702576,pl,Kastellia
131098481,1702578,pl,Kastelli
131098558,1702579,pl,Kastelli
131098635,1702580,pl,Kastelli
131098712,1702581,pl,Kastelli
131098866,1702583,pl,Kastella
131099020,1702585,pl,Kastanoula
131099174,1702587,pl,Kastanochori
131099251,1702588,pl,Kastanitsa
131099328,1702589,pl,Kastaniotissa
131099405,1702590,pl,Kastania
131099482,1702591,pl,Kastania
131099559,1702592,pl,Kastani
131099636,1702593,pl,Kastania
131099713,1702594,pl,Kastania
131099790,1702595,pl,Kastania
131099867,1702596,pl,Kastania
131099944,1702597,pl,Kastanea
131100021,1702598,pl,Kastanea
131100098,1702599,pl,Kastania
131100175,1702600,pl,Kastania
131100252,1702601,pl,Kastania
131100329,1702602,pl,Kastamonitsa
131100406,1702603,pl,Kaspakas
131100560,1702605,pl,Kasanos
131100714,1702607,pl,Karvouni
131100868,1702609,pl,Karvounari
131100945,1702610,pl,Karvounaiika
131101022,1702611,pl,Karvounades
131101176,1702613,pl,Karvelas
131101253,1702614,pl,Karvasaras
131101484,1702617,pl,Karthiana
131101561,1702618,pl,Karteroli
131101715,1702620,pl,Karterion
131101792,1702621,pl,Karterados
131101869,1702622,pl,Karpochorion
131102023,1702624,pl,Karpino
131102100,1702625,pl,Karpero
131102177,1702626,pl,Karpenisi
131102254,1702627,pl,Karpathos
131102331,1702628,pl,Karpasion
131102485,1702630,pl,Karoutes
131102639,1702632,pl,Karousi
131102716,1702633,pl,Karoti
131102793,1702634,pl,Karoplesi
131103024,1702637,pl,Karnasi
131103255,1702640,pl,Karkinagri
131103409,1702642,pl,Karkalou
131103640,1702645,pl,Karkadiotissa
131103717,1702646,pl,Karitsa
131103794,1702647,pl,Karitsa
131103871,1702648,pl,Karitsa
131103948,1702649,pl,Karitsa
131104179,1702652,pl,Karitsa
131104256,1702653,pl,Karitaina
131104333,1702654,pl,Karistos
131104564,1702657,pl,Karyoti
131104718,1702659,pl,Kariotika Karyas
131104795,1702660,pl,Kariotai
131104949,1702662,pl,Karines
131105026,1702663,pl,Karydi
131105257,1702666,pl,Karyes
131105334,1702667,pl,Karyes
131105411,1702668,pl,Kariai
131105488,1702669,pl,Karyes
131105642,1702671,pl,Karyes
131105719,1702672,pl,Karya
131105873,1702674,pl,Karia
131106027,1702676,pl,Karya
131106181,1702678,pl,Ryaki
131106258,1702679,pl,Karya
131106335,1702680,pl,Karya
131106412,1702681,pl,Karya
131106566,1702683,pl,Karya
131106874,1702687,pl,Kares Kissamou
131107105,1702690,pl,Kares Askyfou
131107182,1702691,pl,Karefiliana
131107259,1702692,pl,Karea
131107336,1702693,pl,Kare
131107490,1702695,pl,Karditsomagoula
131107567,1702696,pl,Karditsa
131107644,1702697,pl,Kardiani
131107798,1702699,pl,Kardiakafti
131107875,1702700,pl,Kardaritsi
131108106,1702703,pl,Kardamos
131108183,1702704,pl,Kardam
131108260,1702705,pl,Al Kardamah
131108337,1702706,pl,Kardhamiana
131108414,1702707,pl,Kardamas
131108491,1702708,pl,Kardamena
131108645,1702710,pl,Kardakata
131108876,1702713,pl,Karavostasis
131108953,1702714,pl,Karawostasi
131109030,1702715,pl,Karavostasion
131109184,1702717,pl,Karavomylos
131109338,1702719,pl,Karawas
131109415,1702720,pl,Karawadho
131109492,1702721,pl,Karawadho
131109569,1702722,pl,Karatzas
131109646,1702723,pl,Karatoulas
131109723,1702724,pl,Karatoulas
131109800,1702725,pl,Karatoulas
131109954,1702727,pl,Karanos
131110108,1702729,pl,Karamesinaiika
131110416,1702733,pl,Karachristaiika
131110493,1702734,pl,Prinari
131110647,1702736,pl,Karaiskakis
131110724,1702737,pl,Karaiika
131110801,1702738,pl,Karaiika
131110878,1702739,pl,Karafotaiika
131111109,1702742,pl,Kapsorachi
131111263,1702744,pl,Pefkochori
131111340,1702745,pl,Kapsodhasos
131111417,1702746,pl,Kapsas
131111571,1702748,pl,Kapsali
131111802,1702751,pl,Kapsala
131111879,1702752,pl,Kapsala
131112187,1702756,pl,Kapparia
131112264,1702757,pl,Kaparelli
131112341,1702758,pl,Kappadokiko
131112418,1702759,pl,Kappas
131112649,1702762,pl,Kapnochorion
131112726,1702763,pl,Kapnochoria
131112803,1702764,pl,Kaplani
131112957,1702766,pl,Kapi
131113034,1702767,pl,Kapetaniana
131113111,1702768,pl,Kapelitsa
131113188,1702769,pl,Kapeli
131113265,1702770,pl,Kapeleto
131113419,1702772,pl,Kaparellion
131113496,1702773,pl,Kapandriti
131113573,1702774,pl,Kapandriti
131113727,1702776,pl,Kalitea
131113804,1702777,pl,Pigi
131113881,1702778,pl,Kagkatika
131113958,1702779,pl,Kagkadi
131114266,1702783,pl,Kandia
131114343,1702784,pl,Kandila
131114420,1702785,pl,Kandila
131114574,1702787,pl,Kandalos
131114728,1702789,pl,Kandalos
131114805,1702790,pl,Kantanos
131115190,1702795,pl,Kanalos
131115267,1702796,pl,Kanalaki
131115344,1702797,pl,Kanali
131115421,1702798,pl,Kanalia
131115498,1702799,pl,Kanalia
131115575,1702800,pl,Kanalia
131115652,1702801,pl,Kanakia
131115729,1702802,pl,Kamisiana
131115883,1702804,pl,Kaminos
131115960,1702805,pl,Kamini
131116037,1702806,pl,Kaminia
131116114,1702807,pl,Anthrakitis
131116191,1702808,pl,Kaminia
131116345,1702810,pl,Kaminarata
131116422,1702811,pl,Kaminaki
131116576,1702813,pl,Kamilari
131116653,1702814,pl,Brinia
131116730,1702815,pl,Kamenitsa
131116807,1702816,pl,Kamenitsa
131116884,1702817,pl,Kamenianoi
131116961,1702818,pl,Kamena Wurla
131117038,1702819,pl,Kamena
131117115,1702820,pl,Kampos
131117423,1702824,pl,Kampos
131117500,1702825,pl,Kampos
131117577,1702826,pl,Kampos
131117808,1702829,pl,Kambos
131117885,1702830,pl,Kampos
131118193,1702834,pl,Kampoi
131118347,1702836,pl,Kampion
131118501,1702838,pl,Kampia
131118578,1702839,pl,Kambia
131118732,1702841,pl,Kampi
131118809,1702842,pl,Kampanos
131118886,1702843,pl,Kampani
131118963,1702844,pl,Kamatriades
131119040,1702845,pl,Kamatero
131119194,1702847,pl,Kamaroula
131119271,1702848,pl,Kamaritsa
131119579,1702852,pl,Kamari
131119656,1702853,pl,Kamari
131119810,1702855,pl,Kamari
131119964,1702857,pl,Kamarion
131120041,1702858,pl,Kamarina
131120118,1702859,pl,Kamaria
131120195,1702860,pl,Kamaria
131120272,1702861,pl,Kamaria
131120657,1702866,pl,Kamarai
131120811,1702868,pl,Kamarai
131120888,1702869,pl,Kamares
131120965,1702870,pl,Kamara
131121042,1702871,pl,Kamara
131121196,1702873,pl,Kaltezes
131121350,1702875,pl,Kalpaki
131121504,1702877,pl,Kalogiroi
131121581,1702878,pl,Kaloyeros
131121658,1702879,pl,Kalogerorachi
131121735,1702880,pl,Kalogeroi
131121812,1702881,pl,Kalogeriko
131121889,1702882,pl,Kalogeresi
131122043,1702884,pl,Kalovatos
131122120,1702885,pl,Drosochori
131122274,1702887,pl,Kalousi
131122351,1702888,pl,Kaloudi
131122428,1702889,pl,Kaloudiana
131122505,1702890,pl,Tithronio
131122736,1702893,pl,Kaloskopi
131122813,1702894,pl,Kalos
131122890,1702895,pl,Kalos
131122967,1702896,pl,Kalorrouma
131123121,1702898,pl,Kalo Paidi
131123198,1702899,pl,Kalo Nero
131123275,1702900,pl,KALO NERO
131123352,1702901,pl,Kalochori - Panteichi
131123429,1702902,pl,Kalo Chorio
131123506,1702903,pl,Kalo Chorio
131123583,1702904,pl,Kalo Chorio
131123814,1702907,pl,Kalonyktis
131123891,1702908,pl,Kaloneri
131124045,1702910,pl,Kalomoira
131124122,1702911,pl,Kalochori
131124199,1702912,pl,Kalochori
131124276,1702913,pl,Kalochori
131124353,1702914,pl,Kalochorafitis
131124661,1702918,pl,Kalogriani
131124738,1702919,pl,Kalogriana
131125046,1702923,pl,Kalloni
131125123,1702924,pl,Kalloni
131125277,1702926,pl,Kalloni
131125354,1702927,pl,Kalloni
131125431,1702928,pl,Kalloni
131125508,1702929,pl,Kallithiron
131125585,1702930,pl,Kallitheokampos
131125662,1702931,pl,Kalitea
131125739,1702932,pl,Kallithea
131125893,1702934,pl,Kalitea
131126047,1702936,pl,Kalitea
131126124,1702937,pl,Kalitea
131126201,1702938,pl,Kalitea
131126355,1702940,pl,Ano Kallithea
131126432,1702941,pl,Kalitea
131126509,1702942,pl,Kallithea
131126586,1702943,pl,Kallithea
131126663,1702944,pl,Kalitea
131126740,1702945,pl,Kalitea
131126817,1702946,pl,Kalitea
131126894,1702947,pl,Kalitea
131126971,1702948,pl,Kalitea
131127048,1702949,pl,Kalitea
131127125,1702950,pl,Kalliroi
131127202,1702951,pl,Kallirroei
131127279,1702952,pl,Kallipefki
131127356,1702953,pl,Kalliopi
131127510,1702955,pl,Kalimasia Chiu
131127664,1702957,pl,Kalligoni
131127741,1702958,pl,Kallifonion
131127895,1702960,pl,Kallidromo
131127972,1702961,pl,Calipan
131128049,1702962,pl,Kalliani
131128126,1702963,pl,Kallergiana
131128280,1702965,pl,Kalat-e Shab
131128357,1702966,pl,Kalivos
131128511,1702968,pl,Kaliwia Toriku
131128588,1702969,pl,Kalyvia Theologou
131128665,1702970,pl,Kalivia Sokhas
131128973,1702974,pl,Pankrataiika Kalyvia
131129050,1702975,pl,Kalyviani
131129127,1702976,pl,Kalyvia Kleidonias
131129204,1702977,pl,Tyrgia
131129281,1702978,pl,Kato Karyes
131129435,1702980,pl,Kalyvia Fylaktis
131129589,1702982,pl,Kalyvia Analipsis
131129743,1702984,pl,Kallithea
131129897,1702986,pl,Kato Amygdali
131129974,1702987,pl,Kalyvia Pezoulas
131130128,1702989,pl,Kalyvia
131130205,1702990,pl,Kalyvia
131130359,1702992,pl,Kalivia
131130513,1702994,pl,Kalyvia
131130590,1702995,pl,Aspropirgos
131130667,1702996,pl,Kalyvia
131130744,1702997,pl,Kalivia
131130821,1702998,pl,Święty Jerzy
131130898,1702999,pl,Kalyvia
131131129,1703002,pl,Kalyvia
131131206,1703003,pl,Kalivia
131131360,1703005,pl,Valtsaiika
131131514,1703007,pl,Kawakita
131131668,1703009,pl,Nea Kalyvakia
131131745,1703010,pl,Kalyvakia
131131899,1703012,pl,Kalyves
131132130,1703015,pl,Al Iskan
131132207,1703016,pl,Kalipadhon
131132284,1703017,pl,Kalynove
131132361,1703018,pl,Kalimerianoi
131132438,1703019,pl,Kali Komi
131132592,1703021,pl,Kalydonia
131132669,1703022,pl,Kalidona
131132746,1703023,pl,Kalianoi
131132823,1703024,pl,Kalianaiika
131132900,1703025,pl,Kalfas
131132977,1703026,pl,Kalesmeno
131133054,1703027,pl,Karave
131133208,1703029,pl,Kalentzi
131133285,1703030,pl,Kalentzi
131133516,1703033,pl,Kalawrita
131133593,1703034,pl,Kalavarda
131133670,1703035,pl,Kalathenes
131133901,1703038,pl,Nklekaiika
131133978,1703039,pl,Kalapodi
131134055,1703040,pl,Kalanos
131134132,1703041,pl,Kalanistra
131134286,1703043,pl,Kala Nera
131134363,1703044,pl,Kalandra
131134517,1703046,pl,Kalamoti
131134594,1703047,pl,Kalamos
131134671,1703048,pl,Kalamos
131134748,1703049,pl,Kalamos
131134902,1703051,pl,Kalamos
131134979,1703052,pl,Kalamos
131135056,1703053,pl,Kalamos
131135133,1703054,pl,Kalamitsi Amygdali
131135210,1703055,pl,Kalamitsi Alexandrou
131135287,1703056,pl,Kalamitsi
131135364,1703057,pl,Kalamitsi
131135595,1703060,pl,Kalami
131135672,1703061,pl,Kalamion
131135749,1703062,pl,Kalamion
131135903,1703064,pl,Kalamias
131135980,1703065,pl,Kalamia
131136211,1703068,pl,Kalampaka
131136365,1703070,pl,Kalamafka
131136442,1703071,pl,Kalamata
131136519,1703072,pl,Kalamaras
131136596,1703073,pl,Kalamaki
131136673,1703074,pl,Kalamaki
131136750,1703075,pl,Kalamakion
131136827,1703076,pl,Kalamaki
131136981,1703078,pl,Kalamaki
131137058,1703079,pl,Kalamakion
131137135,1703080,pl,Kalamakion
131137212,1703081,pl,Kalamakion
131137443,1703084,pl,Kalakaiika
131137674,1703087,pl,Kakovatos
131137751,1703088,pl,Artemisio
131137828,1703089,pl,Kakouraiika
131137905,1703090,pl,Kakotari
131137982,1703091,pl,Kakorrevma
131138059,1703092,pl,Kakoplevri
131138136,1703093,pl,Kakopetros
131138290,1703095,pl,Kakokamotes
131138521,1703098,pl,Kakkavas
131138752,1703101,pl,Kakalioraiika
131139060,1703105,pl,Kaisario
131139137,1703106,pl,Kesariani
131139291,1703108,pl,Kainouryion
131139368,1703109,pl,Kainouryion
131139599,1703112,pl,Kaina
131139830,1703115,pl,Kaiafas
131139907,1703116,pl,Kafritsaiika
131140215,1703120,pl,Kadhros
131140292,1703121,pl,Kadhion
131140446,1703123,pl,Itaka
131140523,1703124,pl,Itea
131140600,1703125,pl,Itea
131140677,1703126,pl,Itea
131140754,1703127,pl,Itea
131140831,1703128,pl,Istrios
131140908,1703129,pl,Istiea
131140985,1703130,pl,Mechanizm z Antykithiry
131141062,1703131,pl,Ysternia
131141447,1703136,pl,Isoma
131141601,1703138,pl,Isaris
131141678,1703139,pl,Iria
131141755,1703140,pl,Iraklio
131141832,1703141,pl,Iraklion
131141909,1703142,pl,Irakleia
131141986,1703143,pl,Irakleia
131142140,1703145,pl,Stemnitsa
131142294,1703147,pl,Ypsilo
131142371,1703148,pl,Ypsilometopo
131142525,1703150,pl,Ipsilantisowie
131142602,1703151,pl,Ypsilou
131142756,1703153,pl,Ippeio
131142833,1703154,pl,Ypato
131142910,1703155,pl,Ipati
131142987,1703156,pl,Ios
131143064,1703157,pl,Janina
131143141,1703158,pl,Inion
131143218,1703159,pl,Inia
131143295,1703160,pl,Imerovigli
131143372,1703161,pl,Impros
131143526,1703163,pl,Iliokastro
131143603,1703164,pl,Iliokali
131143757,1703166,pl,Ilias
131143834,1703167,pl,Ilia
131143911,1703168,pl,Ilektra
131143988,1703169,pl,Iklaina
131144142,1703171,pl,Igumenitsa
131144219,1703172,pl,Geromonachos
131144296,1703173,pl,Ieromnimi
131144373,1703174,pl,Jerakas
131144450,1703175,pl,Ierápetra
131144527,1703176,pl,Ydroussa
131144604,1703177,pl,Hydra
131144681,1703178,pl,Yameia
131144835,1703180,pl,Ypereia
131144989,1703182,pl,Chatzis
131145143,1703184,pl,Charavgi
131145297,1703186,pl,Grizokampos
131145374,1703187,pl,Grizata
131145451,1703188,pl,Grizano
131145528,1703189,pl,Gkrimpowo
131145682,1703191,pl,Grimpiana
131145759,1703192,pl,Gryllos
131145836,1703193,pl,Gkrika
131145913,1703194,pl,Grigoris
131146144,1703197,pl,Grigoria
131146221,1703198,pl,Grimpovo
131146298,1703199,pl,Anoixi
131146375,1703200,pl,Milies
131146452,1703201,pl,Greveniti
131146529,1703202,pl,Karya
131146606,1703203,pl,Gravia
131146683,1703204,pl,Gravia
131146837,1703206,pl,Granitsaiika
131146914,1703207,pl,Granitsa
131146991,1703208,pl,Granitsa
131147145,1703210,pl,Gramvousa
131147222,1703211,pl,Ampelochori
131147299,1703212,pl,Grammeno
131147376,1703213,pl,Grammenitsa
131147453,1703214,pl,Grammeni Oxya
131147530,1703215,pl,Grammeni
131147607,1703216,pl,Grammatikou
131147761,1703218,pl,Grammatikon
131147838,1703219,pl,Grammatiko
131147992,1703221,pl,Grammatikaiika
131148069,1703222,pl,Grampia
131148146,1703223,pl,Gra Liyia
131148377,1703226,pl,Graikas
131148454,1703227,pl,Graikas
131148531,1703228,pl,Gouves
131148608,1703229,pl,Gouves
131148685,1703230,pl,Guwes
131148916,1703233,pl,Gournes
131148993,1703234,pl,Gournai
131149070,1703235,pl,Gouriotissa
131149147,1703236,pl,Gouriana
131149224,1703237,pl,Gouria
131149609,1703242,pl,Goura
131149686,1703243,pl,Goupata
131149763,1703244,pl,Gounaris
131149917,1703246,pl,Goumeron
131149994,1703247,pl,Filotei
131150071,1703248,pl,Goumaiika
131150148,1703249,pl,Goulemion
131150225,1703250,pl,Goulediana
131150302,1703251,pl,Goulas
131150456,1703253,pl,Goudhouros
131150687,1703256,pl,Bolaiika
131150764,1703257,pl,Goritsa
131150918,1703259,pl,Goritsa
131150995,1703260,pl,Gorianades
131151072,1703261,pl,Gorgogyri
131151149,1703262,pl,Gorgovites
131151303,1703264,pl,Gorgopotamos
131151380,1703265,pl,Gorgomylos
131151457,1703266,pl,Goranoi
131151534,1703267,pl,Gonoussa
131151611,1703268,pl,Gonnos
131151765,1703270,pl,Goniai
131151842,1703271,pl,Goniai
131151919,1703272,pl,Gonia
131151996,1703273,pl,Gonia
131152150,1703275,pl,Gomosto
131152227,1703276,pl,Gomfoi
131152304,1703277,pl,Gkolfari
131152689,1703282,pl,Kefalochori
131152766,1703283,pl,Glossa
131152843,1703284,pl,Glossa
131152997,1703286,pl,Glinos
131153151,1703288,pl,Glinado
131153305,1703290,pl,Glykomilia
131153382,1703291,pl,Glyki
131153459,1703292,pl,Glifadha
131153536,1703293,pl,Glifada
131153613,1703294,pl,Glifada
131153690,1703295,pl,Glifa
131153767,1703296,pl,Glyfa
131153921,1703298,pl,Glavki
131153998,1703299,pl,Glafyra
131154075,1703300,pl,Gdochia
131154152,1703301,pl,Gazi
131154229,1703302,pl,Gavros
131154460,1703305,pl,Gavrolimni
131154537,1703306,pl,Gavrisioi
131154614,1703307,pl,Gavrio
131154691,1703308,pl,Gavrina
131154768,1703309,pl,Gavriani
131154845,1703310,pl,Gavria
131155076,1703313,pl,Gavrakia
131155153,1703314,pl,Gavalou
131155230,1703315,pl,Gavalomouri
131155307,1703316,pl,Gavalokhorion
131155384,1703317,pl,Gavalas
131155538,1703319,pl,Gastouni
131155615,1703320,pl,Gasi
131155692,1703321,pl,Garipa
131155769,1703322,pl,Garipa
131155846,1703323,pl,Gargalianoi
131155923,1703324,pl,Garea
131156000,1703325,pl,Mikro Gardiki
131156077,1703326,pl,Gardiki
131156154,1703327,pl,Gardiki
131156231,1703328,pl,Gardiki
131156308,1703329,pl,Gardhikion
131156385,1703330,pl,Garazon
131156462,1703331,pl,Gkagkales
131156847,1703336,pl,Gallos
131156924,1703337,pl,Galissas
131157001,1703338,pl,Galipe
131157078,1703339,pl,Galini
131157155,1703340,pl,Galifa
131157232,1703341,pl,Galia
131157309,1703342,pl,Galaxidhion
131157386,1703343,pl,Galatsona
131157463,1703344,pl,Galatsi
131157540,1703345,pl,Galatsades
131157617,1703346,pl,Galatas
131157694,1703347,pl,Galatas
131157771,1703348,pl,Galatas
131157925,1703350,pl,Galatas
131158002,1703351,pl,Galatas
131158079,1703352,pl,Galatas
131158156,1703353,pl,Galataki
131158387,1703356,pl,Galanovrysi
131158464,1703357,pl,Galani
131158541,1703358,pl,Galaniana
131158618,1703359,pl,Galani
131158772,1703361,pl,Galanado
131158926,1703363,pl,Gaitanion
131159157,1703366,pl,Fterolakka
131159234,1703367,pl,Fterno
131159465,1703370,pl,Fteri
131159542,1703371,pl,Frousiouna
131159619,1703372,pl,Dorosyni
131159696,1703373,pl,Frixa
131159773,1703374,pl,Frinion
131159850,1703375,pl,Frilinkianika
131160081,1703378,pl,Fry
131160158,1703379,pl,Fres
131160235,1703380,pl,Frengaina
131160466,1703383,pl,Fraxo
131160543,1703384,pl,Veriatsia
131160620,1703385,pl,Fration
131160697,1703386,pl,Frasta
131160851,1703388,pl,Frantzis
131161005,1703390,pl,Frankoulaiika
131161313,1703394,pl,Fragko
131161544,1703397,pl,Frankaiika
131161621,1703398,pl,Fragkades
131161698,1703399,pl,Fragka
131161852,1703401,pl,Foutia
131162006,1703403,pl,Fousiana
131162160,1703405,pl,Fournoi
131162237,1703406,pl,Fournoi
131162314,1703407,pl,Fournofarangon
131162468,1703409,pl,Fourni
131162545,1703410,pl,Fournes
131162776,1703413,pl,Fourna
131162853,1703414,pl,Fourka
131163007,1703416,pl,Fourfours
131163392,1703421,pl,Foteinos
131163546,1703423,pl,Foteino
131163700,1703425,pl,Fotakado
131163777,1703426,pl,Fotada
131163854,1703427,pl,Fostaina
131164162,1703431,pl,Foniskaria
131164239,1703432,pl,Fonesa
131164316,1703433,pl,Fonaitika
131164393,1703434,pl,Foloi
131164470,1703435,pl,Folegandros
131164701,1703438,pl,Foinikas
131164855,1703440,pl,Foiniki
131164932,1703441,pl,Foiniki
131165086,1703443,pl,Foinikia
131165163,1703444,pl,Foinikia
131165240,1703445,pl,Foinikia
131165317,1703446,pl,Foiniki
131165394,1703447,pl,Dipseliza
131165471,1703448,pl,Fodele
131165548,1703449,pl,Palia Floriada
131165625,1703450,pl,Floria
131165702,1703451,pl,Anthochori
131165779,1703452,pl,Flomochori
131165856,1703453,pl,Flokas
131165933,1703454,pl,Flokas
131166010,1703455,pl,Floka
131166087,1703456,pl,Floka
131166241,1703458,pl,Flesourias
131166318,1703459,pl,Flesias
131166395,1703460,pl,Lati Kola
131166472,1703461,pl,Flathiakai
131166549,1703462,pl,Flamouriana
131166703,1703464,pl,Campo Cuatro
131166780,1703465,pl,Flampouresi
131166857,1703466,pl,Flampourari
131166934,1703467,pl,Flampoura
131167011,1703468,pl,Flampoura
131167165,1703470,pl,Fitokos
131167242,1703471,pl,Fyteies
131167396,1703473,pl,Fiskardo
131167473,1703474,pl,Fisini
131167627,1703476,pl,Ano Manna
131167781,1703478,pl,Fiolitis
131167935,1703480,pl,Filotion
131168012,1703481,pl,Filothei
131168089,1703482,pl,Fyllo
131168166,1703483,pl,Filla
131168243,1703484,pl,Filisi
131168320,1703485,pl,Filisia
131168397,1703486,pl,Filippos
131168551,1703488,pl,Filippiada
131168936,1703493,pl,Filiatra
131169013,1703494,pl,Filiates
131169090,1703495,pl,Filiadhon
131169167,1703496,pl,Filia
131169244,1703497,pl,Filia
131169321,1703498,pl,Filia
131169398,1703499,pl,Filia
131169475,1703500,pl,Fyli
131169629,1703502,pl,Fylakti
131169706,1703503,pl,Filaki
131169860,1703505,pl,Fiki
131169937,1703506,pl,Fikhtion
131170091,1703508,pl,Figaleia
131170245,1703510,pl,Ferentinata
131170322,1703511,pl,Feneos
131170399,1703512,pl,Agia Marina
131170476,1703513,pl,Favriana
131170553,1703514,pl,Favatata
131170707,1703516,pl,Fatsadika
131170784,1703517,pl,Faskomilia
131170861,1703518,pl,Faskomilia
131170938,1703519,pl,Farsaron
131171015,1703520,pl,Farsala
131171092,1703521,pl,Farsa
131171169,1703522,pl,Latarnia morska na Faros
131171246,1703523,pl,Faros
131171323,1703524,pl,Faros
131171400,1703525,pl,Farkadona
131171939,1703532,pl,Faraklo
131172016,1703533,pl,Faraklata
131172093,1703534,pl,Faraklada
131172170,1703535,pl,Farakla
131172247,1703536,pl,Phares
131172478,1703539,pl,Faneromeni
131172555,1703540,pl,Faneromeni
131172632,1703541,pl,Faneromeni
131172786,1703543,pl,Magoula
131172863,1703544,pl,Fanari
131172940,1703545,pl,Fanarion
131173171,1703548,pl,Fanes
131173248,1703549,pl,Famila
131173402,1703551,pl,Fallika
131173633,1703554,pl,Falatados
131173710,1703555,pl,Falanthi
131173787,1703556,pl,Falanna
131173864,1703557,pl,Falaisia
131174095,1703560,pl,Exo Potamoi
131174172,1703561,pl,Egzopolis
131174249,1703562,pl,Exo Nymfio
131174326,1703563,pl,Exo Mouliana
131174403,1703564,pl,Exo Lakkonia
131174480,1703565,pl,Exochori
131174557,1703566,pl,Exo Chora
131174865,1703570,pl,Exo Gonia
131175096,1703573,pl,Exarkhos
131175173,1703574,pl,Exandis
131175250,1703575,pl,Examilia
131175404,1703577,pl,Evyiros
131175481,1703578,pl,Evxinoupolis
131175789,1703582,pl,Efpalio
131175866,1703583,pl,Evinochori
131175943,1703584,pl,Ewdilos
131176097,1703586,pl,Evangelistria
131176251,1703588,pl,Evangelistria
131176328,1703589,pl,Evangelismos
131176405,1703590,pl,Evangelismos
131176559,1703592,pl,Evangelismos
131176713,1703594,pl,Eva
131177021,1703598,pl,Ermupoli
131177098,1703599,pl,Ermitsi
131177175,1703600,pl,Ermioni
131177252,1703601,pl,Erythres
131177406,1703603,pl,Erimos
131177483,1703604,pl,Erymantheia
131177714,1703607,pl,Ergastiria
131177791,1703608,pl,Erfoi
131177868,1703609,pl,Eretria
131177945,1703610,pl,Eretria
131178022,1703611,pl,Eresos
131178099,1703612,pl,Erateini
131178176,1703613,pl,Eptalofos
131178253,1703614,pl,Epitalion
131178407,1703616,pl,Episkopio
131178484,1703617,pl,Episkopiko
131178561,1703618,pl,Mesa Gonia
131178638,1703619,pl,Rafnidia
131178792,1703621,pl,Episkopi
131178869,1703622,pl,Episkopi
131178946,1703623,pl,Episkopi
131179254,1703627,pl,Episkopi
131179408,1703629,pl,Episkopi
131179485,1703630,pl,Episkopi
131179562,1703631,pl,Episkopi
131179716,1703633,pl,Epiniana
131179793,1703634,pl,Epano Vatheia
131179870,1703635,pl,Epano Sesi
131180332,1703641,pl,Epanochori
131180486,1703643,pl,Pano Floria
131180563,1703644,pl,Epano Episkopi
131180871,1703648,pl,Ano Archanes
131180948,1703649,pl,Enoria
131181025,1703650,pl,Englouvi
131181102,1703651,pl,Eggares
131181256,1703653,pl,Embrosneros
131181333,1703654,pl,Emporeios
131181410,1703655,pl,Emporeios
131181564,1703657,pl,Emporio (Santoryn)
131181641,1703658,pl,Embonas
131181718,1703659,pl,Empesos
131181795,1703660,pl,Embaros
131181872,1703661,pl,Elos
131181949,1703662,pl,Elos
131182026,1703663,pl,Ellopia
131182103,1703664,pl,Ellinopyrgos
131182180,1703665,pl,Ellinokhorion
131182257,1703666,pl,Ellinokastro
131182334,1703667,pl,Ellinokastro
131182411,1703668,pl,Ellinoekklisia
131182565,1703670,pl,Elliniko
131182642,1703671,pl,Eliniko
131182719,1703672,pl,Eliniko
131182873,1703674,pl,Elliniko
131182950,1703675,pl,Elliniko
131183027,1703676,pl,Elliniko Trikolonon
131183104,1703677,pl,Eliniko
131183181,1703678,pl,Elliniko
131183258,1703679,pl,Ellinika
131183335,1703680,pl,Ellinika
131183489,1703682,pl,Ellinika
131183643,1703684,pl,Ellinika
131183797,1703686,pl,Elikistra
131183874,1703687,pl,Eliki
131183951,1703688,pl,Elika
131184028,1703689,pl,Artopoula
131184182,1703691,pl,Eleftherochori
131184413,1703694,pl,Elewtherokhorion
131184490,1703695,pl,Eleftherio
131184567,1703696,pl,Eleftheri
131184644,1703697,pl,Eleftheriani
131184721,1703698,pl,Elefteres
131184798,1703699,pl,Eleusis
131184952,1703701,pl,Eleftherna
131185029,1703702,pl,Eleousa
131185106,1703703,pl,Eleousa
131185183,1703704,pl,Eleousa
131185260,1703705,pl,Eleonas
131185337,1703706,pl,Elenes
131185414,1703707,pl,Elatovrysi
131185491,1703708,pl,Elatou
131185568,1703709,pl,Elatos
131185722,1703711,pl,Elatos
131185876,1703713,pl,Elatochori
131185953,1703714,pl,Elateia
131186030,1703715,pl,Elateia
131186107,1703716,pl,Elati
131186184,1703717,pl,Elati
131186261,1703718,pl,Elati
131186338,1703719,pl,Elati
131186492,1703721,pl,Elata
131186569,1703722,pl,Elassona
131186800,1703725,pl,Elaionas
131186877,1703726,pl,Elaionas
131187031,1703728,pl,Elaionas
131187185,1703730,pl,Elaiochori
131187262,1703731,pl,Elaiochori
131187493,1703734,pl,Elaiofiton
131187570,1703735,pl,Elaiofyto
131187647,1703736,pl,Elia
131187724,1703737,pl,Elaia
131187801,1703738,pl,Elaia
131187955,1703740,pl,Elaia
131188032,1703741,pl,Elaia
131188109,1703742,pl,Elaia
131188263,1703744,pl,Elia
131188340,1703745,pl,Elafotopos
131188417,1703746,pl,Elafos
131188494,1703747,pl,Elafos
131188648,1703749,pl,Elafonisos
131188725,1703750,pl,Elafi
131188956,1703753,pl,Ekklisies
131189033,1703754,pl,Ekkara
131189110,1703755,pl,Elitas
131189264,1703757,pl,Ekali
131189418,1703759,pl,Efyra
131189572,1703761,pl,Drymos
131189726,1703763,pl,Agios Spyridon
131190111,1703768,pl,Drovolovo
131190188,1703769,pl,Druwa
131190265,1703770,pl,Voulgareli
131190342,1703771,pl,Drosopigi
131190419,1703772,pl,Dhrosopiyi
131190496,1703773,pl,Drosochori
131190804,1703777,pl,Drosia
131190881,1703778,pl,Drosia
131190958,1703779,pl,Drosia
131191035,1703780,pl,Drosia
131191112,1703781,pl,Drosero
131191420,1703785,pl,Dromitsa
131191651,1703788,pl,Dritsaiika
131191728,1703789,pl,Drys
131191805,1703790,pl,Dryopida
131191882,1703791,pl,Dryopi
131191959,1703792,pl,Dryopi
131192113,1703794,pl,Dryofyto
131192190,1703795,pl,Drymos
131192267,1703796,pl,Drymonari
131192421,1703798,pl,Drymona
131192498,1703799,pl,Ano Drymon
131192575,1703800,pl,Dhrimon
131192652,1703801,pl,Drymonas
131192729,1703802,pl,Dhrimonas
131192960,1703805,pl,Dhrimaia
131193114,1703807,pl,Drymos
131193345,1703810,pl,Drepano
131193422,1703811,pl,Drepano
131193576,1703813,pl,Dafnoussa
131193653,1703814,pl,Drapeti
131193730,1703815,pl,Drapanos
131193884,1703817,pl,Drapanias
131193961,1703818,pl,Dhramia
131194038,1703819,pl,Dramesioi
131194115,1703820,pl,Dramesi
131194269,1703822,pl,Drakovouni
131194346,1703823,pl,Drakotrypa
131194654,1703827,pl,Drakoneri
131194731,1703828,pl,Drakona
131194885,1703830,pl,Dhrakia
131195039,1703832,pl,Drakas
131195116,1703833,pl,Draina
131195193,1703834,pl,Dhragoyion
131195270,1703835,pl,Prodromos
131195347,1703836,pl,Dragotina
131195424,1703837,pl,Dragopsa
131195501,1703838,pl,Dhraganon
131195578,1703839,pl,Petrochori
131195655,1703840,pl,Ampelia
131195732,1703841,pl,Dhrafi
131195809,1703842,pl,Dhoxaron
131195886,1703843,pl,Doxaras
131195963,1703844,pl,Doksa
131196194,1703847,pl,Dounaiika
131196271,1703848,pl,Dounaiika
131196348,1703849,pl,Doumena
131196425,1703850,pl,Douliana
131196502,1703851,pl,Dhouka Vrisi
131196579,1703852,pl,Dynastia Dukasów
131196887,1703856,pl,Dorizata
131196964,1703857,pl,Dorizas
131197041,1703858,pl,Dorio
131197272,1703861,pl,Donousa
131197426,1703863,pl,Domokos
131197503,1703864,pl,Domnista
131197580,1703865,pl,Domianoi
131197657,1703866,pl,Domeniko
131197734,1703867,pl,Dolo
131197811,1703868,pl,Doliana
131197965,1703870,pl,Dokos
131198042,1703871,pl,Dhokimion
131198273,1703874,pl,Dodona
131198350,1703875,pl,Digeliotika
131198504,1703877,pl,Divri
131198581,1703878,pl,Divarata
131198735,1703880,pl,Dytiki Frankista
131198812,1703881,pl,Distrato
131198889,1703882,pl,Dystos
131198966,1703883,pl,Distomo
131199043,1703884,pl,Dirrevmata
131199428,1703889,pl,Dipottamos
131199659,1703892,pl,Diporo
131199890,1703895,pl,Diplatanos
131199967,1703896,pl,Dhio Vouna
131200121,1703898,pl,Dionysos
131200198,1703899,pl,Dionizos
131200275,1703900,pl,Dhionsion
131200352,1703901,pl,Dyo Choria
131200429,1703902,pl,Diodia
131200660,1703905,pl,Dimitsana Arkadias
131200814,1703907,pl,Dimitropoulo
131200891,1703908,pl,Dimitra
131200968,1703909,pl,Dimitra
131201045,1703910,pl,Dimitra
131201122,1703911,pl,Dimini
131201199,1703912,pl,Diminio
131201353,1703914,pl,Dimario
131201430,1703915,pl,Dimandra
131201507,1703916,pl,Dimaina
131201661,1703918,pl,Dilofo
131201738,1703919,pl,Dilofo
131201815,1703920,pl,Dilofo
131201892,1703921,pl,Dhilofon
131201969,1703922,pl,Dilinata
131202046,1703923,pl,Dilesi
131202354,1703927,pl,Dichori
131202585,1703930,pl,Dhikastron
131202662,1703931,pl,Digaleto
131202739,1703932,pl,Didyma
131202893,1703934,pl,Diavolitsi
131203047,1703936,pl,Diava
131203201,1703938,pl,Dhiaselon
131203278,1703939,pl,Diaselo
131203355,1703940,pl,Diasello
131203586,1703943,pl,Diaselaki
131203663,1703944,pl,Diasela
131203817,1703946,pl,Dhiamandaiika
131203971,1703948,pl,Dialekto
131204125,1703950,pl,Diakopto
131204202,1703951,pl,Diakopi
131204510,1703955,pl,Diafanion
131204664,1703957,pl,Despotiko
131204741,1703958,pl,Despotiko
131204818,1703959,pl,Deskati
131204972,1703961,pl,Desyllas
131205126,1703963,pl,Desfina
131205280,1703965,pl,Derviziana
131205357,1703966,pl,Derveni
131205434,1703967,pl,Derveni
131205819,1703972,pl,Dermatianika
131205973,1703974,pl,Dentros
131206127,1703976,pl,Dendro
131206204,1703977,pl,Dendrochori
131206358,1703979,pl,Dentraki
131206435,1703980,pl,Dentra
131206512,1703981,pl,Dentra
131206974,1703987,pl,Dhemoutsandata
131207051,1703988,pl,Demiri
131207128,1703989,pl,Demesticha
131207205,1703990,pl,Dempla
131207436,1703993,pl,Demati
131207590,1703995,pl,Delvinaki
131207821,1703998,pl,Delfy
131207898,1703999,pl,Dhelfinon
131207975,1704000,pl,Deleria
131208129,1704002,pl,Defaranata
131208206,1704003,pl,Davleia
131208360,1704005,pl,Davgata
131208437,1704006,pl,Dasolofos
131208514,1704007,pl,Dasochori
131208591,1704008,pl,Dasochori
131208745,1704010,pl,Dhaskalion
131208899,1704012,pl,Darmarochori
131209130,1704015,pl,Daratsos
131209207,1704016,pl,Daras
131209284,1704017,pl,Daras
131209361,1704018,pl,Daras
131209438,1704019,pl,Danakos
131209515,1704020,pl,Danakos
131209592,1704021,pl,Damoulianata
131209746,1704023,pl,Ajos Dimitrios
131209823,1704024,pl,Damia
131209900,1704025,pl,Dhamavolos
131210131,1704028,pl,Damasi
131210208,1704029,pl,Damarionas
131210285,1704030,pl,Damania
131210362,1704031,pl,Damakini
131210439,1704032,pl,Dalietatika
131210516,1704033,pl,Dalamanara
131210593,1704034,pl,Daimonia
131210670,1704035,pl,Dafnoula
131210824,1704037,pl,Dafnoula
131210901,1704038,pl,Dafnoula
131210978,1704039,pl,Dafnoti
131211055,1704040,pl,Dafnospilia
131211132,1704041,pl,Dafnos
131211286,1704043,pl,Dhafnopigadhion
131211363,1704044,pl,Dafnonas
131211594,1704047,pl,Dhafniotissa
131211671,1704048,pl,Dafni
131211825,1704050,pl,Dafni
131211902,1704051,pl,Dafni
131211979,1704052,pl,Dafni
131212056,1704053,pl,Dafni
131212133,1704054,pl,Dafni
131212210,1704055,pl,Dafni
131212287,1704056,pl,Dafni
131212364,1704057,pl,Dhafni
131212441,1704058,pl,Dafni
131212518,1704059,pl,Dafni
131212672,1704061,pl,Dafni
131212749,1704062,pl,Dafni
131212980,1704065,pl,Kaminia
131213134,1704067,pl,Dafni
131213211,1704068,pl,Dafnes
131213365,1704070,pl,Dafnes
131213442,1704071,pl,Dafia
131213596,1704073,pl,Nteres
131213904,1704077,pl,Ntavlantaiika Kalyvia
131214289,1704082,pl,Arkadiko
131214674,1704087,pl,Bralos
131214751,1704088,pl,Bozikas
131214982,1704091,pl,Bouzion
131215059,1704092,pl,Kyllini
131215444,1704097,pl,Ira
131215521,1704098,pl,Boutaiika
131215598,1704099,pl,Tampouria
131215983,1704104,pl,Antiro
131216137,1704106,pl,Bouka
131216291,1704108,pl,Boufouskia
131216368,1704109,pl,Porto Boufalo
131216445,1704110,pl,Voutsaras
131216522,1704111,pl,Agios Prokopios
131216599,1704112,pl,Borsion
131216676,1704113,pl,Borsas
131216753,1704114,pl,Bolati
131216907,1704116,pl,Bokhali
131217061,1704118,pl,Bogdanatika
131217215,1704120,pl,Blemenianoi
131217292,1704121,pl,Kypseli
131217446,1704123,pl,Mpilali
131217523,1704124,pl,Pezoula
131217600,1704125,pl,Bestia
131217754,1704127,pl,Beritiana
131217908,1704129,pl,Bendevi
131218139,1704132,pl,Belokomiti
131218216,1704133,pl,Belesaiika
131218293,1704134,pl,Bekianika
131218370,1704135,pl,Akropotamia
131218524,1704137,pl,Batsion
131218678,1704139,pl,Agioi Theodoroi
131218755,1704140,pl,Drosopigi
131219063,1704144,pl,Parparia
131219217,1704146,pl,Barakitika
131219294,1704147,pl,Bapiolos
131219448,1704149,pl,Bampini
131219525,1704150,pl,Bampalio
131219679,1704152,pl,Balodimaiika
131219756,1704153,pl,Balas
131219833,1704154,pl,Bali
131219987,1704156,pl,Balas
131220295,1704160,pl,Balaiika
131220372,1704161,pl,Rodopoli
131220680,1704165,pl,Bafra
131220757,1704166,pl,Bafion
131220834,1704167,pl,Badia
131221219,1704172,pl,Azolimnos
131221450,1704175,pl,Agiovlasitika
131221527,1704176,pl,Agios Georgios Sykousis
131221681,1704178,pl,Święty Jerzy
131221835,1704180,pl,Święty Jerzy
131221989,1704182,pl,Święty Jerzy
131222066,1704183,pl,Agios Georgios Feron
131222220,1704185,pl,Ayios Yeoryios Nileias
131222297,1704186,pl,Święty Jerzy
131222374,1704187,pl,Ayios Yeoryios
131222451,1704188,pl,Święty Jerzy
131222528,1704189,pl,Święty Jerzy
131222605,1704190,pl,Agios Georgios Glykorrizou
131222759,1704192,pl,Ayios Yeoryios Domokou
131222836,1704193,pl,Ayios Yeoryios
131222913,1704194,pl,Święty Jerzy
131222990,1704195,pl,Święty Jerzy
131223067,1704196,pl,Agios Georgios Lichados
131223144,1704197,pl,Święty Jerzy
131223221,1704198,pl,Święty Jerzy
131223298,1704199,pl,Święty Jerzy
131223375,1704200,pl,Święty Jerzy
131223529,1704202,pl,Ayios Yeoryios
131223606,1704203,pl,Święty Jerzy
131223683,1704204,pl,Ayios Yeoryios Troizinos
131223837,1704206,pl,Święty Jerzy
131223914,1704207,pl,Święty Jerzy
131224068,1704209,pl,Święty Jerzy
131224222,1704211,pl,Agios Georgios Gramvousis
131224530,1704215,pl,Agios Georgios Armenon
131224607,1704216,pl,Agios Georgios Agiou Konstantinou
131224684,1704217,pl,Święty Jerzy
131224761,1704218,pl,Święty Jerzy
131224838,1704219,pl,Agios Vlasios
131224915,1704220,pl,Agios Vlasios
131225069,1704222,pl,Agios Vlasios
131225146,1704223,pl,Agios Vissarion
131225300,1704225,pl,Agios Vasileios
131225377,1704226,pl,Ajos Wasilios
131225454,1704227,pl,Ajos Wasilios
131225531,1704228,pl,Ajos Wasilios
131225685,1704230,pl,Ajos Wasilios
131225839,1704232,pl,Ajos Wasilios
131225916,1704233,pl,Ajos Wasilios
131225993,1704234,pl,Ajos Wasilios
131226070,1704235,pl,Agios Thomas
131226147,1704236,pl,Agios Thomas
131226224,1704237,pl,Ayios Thomas
131226301,1704238,pl,Ayios Thomas
131226378,1704239,pl,Agios Theodoros
131226609,1704242,pl,Ayios Stefanos
131226686,1704243,pl,Agios Stefanos
131226840,1704245,pl,Ayios Stefanos
131226917,1704246,pl,Ajos Stefanos
131226994,1704247,pl,Agios Spyridon
131227071,1704248,pl,Agios Spyridon
131227148,1704249,pl,Agios Spyridon
131227225,1704250,pl,Agios Sostis
131227302,1704251,pl,Agios Sostis
131227379,1704252,pl,Agios Sostis
131227456,1704253,pl,Agios Sillas
131227533,1704254,pl,Ayios Serafim
131227610,1704255,pl,Makria Mallia
131227687,1704256,pl,Agios Prokopios
131227764,1704257,pl,Agios Polykarpos
131227841,1704258,pl,Agios Petros
131228072,1704261,pl,Agios Petros
131228380,1704265,pl,Agios Pavlos
131228688,1704269,pl,Ayios Nikon
131228842,1704271,pl,Agios Nikolaos
131228919,1704272,pl,Agios Nikolaos
131229073,1704274,pl,Agios Nikolaos
131229381,1704278,pl,Agios Nikolaos
131229535,1704280,pl,Ajos Nikolaos
131229612,1704281,pl,Ajos Nikolaos
131229689,1704282,pl,Agios Nikolaos Trichonidos
131229766,1704283,pl,Ajos Nikolaos
131229997,1704286,pl,Ajos Nikolaos
131230074,1704287,pl,Arkoudi
131230305,1704290,pl,Koiliomeno
131230382,1704291,pl,Kastri
131230459,1704292,pl,Ajos Nikolaos
131230536,1704293,pl,Agios Nikolaos Monemvasias
131230690,1704295,pl,Agios Nikolaos
131230844,1704297,pl,Ajos Nikolaos
131230998,1704299,pl,Agios Nikitas
131231075,1704300,pl,Agios Nikitas
131231152,1704301,pl,Agios Myron
131231614,1704307,pl,Ayios Mamas
131231691,1704308,pl,Agios Loukas
131231768,1704309,pl,Agios Leon
131231845,1704310,pl,Agios Lavrendios
131231999,1704312,pl,Agios Konstantinos
131232076,1704313,pl,Ayios Konstandinos
131232153,1704314,pl,Ayios Konstandinos
131232230,1704315,pl,Agios Konstantinos
131232307,1704316,pl,Agios Konstantinos
131232384,1704317,pl,Agios Konstantinos
131232461,1704318,pl,Agios Konstantinos
131232538,1704319,pl,Agios Konstantinos Troizinos
131232615,1704320,pl,Agios Konstantinos
131232692,1704321,pl,Agios Konstantinos
131232846,1704323,pl,Agios Konstantinos
131232923,1704324,pl,Ayios Konstandinos
131233000,1704325,pl,Agios Kirillos
131233077,1704326,pl,Agios Kirikos
131233154,1704327,pl,Ajos Kirikos
131233308,1704329,pl,Agios Charalampos
131233385,1704330,pl,Agios Kharalambos
131233462,1704331,pl,Agios Kharalambos
131233616,1704333,pl,Agios Isidoros
131233693,1704334,pl,Agios Ioannis Theologos
131233847,1704336,pl,Agios Ioannis
131234001,1704338,pl,Agios Ioannis
131234155,1704340,pl,Agios Ioannis
131234232,1704341,pl,Agios Ioannis
131234309,1704342,pl,Agios Ioannis
131234386,1704343,pl,Agios Ioannis
131234463,1704344,pl,Agios Ioannis
131234694,1704347,pl,Agios Ioannis Amaliados
131234771,1704348,pl,Agios Ioannis
131234848,1704349,pl,Agios Ioannis
131235156,1704353,pl,Agios Ioannis
131235233,1704354,pl,Agios Ioannis
131235387,1704356,pl,Agios Ioannis
131235541,1704358,pl,Agios Ioannis
131235772,1704361,pl,Agios Ioannis
131235926,1704363,pl,Agios Ioannis
131236080,1704365,pl,Agios Ioannis Pyrgiotissis
131236157,1704366,pl,Agios Ilias
131236234,1704367,pl,Agios Ilias
131236311,1704368,pl,Agios Ilias
131236388,1704369,pl,Agios Ilias
131236696,1704373,pl,Agios Floros
131236773,1704374,pl,Ajos Efstratios
131237158,1704379,pl,Agios Donatos
131237235,1704380,pl,Agios Dhimitrios
131237389,1704382,pl,Ajos Dimitrios
131237466,1704383,pl,Ajos Dimitrios
131237543,1704384,pl,Agios Dimitrios Perivleptou
131237697,1704386,pl,Ajos Dimitrios
131237774,1704387,pl,Ajos Dimitrios
131237928,1704389,pl,Ajos Dimitrios
131238005,1704390,pl,Ajos Dimitrios
131238082,1704391,pl,Ajos Dimitrios
131238159,1704392,pl,Agios Dhimitrios
131238236,1704393,pl,Agios Dhimitrios
131238313,1704394,pl,Ajos Dimitrios
131238390,1704395,pl,Agios Dimitrios Monemvasias
131238467,1704396,pl,Ajos Dimitrios
131238544,1704397,pl,Agios Atanasios
131238621,1704398,pl,Ajos Atanazy
131238698,1704399,pl,Agios Atanasios
131239006,1704403,pl,Agios Andreas
131239314,1704407,pl,Ayios Andreas
131239391,1704408,pl,Agios Andreas
131239545,1704410,pl,Agios Andreas
131239622,1704411,pl,Agios Antonios
131239699,1704412,pl,Dendros
131239853,1704414,pl,Agios Antonios
131240315,1704420,pl,Agios Akakios
131240392,1704421,pl,Ayios Adhrianos
131240469,1704422,pl,Ayios
131240546,1704423,pl,Agiorgitika
131240623,1704424,pl,Agiopigi
131240700,1704425,pl,Ayionori
131241008,1704429,pl,Agioi Theodoroi
131241085,1704430,pl,Agioi Theodoroi
131241162,1704431,pl,Agioi Theodoroi
131241316,1704433,pl,Agioi Theodoroi
131241393,1704434,pl,Agioi Theodoroi Methanon
131241470,1704435,pl,Agioi Theodoroi
131241701,1704438,pl,Agioi Taxiarches
131241932,1704441,pl,Agioi Pantes
131242009,1704442,pl,Agioi Deka
131242086,1704443,pl,Agioi Apostoloi
131242163,1704444,pl,Agioi Apostoloi
131242240,1704445,pl,Agioi Apostoloi
131242471,1704448,pl,Agioi Apostoloi
131242548,1704449,pl,Agioi Apostoloi
131242702,1704451,pl,Agioi Apostoloi
131242779,1704452,pl,Aji Anarjiri
131242856,1704453,pl,Ayioi Anaryiroi
131242933,1704454,pl,Agiofyllo
131243087,1704456,pl,Ayia Varvara
131243164,1704457,pl,Ayia Varvara
131243241,1704458,pl,Ajia Warwara
131243318,1704459,pl,Ajia Warwara
131243395,1704460,pl,Ajia Warwara
131243549,1704462,pl,Agia Varvara
131243703,1704464,pl,Agia Triada
131243780,1704465,pl,Ajia Triada
131243857,1704466,pl,Agia Triada
131243934,1704467,pl,Ayia Trias Sourpis
131244011,1704468,pl,Agia Triada
131244242,1704471,pl,Ayia Trias
131244319,1704472,pl,Ajia Triada
131244396,1704473,pl,Agia Triada
131244473,1704474,pl,Ajia Triada
131244550,1704475,pl,Merbaka
131244781,1704478,pl,Agia Triada
131244858,1704479,pl,Ajia Triada
131244935,1704480,pl,Agia Thekli
131245089,1704482,pl,Agiasos
131245166,1704483,pl,Ayia Sofia
131245243,1704484,pl,Agia Sofia
131245320,1704485,pl,Ayia Sofia
131245397,1704486,pl,Agia Sofia
131245551,1704488,pl,Agia Sofia
131245859,1704492,pl,Ajia Rumeli
131245936,1704493,pl,Agia Pelagia
131246090,1704495,pl,Ayia Pelayia
131246167,1704496,pl,Ajia Paraskiewi
131246244,1704497,pl,Agia Paraskevi
131246398,1704499,pl,Ajia Paraskiewi
131246552,1704501,pl,Ajia Paraskiewi
131246706,1704503,pl,Agia Paraskevi
131246783,1704504,pl,Agia Paraskevi
131246860,1704505,pl,Agia Paraskevi
131247091,1704508,pl,Ayia Paraskevi
131247168,1704509,pl,Agia Paraskevi Tithoreas
131247245,1704510,pl,Ajia Paraskiewi
131247399,1704512,pl,Ajia Paraskiewi
131247476,1704513,pl,Ayia Paraskevi
131247553,1704514,pl,Agia Paraskevi Rethymnis
131247630,1704515,pl,Ayia Paraskevi
131247707,1704516,pl,Ajia Paraskiewi
131247861,1704518,pl,Agiannakis
131247938,1704519,pl,Agia Mavra
131248169,1704522,pl,Agia Marina
131248246,1704523,pl,Agia Marina
131248400,1704525,pl,Ayia Marina
131248477,1704526,pl,Agia Marina
131248631,1704528,pl,Agia Marina
131248708,1704529,pl,Ayia Marina
131248785,1704530,pl,Agia Marina
131248939,1704532,pl,Agia Marina
131249016,1704533,pl,Agia Marina
131249170,1704535,pl,Agia Kyriaki
131249247,1704536,pl,Agia Kyriaki
131249324,1704537,pl,Agia Kyriaki
131249401,1704538,pl,Agia Kyriaki
131249555,1704540,pl,Agia Kyriaki
131249632,1704541,pl,Agia Kyriaki
131249709,1704542,pl,Ayia Kiriaki
131249786,1704543,pl,Agia Kyriaki
131249940,1704545,pl,Agia Eirini
131250017,1704546,pl,Ayia Irini
131250094,1704547,pl,Agia Eirini
131250171,1704548,pl,Agia Irini
131250248,1704549,pl,Ayiai Paraskiai
131250325,1704550,pl,Agia Galini
131250402,1704551,pl,Agia Fotia
131250479,1704552,pl,Agia Fotia Ierapetras
131250556,1704553,pl,Agia Efthymia
131250633,1704554,pl,Agia Effimia
131250787,1704556,pl,Agia Eleni Troizinos
131250864,1704557,pl,Agia Anna
131251018,1704559,pl,Agia Anna
131251095,1704560,pl,Agia Anastasia
131251326,1704563,pl,Agia
131251403,1704564,pl,Aja
131251557,1704566,pl,Agia Chanion
131251634,1704567,pl,Agia
131251788,1704569,pl,Axos
131251865,1704570,pl,Avyion
131251942,1704571,pl,Avgi
131252019,1704572,pl,Avgeraiika
131252096,1704573,pl,Awieniki
131252173,1704574,pl,Avramio
131252250,1704575,pl,Kipaki
131252327,1704576,pl,Awrakondes
131252404,1704577,pl,Avra
131252481,1704578,pl,Avoros
131252558,1704579,pl,Avlotopos
131252635,1704580,pl,Avlonarion
131252789,1704582,pl,Avlona
131252866,1704583,pl,Avlon
131252943,1704584,pl,Avli
131253020,1704585,pl,Avlemonas
131253097,1704586,pl,Avlaki
131253174,1704587,pl,Avlakion
131253328,1704589,pl,Pserimos
131253405,1704590,pl,Avia
131253559,1704592,pl,Avgo
131253636,1704593,pl,Avgaria
131253944,1704597,pl,Avdou
131254021,1704598,pl,Avdhellas
131254098,1704599,pl,Avdella
131254175,1704600,pl,Avarikos
131254252,1704601,pl,Attali
131254329,1704602,pl,Atsoupades
131254406,1704603,pl,Atsipopoulo
131254560,1704605,pl,Atsipades
131254637,1704606,pl,Atzimpraga
131254714,1704607,pl,Atsiki
131254791,1704608,pl,Athinaio
131254868,1704609,pl,Ateny
131254945,1704610,pl,Athikia
131255022,1704611,pl,Atheras
131255176,1704613,pl,Athanion
131255253,1704614,pl,Athanatoi
131255330,1704615,pl,Athamanio
131255484,1704617,pl,Atalanti
131255561,1704618,pl,Asvestochori
131255638,1704619,pl,Asvesion
131255715,1704620,pl,Astros
131255792,1704621,pl,Astritsion
131255869,1704622,pl,Astritsa
131255946,1704623,pl,Astrikas
131256100,1704625,pl,Astras
131256177,1704626,pl,Astrakoi
131256254,1704627,pl,Astirakion
131256331,1704628,pl,Astipalea
131256485,1704630,pl,Asteri
131256639,1704632,pl,Asterion
131256793,1704634,pl,Astakos
131256870,1704635,pl,Assos
131256947,1704636,pl,Assos
131257024,1704637,pl,Asprogeia
131257101,1704638,pl,Asprogerakata
131257255,1704640,pl,Kato Elati
131257332,1704641,pl,Asproulianoi
131257563,1704644,pl,Aspropoulia
131257640,1704645,pl,Aspropyrgos
131257717,1704646,pl,Aspropirgos
131257871,1704648,pl,Asprokklisia
131258025,1704650,pl,Asprochorion
131258102,1704651,pl,Asprochoma
131258256,1704653,pl,Asprokampos
131258333,1704654,pl,Asprokampos
131258410,1704655,pl,Aspria
131258487,1704656,pl,Aspra Spitia
131258564,1704657,pl,Asprangeloi
131258718,1704659,pl,Asos
131258795,1704660,pl,Asopos
131258872,1704661,pl,Asopia
131258949,1704662,pl,Asomatos
131259103,1704664,pl,Asomatoi
131259180,1704665,pl,Asmini
131259257,1704666,pl,Askordalo
131259334,1704667,pl,Askoi
131259411,1704668,pl,Asklipieio
131259488,1704669,pl,Asini
131259642,1704671,pl,Asimokhorion
131259796,1704673,pl,Asimion
131259873,1704674,pl,Asi Gonia
131260027,1704676,pl,Asfendiou
131260104,1704677,pl,Asfendhilowie
131260181,1704678,pl,Asfaka
131260335,1704680,pl,Asea
131260412,1704681,pl,Arjitea
131260489,1704682,pl,Arjirupoli
131260566,1704683,pl,Arjirupoli
131260643,1704684,pl,Argyrotopos
131260720,1704685,pl,Argyropouli
131260797,1704686,pl,Argyro Pigadi
131260951,1704688,pl,Argyromylos
131261028,1704689,pl,Argyrochori
131261105,1704690,pl,Aryirokhorion
131261182,1704691,pl,Argyri
131261259,1704692,pl,Aryiria
131261413,1704694,pl,Argyra
131261644,1704697,pl,Aryilokhori
131261721,1704698,pl,Argennos
131261875,1704700,pl,Arwanitokhorion
131261952,1704701,pl,Arvanitis
131262029,1704702,pl,Arvanitakaiika
131262106,1704703,pl,Arvanitaiika
131262183,1704704,pl,Artotina
131262260,1704705,pl,Artissa
131262414,1704707,pl,Artesianon
131262491,1704708,pl,Artemon
131262568,1704709,pl,Artemisio
131262645,1704710,pl,Artemisia
131262722,1704711,pl,Arta
131262799,1704712,pl,Arsinoi
131262953,1704714,pl,Aroniadika
131263261,1704718,pl,Aroania
131263338,1704719,pl,Arnitha
131263415,1704720,pl,Arniko
131263492,1704721,pl,Arni
131263569,1704722,pl,Arnados
131263646,1704723,pl,Arna
131263723,1704724,pl,Armolia
131263800,1704725,pl,Armenochori
131263954,1704727,pl,Armenoi
131264031,1704728,pl,Armenoi
131264108,1704729,pl,Armenoi
131264185,1704730,pl,Armenistis
131264262,1704731,pl,Armenio
131264339,1704732,pl,Armenioi
131264570,1704735,pl,Armatoliko
131264647,1704736,pl,Armanogeia
131264724,1704737,pl,Armakha
131264801,1704738,pl,Arma
131264878,1704739,pl,Arla
131264955,1704740,pl,Ampelakia
131265032,1704741,pl,Arkitsa
131265109,1704742,pl,Archontochori
131265263,1704744,pl,Archontiko
131265340,1704745,pl,Archontiko
131265417,1704746,pl,Archontiki
131265648,1704749,pl,Arkhanion
131265725,1704750,pl,Archangelos
131265802,1704751,pl,Archangelos
131265879,1704752,pl,Archangelos
131265956,1704753,pl,Olimpia
131266033,1704754,pl,Archea Korintos
131266110,1704755,pl,Arkesini
131266264,1704757,pl,Arkasa
131266341,1704758,pl,Arkalochorion
131266418,1704759,pl,Arisvi
131266495,1704760,pl,Aristomenis
131266572,1704761,pl,Aristodimeio
131266649,1704762,pl,Aristi
131266726,1704763,pl,Aris
131266803,1704764,pl,Ariochori
131266880,1704765,pl,Arini
131266957,1704766,pl,Arillas
131267188,1704769,pl,Ariada
131267342,1704771,pl,Aria
131267419,1704772,pl,Argoulion
131267573,1704774,pl,Argoules
131267650,1704775,pl,Argostolion
131267727,1704776,pl,Argos
131267804,1704777,pl,Argoliko
131267958,1704779,pl,Argasi
131268035,1704780,pl,Argalasti
131268112,1704781,pl,Arfara
131268266,1704783,pl,Areti
131268343,1704784,pl,Areopoli
131268497,1704786,pl,Ardani
131268805,1704790,pl,Araxos
131269036,1704793,pl,Dimitra
131269190,1704795,pl,Arachovitika
131269267,1704796,pl,Rizo
131269344,1704797,pl,Arachova
131269421,1704798,pl,Arachova
131269498,1704799,pl,Krini
131269575,1704800,pl,Arachova
131269729,1704802,pl,Arakhnāion
131270037,1704806,pl,Aptera
131270114,1704807,pl,Ano Aprovatou
131270191,1704808,pl,Apothikes
131270268,1704809,pl,Apostolowie
131270422,1704811,pl,Apostolowie
131270499,1704812,pl,Apostolowie
131270576,1704813,pl,Apostolias
131270884,1704817,pl,Apomero
131270961,1704818,pl,Apomarma
131271038,1704819,pl,Apolpaina
131271115,1704820,pl,Apollonia
131271192,1704821,pl,Apollonia
131271269,1704822,pl,Apollona
131271346,1704823,pl,Apollon
131271500,1704825,pl,Apolakkia
131271577,1704826,pl,Apoini
131271654,1704827,pl,Apoikia
131271731,1704828,pl,Apodoulou
131271808,1704829,pl,Apladhiana
131271885,1704830,pl,Apidoula
131272039,1704832,pl,Apideon
131272116,1704833,pl,Apidia
131272193,1704834,pl,Apidia
131272270,1704835,pl,Apesokarion
131272347,1704836,pl,Aperi
131272424,1704837,pl,Apergatika
131272501,1704838,pl,Apirantos
131272655,1704840,pl,Anthrakia
131272732,1704841,pl,Llanitos A
131272809,1704842,pl,Llanitos A
131272886,1704843,pl,Llanitos A
131272963,1704844,pl,Anthoupoli
131273040,1704845,pl,Anthotopos
131273117,1704846,pl,Anthotopos
131273194,1704847,pl,Anthonas
131273271,1704848,pl,Anthochori
131273348,1704849,pl,Anthochori Dodonis
131273425,1704850,pl,Anthochori
131273733,1704854,pl,Antiro
131273810,1704855,pl,Anthili
131273887,1704856,pl,Antheia
131273964,1704857,pl,Agrilia
131274041,1704858,pl,Ano Ziria
131274195,1704860,pl,Ano Drosia
131274272,1704861,pl,Anogeio
131274349,1704862,pl,Anogeio
131274426,1704863,pl,Ano Giannaioi
131274503,1704864,pl,Anoyia
131274580,1704865,pl,Anogeia Rethymnis
131274657,1704866,pl,Anogia
131274811,1704868,pl,Ano Yerakarion
131274888,1704869,pl,Xechoro
131275196,1704873,pl,Ano Volos
131275273,1704874,pl,Ano Volimai
131275350,1704875,pl,Ano Vlochos
131275427,1704876,pl,Ano Vlasia
131275504,1704877,pl,Ano Viannos
131275581,1704878,pl,Velitsy
131275658,1704879,pl,Ano Vatheia
131275812,1704881,pl,Ano Vasiliki
131275889,1704882,pl,Ano Vasilika
131275966,1704883,pl,Ano Vardates
131276120,1704885,pl,Ano Valsamonero
131276274,1704887,pl,Ano Tripodo
131276428,1704889,pl,Ano Souli
131276582,1704891,pl,Ano Soudenaiika
131276659,1704892,pl,Ano Skotoussa
131276736,1704893,pl,Anoskeli
131276813,1704894,pl,Ano Skafidoti
131276890,1704895,pl,Ano Syros
131277044,1704897,pl,Ano Sfinari
131277198,1704899,pl,Ano Sankri
131277506,1704903,pl,Ano Ravenia
131277583,1704904,pl,Ano Rachi
131277737,1704906,pl,Ano Poulies
131277891,1704908,pl,Ano Potamia
131278045,1704910,pl,Ano Potamia
131278122,1704911,pl,Anopoli
131278199,1704912,pl,Anopolis
131278430,1704915,pl,Galini
131278507,1704916,pl,Ano Pitsa
131278661,1704918,pl,Ano Pedina
131278815,1704920,pl,Itamos
131278892,1704921,pl,Ano Paliokarya
131278969,1704922,pl,Pano Mousoura
131279046,1704923,pl,Athanasios Diakos
131279200,1704925,pl,Ano Moulia
131279354,1704927,pl,Anatoliki Militsa
131279508,1704929,pl,Ano Meros
131279662,1704931,pl,Ano Meria
131279739,1704932,pl,Ano Mera
131279816,1704933,pl,Ano Melpia
131280278,1704939,pl,Ano Malaki
131280432,1704941,pl,Ano Lousoi
131280509,1704942,pl,Ano Liosia
131280586,1704943,pl,Ano Lechonia
131280663,1704944,pl,Ano Lapsista
131280740,1704945,pl,Ano Kremmidhia
131280817,1704946,pl,Ano Kourounion
131280971,1704948,pl,Ano Kotsanopoulo
131281048,1704949,pl,Kopanaki
131281125,1704950,pl,Ano Kleitoria
131281279,1704952,pl,Anochori
131281356,1704953,pl,Ano Khora
131281433,1704954,pl,Ano Chalasmata
131281510,1704955,pl,Ano Kerasovo
131281741,1704958,pl,Ano Kastritsion
131281818,1704959,pl,Ano Kastelliana
131281895,1704960,pl,Ano Kastania
131282126,1704963,pl,Ano Karyes
131282280,1704965,pl,Ano Kalo Nero
131282357,1704966,pl,Ano Kallithea
131282434,1704967,pl,Ano Kalyvia
131282511,1704968,pl,Ano Kalivia
131282665,1704970,pl,Ano Kalesia
131282742,1704971,pl,Ano Kalentini
131282819,1704972,pl,Anoixi
131282896,1704973,pl,Anoixiatiko
131282973,1704974,pl,Ano Graikiko
131283127,1704976,pl,Ano Gavrio
131283281,1704978,pl,Ano Gatzea
131283512,1704981,pl,Ano Fanari
131283589,1704982,pl,Exantheia
131283743,1704984,pl,Ano Esochoria
131284051,1704988,pl,Ano Dori
131284128,1704989,pl,Ano Doloi
131284205,1704990,pl,Doliana
131284282,1704991,pl,Ano Diakopto
131284359,1704992,pl,Ano Damasta
131284436,1704993,pl,Ano Bralos
131284513,1704994,pl,Ano Boularioi
131284590,1704995,pl,Ano Agios Vlasios
131284667,1704996,pl,Ano Asitai
131284898,1704999,pl,Ano Amfeia
131285129,1705002,pl,Ano Achaia
131285206,1705003,pl,Ano Aigialos
131285283,1705004,pl,Ano Agoriani
131285437,1705006,pl,Ano Aetos
131285514,1705007,pl,Sykoula
131285745,1705010,pl,Anisaraki
131285899,1705012,pl,Anilio
131285976,1705013,pl,Anilio
131286053,1705014,pl,Anilio
131286207,1705016,pl,Animacja
131286284,1705017,pl,Anidhron
131286438,1705019,pl,Anidhroi
131286515,1705020,pl,Aniada
131286669,1705022,pl,Angon
131286746,1705023,pl,Megalochori
131286823,1705024,pl,Zangelan-e Pa'in
131286900,1705025,pl,Agkidia
131287131,1705028,pl,Angelokastro
131287208,1705029,pl,Angelokastro
131287285,1705030,pl,Angeliana
131287362,1705031,pl,Angathias
131287439,1705032,pl,Angariones
131287593,1705034,pl,Agkairia
131287670,1705035,pl,Aneza
131287901,1705038,pl,Anemotia
131287978,1705039,pl,Anemorrachi
131288055,1705040,pl,Anemomylos
131288132,1705041,pl,Anemochori
131288286,1705043,pl,Androusa
131288363,1705044,pl,Jednostka regionalna Andros
131288440,1705045,pl,Antroni
131288517,1705046,pl,Andronianoi
131288671,1705048,pl,Andritsaina
131288902,1705051,pl,Theodoraiika
131288979,1705052,pl,Andravida
131289210,1705055,pl,Antissa
131289287,1705056,pl,Andiskario
131289364,1705057,pl,Antirio
131289441,1705058,pl,Antipaxos
131289518,1705059,pl,Antipata
131289595,1705060,pl,Antipata
131289672,1705061,pl,Andiparos
131289749,1705062,pl,Andimachia
131289826,1705063,pl,Vanike Tarar
131289903,1705064,pl,Antikalamos
131289980,1705065,pl,Antias
131290057,1705066,pl,Andania
131290211,1705068,pl,Anavryto
131290288,1705069,pl,Anavriti
131290442,1705071,pl,Anavra
131290519,1705072,pl,Anavra
131290596,1705073,pl,Anavra
131290673,1705074,pl,Anavra
131290750,1705075,pl,Anavyssos
131290981,1705078,pl,Anatoliki Frankista
131291135,1705080,pl,Anatoli
131291212,1705081,pl,Anatoli
131291289,1705082,pl,Anatoli
131291366,1705083,pl,Anatoli
131291520,1705085,pl,Anastasi
131291597,1705086,pl,Anargyroi
131291674,1705087,pl,Analipsi
131291751,1705088,pl,Analipsi
131291828,1705089,pl,Analipsi
131291905,1705090,pl,Analipsi
131291982,1705091,pl,Paralia Milatou
131292136,1705093,pl,Anafonitria
131292213,1705094,pl,Anafi
131292290,1705095,pl,Amvrakia
131292367,1705096,pl,Amourgelles
131292444,1705097,pl,Amouri
131292521,1705098,pl,Amouri
131292598,1705099,pl,Amorgianoi
131292675,1705100,pl,Amorgos
131292752,1705101,pl,Amonaklios
131292829,1705102,pl,Ammolochos
131292906,1705103,pl,Amnatos
131292983,1705104,pl,`Amudiyah
131293060,1705105,pl,Ammoudia
131293214,1705107,pl,Ammoudari
131293291,1705108,pl,Ammoudares
131293368,1705109,pl,Ammotopos
131293522,1705111,pl,Ammos
131293599,1705112,pl,Amiras
131293676,1705113,pl,Amyklaj
131293907,1705116,pl,Amigdhalitsa
131294061,1705118,pl,Amygdali
131294138,1705119,pl,Amygdali
131294215,1705120,pl,Amigdhaleai
131294292,1705121,pl,Najd al `Iraqi
131294369,1705122,pl,Kallithea
131294446,1705123,pl,Najd al `Iraqi
131294600,1705125,pl,Najd al `Iraqi
131294754,1705127,pl,Mygdalia
131294831,1705128,pl,Najd al `Iraqi
131295062,1705131,pl,Amfisa
131295139,1705132,pl,Amfilochia
131295216,1705133,pl,Al Miklahiyah
131295293,1705134,pl,Amfia
131295447,1705136,pl,Ampelouzos
131295524,1705137,pl,Ampelos
131295601,1705138,pl,Ambelos
131295755,1705140,pl,Ampelon
131295832,1705141,pl,Ampelony
131295909,1705142,pl,Ampelokipoi
131295986,1705143,pl,Ampelokipoi
131296140,1705145,pl,Ampelochori
131296217,1705146,pl,Ampelochori
131296294,1705147,pl,Ampelochori
131296371,1705148,pl,Ambelokambos
131296448,1705149,pl,Ampelofyto
131296679,1705152,pl,Ampeliko
131296756,1705153,pl,Ampeliko
131296833,1705154,pl,Ampelia
131296910,1705155,pl,Ampeleia
131296987,1705156,pl,Ampelia
131297064,1705157,pl,Ampelia
131297141,1705158,pl,Ampelia
131297218,1705159,pl,Ambelia
131297295,1705160,pl,Ambelia
131297449,1705162,pl,Ampelia
131297680,1705165,pl,Ambelakiotissa
131297757,1705166,pl,Ampelaki
131297911,1705168,pl,Ampelaki
131297988,1705169,pl,Ampelakia
131298065,1705170,pl,Ampelakia
131298142,1705171,pl,Ampari
131298219,1705172,pl,Marusi
131298296,1705173,pl,Amarynthos
131298373,1705174,pl,Amariano
131298450,1705175,pl,Amarantos
131298527,1705176,pl,Amalo
131298604,1705177,pl,Amalota
131298681,1705178,pl,Amaliada
131298758,1705179,pl,Amaliapoli
131298835,1705180,pl,Amades
131298989,1705182,pl,Alsos
131299066,1705183,pl,Alpochori
131299220,1705185,pl,Alonisos
131299297,1705186,pl,Alonistaina
131299528,1705189,pl,Alonia
131299605,1705190,pl,Pallone
131299682,1705191,pl,Alonaki
131299990,1705195,pl,Aloides
131300067,1705196,pl,Almyros
131300144,1705197,pl,Almyropotamos
131300298,1705199,pl,Almirida
131300375,1705200,pl,Alli Meria
131300529,1705202,pl,Aliweri
131300606,1705203,pl,Alithini
131300683,1705204,pl,Alissos
131300837,1705206,pl,Alinda
131301068,1705209,pl,Alikianos
131301222,1705211,pl,Kalkim
131301376,1705213,pl,Alikambos
131301453,1705214,pl,Alika
131301530,1705215,pl,Alifeira
131301607,1705216,pl,Alyfanta
131301684,1705217,pl,Aliartos
131301761,1705218,pl,Alfeiousa
131301915,1705220,pl,Alfa
131302223,1705224,pl,Alevrou
131302300,1705225,pl,Alevrada
131302531,1705228,pl,Alestia
131302762,1705231,pl,Alepochori Botsari
131302916,1705233,pl,Alepochori
131302993,1705234,pl,Alepochori
131303070,1705235,pl,Alepochori
131303147,1705236,pl,Alea
131303224,1705237,pl,Tegea
131303378,1705239,pl,Alamannos
131303455,1705240,pl,Alamania
131303532,1705241,pl,Alalkomeny
131303609,1705242,pl,Allagi
131303686,1705243,pl,Alagonia
131303763,1705244,pl,Alagnion
131303840,1705245,pl,Aladino
131303917,1705246,pl,Aktounta
131303994,1705247,pl,Aktaio
131304225,1705250,pl,Akrotiri
131304302,1705251,pl,Akropotamia
131304379,1705252,pl,Akritochori
131304533,1705254,pl,Akri
131304610,1705255,pl,Akrata
131304687,1705256,pl,Akrasion
131304764,1705257,pl,Akraifnia
131304995,1705260,pl,Akovos
131305072,1705261,pl,Akovitika
131305149,1705262,pl,Akova
131305226,1705263,pl,Akoumia
131305303,1705264,pl,Akontio
131305611,1705268,pl,Achladochori
131305688,1705269,pl,Akhladhokhorion
131305765,1705270,pl,Achladokastro
131305842,1705271,pl,Achladokambos Argolidas
131305919,1705272,pl,Achladokampos
131305996,1705273,pl,Achladi
131306073,1705274,pl,Achladhion
131306150,1705275,pl,Achladini
131306304,1705277,pl,Achladia
131306381,1705278,pl,Achlades
131306458,1705279,pl,Akhladheri
131306612,1705281,pl,Achladia
131306689,1705282,pl,Achladhea
131306766,1705283,pl,Achladhea
131306920,1705285,pl,Achladaki
131307074,1705287,pl,Achlada
131307151,1705288,pl,Achinos
131307228,1705289,pl,Achilleio
131307305,1705290,pl,Achilleio
131307382,1705291,pl,Akhillio
131307536,1705293,pl,Acherousia
131307613,1705294,pl,Akhendrius
131307690,1705295,pl,Achelinada
131307844,1705297,pl,Acharnes
131307921,1705298,pl,Achaiko
131308075,1705300,pl,Aiyira
131308152,1705301,pl,Ejo
131308229,1705302,pl,Egina
131308306,1705303,pl,Aigiali
131308383,1705304,pl,Aiyai
131308460,1705305,pl,Etoliko
131308537,1705306,pl,Aithaia
131308614,1705307,pl,Aitania
131308845,1705310,pl,Aipeia
131308922,1705311,pl,Aipatia
131308999,1705312,pl,Aimonas
131309076,1705313,pl,Aimilianos
131309230,1705315,pl,Ajgostena
131309307,1705316,pl,Aigani
131309384,1705317,pl,Egaleo
131309461,1705318,pl,Aidonochori
131309538,1705319,pl,Aidhonokhorion
131309692,1705321,pl,Aidoni
131309769,1705322,pl,Aidonia
131309846,1705323,pl,Aidonia
131309923,1705324,pl,Aidonia
131310000,1705325,pl,Aidona
131310077,1705326,pl,Aidipsos
131310154,1705327,pl,Aidhinion
131310231,1705328,pl,Aianteio
131310308,1705329,pl,Chara
131310385,1705330,pl,Agros
131310462,1705331,pl,Agriovotano
131310616,1705333,pl,Agrinio
131310693,1705334,pl,Agrilovouno
131310847,1705336,pl,Agrilos
131310924,1705337,pl,Agrilos
131311155,1705340,pl,Agrilia
131311232,1705341,pl,Agrilia
131311386,1705343,pl,Agrilia
131311771,1705348,pl,Agridi
131311925,1705350,pl,Agridi
131312002,1705351,pl,Agridia
131312156,1705353,pl,Agrianoi
131312233,1705354,pl,Agriana
131312387,1705356,pl,Agria
131312464,1705357,pl,Agrelia
131312618,1705359,pl,Agrapidochori
131312772,1705361,pl,Agrapidia
131312849,1705362,pl,Agrambela
131312926,1705363,pl,Agrampela
131313003,1705364,pl,Agrampela
131313080,1705365,pl,Agrafa
131313157,1705366,pl,Agra
131313234,1705367,pl,Anoja
131313311,1705368,pl,Agoriani
131313388,1705369,pl,Agora
131313619,1705372,pl,Agnantia
131313696,1705373,pl,Agnandi
131313773,1705374,pl,Agnanteron
131313850,1705375,pl,Agnanteri
131313927,1705376,pl,Agnanta
131314004,1705377,pl,Agnanta
131314081,1705378,pl,Perivoli
131314158,1705379,pl,Agdines
131314312,1705381,pl,Agapi
131314620,1705385,pl,Agaliani
131314697,1705386,pl,Agalas
131314928,1705389,pl,Afroxylia
131315082,1705391,pl,Afration
131315159,1705392,pl,Afration
131315236,1705393,pl,Afrata
131315313,1705394,pl,Afyssos
131315390,1705395,pl,Afisio
131315467,1705396,pl,Afidnes
131315544,1705397,pl,Afetes
131315621,1705398,pl,Aetos
131315698,1705399,pl,Aetos
131315775,1705400,pl,Aetos
131315852,1705401,pl,Aetos
131315929,1705402,pl,Aetos
131316006,1705403,pl,Aetorachi
131316083,1705404,pl,Aetorachi
131316160,1705405,pl,Aetorrachi
131316391,1705408,pl,Aetolofos
131316545,1705410,pl,Aetofolia
131316622,1705411,pl,Aetofolia
131316776,1705413,pl,Aerino
131316930,1705415,pl,Adriani
131317238,1705419,pl,Adele
131317315,1705420,pl,Adami
131317392,1705421,pl,Adamas
131317469,1705422,pl,Pagania
131317623,1705424,pl,Rodos
131317700,1705425,pl,Amari
131317777,1705426,pl,Kremasti
131317854,1705427,pl,Afandu
131317931,1705428,pl,Archangelos
131318008,1705429,pl,Lindos
131318085,1705430,pl,Lardos
131318393,1705434,pl,Skala Neon Kydonion
131318624,1705437,pl,Neochorion
131318701,1705438,pl,Afalonas
131318855,1705440,pl,Arapis
131318932,1705441,pl,Poseidonio
131319009,1705442,pl,Klima
131319163,1705444,pl,Herajon na Samos
131319240,1705445,pl,Potokaki
131319317,1705446,pl,Myltsi
131319471,1705448,pl,Spatharaioi
131319625,1705450,pl,Neochori
131319702,1705451,pl,Platanos
131319779,1705452,pl,Ormos Marathokampou
131319933,1705454,pl,Drakaioi
131320010,1705455,pl,Kontakaiika
131320087,1705456,pl,Kontaiika
131320241,1705458,pl,Mesogeio
131320395,1705460,pl,Agia Kyriaki
131320472,1705461,pl,Kosmadaioi
131320626,1705463,pl,Kastanea
131320857,1705466,pl,Leka
131320934,1705467,pl,Kampos Marathokampou
131321165,1705470,pl,Agioi Theodoroi
131321319,1705472,pl,Agios Ilias
131321396,1705473,pl,Vryses
131321550,1705475,pl,Ajos Dimitrios
131321858,1705479,pl,Livadaki
131321935,1705480,pl,Ampelos
131322166,1705483,pl,Manolates
131322243,1705484,pl,Pandroso
131322320,1705485,pl,Koumaradaioi
131322397,1705486,pl,Kampos Vourlioton
131322474,1705487,pl,Mavratzaioi
131322551,1705488,pl,Zervou
131322705,1705490,pl,Kamara Vatheos
131322782,1705491,pl,Agia Zoni
131322859,1705492,pl,Mesokampos
131323013,1705494,pl,Kedro
131323167,1705496,pl,Neo Bizani
131323244,1705497,pl,Agios Georgios Dolianon
131323398,1705499,pl,Vlychadia
131323475,1705500,pl,Kamari
131323552,1705501,pl,Kampos
131323706,1705503,pl,Agios Fokas
131323937,1705506,pl,Kaka Pinari
131324091,1705508,pl,Lagoudi Zia
131324168,1705509,pl,Asomatos
131324476,1705513,pl,Zipari
131324553,1705514,pl,Linopotis
131324707,1705516,pl,Dotia
131324784,1705517,pl,Komi
131325092,1705521,pl,Myrmigki
131325169,1705522,pl,Agios Aimilianos
131325246,1705523,pl,Paralia Agias Foteinis
131325323,1705524,pl,Agia Ermioni
131325477,1705526,pl,Karfas
131325554,1705527,pl,Sklavia
131325862,1705531,pl,Limenas
131326247,1705536,pl,Skariotis
131326401,1705538,pl,Pantoukios
131326555,1705540,pl,Agrelopo Lagkadas
131326863,1705544,pl,Psaros
131326940,1705545,pl,Kosmados
131327325,1705550,pl,Nea Potamia
131327479,1705552,pl,Fyta
131327864,1705557,pl,Nea Mesankala
131327941,1705558,pl,Kato Aigani
131328095,1705560,pl,Neoi Poroi
131328172,1705561,pl,La Florida
131328326,1705563,pl,Diasella
131328403,1705564,pl,Agios Atanasios
131328480,1705565,pl,Panagia
131328557,1705566,pl,Perdikorrachi
131328634,1705567,pl,Pournari
131328711,1705568,pl,Ajos Dimitrios
131328788,1705569,pl,Aji Anarjiri
131328865,1705570,pl,Ano Agioi Anargyroi
131328942,1705571,pl,Amfithea
131329019,1705572,pl,El Carrizo
131329096,1705573,pl,Kedros
131329173,1705574,pl,Selina
131329250,1705575,pl,Synoikismos Loutrotopou
131329327,1705576,pl,Neos Synoikismos
131329404,1705577,pl,Elaiochori
131329558,1705579,pl,Potamia
131329712,1705581,pl,Noules
131329866,1705583,pl,Krya Vrysi
131330174,1705587,pl,Vrysoula
131330482,1705591,pl,Agios Vlasios
131330944,1705597,pl,Kastraki
131331098,1705599,pl,Kondylaiika
131331483,1705604,pl,Papostoli
131331637,1705606,pl,Paleomilos
131332253,1705614,pl,Kefalovryso
131332407,1705616,pl,Longitsi
131332715,1705620,pl,Koutsouro
131332792,1705621,pl,Zogri
131333023,1705624,pl,Liwadia
131333100,1705625,pl,Kompelos
131333177,1705626,pl,Paragogiko
131333254,1705627,pl,Ajos Nikolaos
131333947,1705636,pl,Dafni
131334178,1705639,pl,Lefka
131334640,1705645,pl,Goutra
131334794,1705647,pl,Soula
131334948,1705649,pl,Polydroson
131335410,1705655,pl,Bournias
131335795,1705660,pl,Itia
131336026,1705663,pl,Kastanies
131336103,1705664,pl,Platanos
131336180,1705665,pl,Agios Vlasios
131336642,1705671,pl,Ampelia
131336719,1705672,pl,Omali
131337027,1705676,pl,Gonia
131337181,1705678,pl,Kato Athamanio
131337258,1705679,pl,Thanasia
131337643,1705684,pl,Mistra
131337720,1705685,pl,Agios Minas
131338721,1705698,pl,Mourgkani
131338952,1705701,pl,Trifylia
131339029,1705702,pl,Pandocheia
131339183,1705704,pl,Agia Paraskevi
131339260,1705705,pl,Ouranos
131339645,1705710,pl,Mikro Flamouli
131339876,1705713,pl,Sitsaina
131339953,1705714,pl,Agioi Theodoroi
131340184,1705717,pl,Platanos
131340492,1705721,pl,Mazi
131340569,1705722,pl,Kato Myrsini
131340646,1705723,pl,Neos Oropos
131340723,1705724,pl,Chochla
131340877,1705726,pl,Thanasaíïka
131340954,1705727,pl,Marathovouni
131341031,1705728,pl,Skamnia
131341416,1705733,pl,Kakovatos
131341493,1705734,pl,Vathypedo
131341570,1705735,pl,Ajos Nikolaos
131341647,1705736,pl,Iliovouni
131341801,1705738,pl,Anogeiata
131341878,1705739,pl,Galini
131342032,1705741,pl,Platania
131342417,1705746,pl,Agia Faneromeni
131342494,1705747,pl,Xirokampos
131343264,1705757,pl,Kalentzi
131343418,1705759,pl,Agios Georgios Monolithiou
131343572,1705761,pl,Sideraioi
131343726,1705763,pl,Tazraj
131343880,1705765,pl,Święty Jerzy
131343957,1705766,pl,Monodendro
131344188,1705769,pl,Petriti
131344265,1705770,pl,Notos
131344419,1705772,pl,Zouzouli
131344496,1705773,pl,Zoni
131344573,1705774,pl,Zoni
131344650,1705775,pl,Zografos
131344804,1705777,pl,Zygos
131344958,1705779,pl,Zevgolatio
131345035,1705780,pl,Zervochori
131345112,1705781,pl,Zervi
131345189,1705782,pl,Zarkadia
131345266,1705783,pl,Zankliveri
131345343,1705784,pl,Zacharato
131345420,1705785,pl,Ziakas
131345651,1705788,pl,Gypsochori
131345728,1705789,pl,Akrolimni
131345805,1705790,pl,Giatrades
131345882,1705791,pl,Giannouli
131345959,1705792,pl,Janitsa
131346036,1705793,pl,Giannakochori
131346113,1705794,pl,Geroplatanos
131346190,1705795,pl,Gerontas
131346267,1705796,pl,Germas
131346344,1705797,pl,Gerania
131346421,1705798,pl,Gerakonas
131346729,1705802,pl,Gerakarou
131346806,1705803,pl,Gerakari
131346883,1705804,pl,Georgianoi
131346960,1705805,pl,Georgiani
131347037,1705806,pl,Genisea
131347114,1705807,pl,Gemisti
131347191,1705808,pl,Gefyroudi
131347268,1705809,pl,Gefyra
131347345,1705810,pl,Xirovrysi
131347422,1705811,pl,Xirotopos
131347576,1705813,pl,Xiropotamos
131347653,1705814,pl,Xiropotamos
131347807,1705816,pl,Xiropotamo
131347884,1705817,pl,Xirolivado
131347961,1705818,pl,Xirolimni
131348038,1705819,pl,Xirolakkos
131348115,1705820,pl,Xirochori
131348192,1705821,pl,Xino Nero
131348269,1705822,pl,Xilopolis
131348346,1705823,pl,Xylokeratea
131348423,1705824,pl,Xylagani
131348500,1705825,pl,Xechasmeni
131348654,1705827,pl,Ksanti
131348731,1705828,pl,Xagnanto
131348808,1705829,pl,Vrontou
131348885,1705830,pl,Vronti
131348962,1705831,pl,Vrontero
131349116,1705833,pl,Vryta
131349193,1705834,pl,Vrysoula
131349270,1705835,pl,Hryszkiwka
131349347,1705836,pl,Vrysi
131349424,1705837,pl,Vrysaki
131349501,1705838,pl,Vria
131349578,1705839,pl,Vragia
131349655,1705840,pl,Vrastama
131349732,1705841,pl,Vrasna
131349886,1705843,pl,Vrachia
131349963,1705844,pl,Vourmpiani
131350117,1705846,pl,Vounochori
131350194,1705847,pl,Votani
131350271,1705848,pl,Voskochori
131350348,1705849,pl,Voreino
131350425,1705850,pl,Volakas
131350579,1705852,pl,Vogatsiko
131350656,1705853,pl,Vlasti
131350733,1705854,pl,Vythos
131350810,1705855,pl,Krinida
131350887,1705856,pl,Vyssinia
131350964,1705857,pl,Vyrsini
131351041,1705858,pl,Vyroneia
131351118,1705859,pl,Vevi
131351195,1705860,pl,Wergina
131351272,1705861,pl,Vergi
131351349,1705862,pl,Vertiskos
131351426,1705863,pl,Weria
131351503,1705864,pl,Verga
131351580,1705865,pl,Venna
131351657,1705866,pl,Velventos
131351811,1705868,pl,Velochori
131351888,1705869,pl,Velkio
131351965,1705870,pl,Velanidia
131352042,1705871,pl,Vegora
131352119,1705872,pl,Vavdos
131352196,1705873,pl,Vatopedio
131352273,1705874,pl,Vatolakkos
131352504,1705877,pl,Vathytopos
131352581,1705878,pl,Vathyspilo
131352658,1705879,pl,Vathylakkos
131352735,1705880,pl,Vathylakkos
131352812,1705881,pl,Vathylakkos
131352889,1705882,pl,Vathychori
131352966,1705883,pl,Vathi
131353043,1705884,pl,Vatero
131353120,1705885,pl,Wasiludiego
131353197,1705886,pl,Vasiliko
131353274,1705887,pl,Vasilika
131353351,1705888,pl,Vasileiada
131353428,1705889,pl,Warwara
131353582,1705891,pl,Variko
131353659,1705892,pl,Variko
131353736,1705893,pl,Vaptistis
131353813,1705894,pl,Vaniano
131353890,1705895,pl,Vamvakoussa
131353967,1705896,pl,Vamvakofyto
131354044,1705897,pl,Vamvakia
131354121,1705898,pl,Vamvakia
131354275,1705900,pl,Valtotopi
131354352,1705901,pl,Valtotopi
131354429,1705902,pl,Valtos
131354506,1705903,pl,Valtonera
131354583,1705904,pl,Valtochori
131354737,1705906,pl,Valtero
131354891,1705908,pl,Vakos
131354968,1705909,pl,Vaiokhorion
131355045,1705910,pl,Vafiochori
131355122,1705911,pl,Vafaiika
131355199,1705912,pl,Tsotili
131355353,1705914,pl,Tsapournia
131355507,1705916,pl,Tsakoni
131355584,1705917,pl,Tsakoi
131355738,1705919,pl,Tropaiouchos
131355892,1705921,pl,Tripotamos
131355969,1705922,pl,Tripotamos
131356046,1705923,pl,Tripotamos
131356123,1705924,pl,Trilofos
131356200,1705925,pl,Trilofo
131356277,1705926,pl,Trilofos
131356431,1705928,pl,Trilofia
131356508,1705929,pl,Trikala
131356662,1705931,pl,Trigoniko
131356739,1705932,pl,Trifylli
131356816,1705933,pl,Triada
131356893,1705934,pl,Triantafyllia
131356970,1705935,pl,Triandafillia
131357047,1705936,pl,Triadion
131357124,1705937,pl,Triada
131357201,1705938,pl,Tragilos
131357278,1705939,pl,Trapezitsa
131357432,1705941,pl,Tranovalto
131357740,1705945,pl,Toxotes
131357817,1705946,pl,Toumpa
131357894,1705947,pl,Toumpa
131358048,1705949,pl,Toichio
131358279,1705952,pl,Teichos
131358356,1705953,pl,Tychiro
131358433,1705954,pl,Tycheron
131358510,1705955,pl,Thrylorio
131358587,1705956,pl,Thourio
131358741,1705958,pl,Tholos
131358895,1705960,pl,Thiriopetra
131358972,1705961,pl,Thyrea
131359049,1705962,pl,Thymaria
131359126,1705963,pl,Thymaria
131359203,1705964,pl,Saloniki
131359280,1705965,pl,Thermopigi
131359357,1705966,pl,Termi
131359434,1705967,pl,Thermes
131359511,1705968,pl,Therma
131359588,1705969,pl,Therapeio
131359742,1705971,pl,Matka Boża
131359819,1705972,pl,Theologos
131359896,1705973,pl,Theodosia
131359973,1705974,pl,Theodoreio
131360050,1705975,pl,Theodorakeio
131360127,1705976,pl,Tasos
131360281,1705978,pl,Thamna
131360358,1705979,pl,Thalassia
131360435,1705980,pl,Tetralofo
131360512,1705981,pl,Terpsithea
131360589,1705982,pl,Terpni
131360666,1705983,pl,Terpyllos
131360743,1705984,pl,Temenos
131360897,1705986,pl,Taxiarchis
131360974,1705987,pl,Taxiarchis
131361051,1705988,pl,Taxiarches
131361128,1705989,pl,Tavri
131361282,1705991,pl,Tagarochori
131361359,1705992,pl,Tagarades
131361436,1705993,pl,Svoronos
131361513,1705994,pl,Strofi
131361590,1705995,pl,Strymonochori
131361667,1705996,pl,Strymoniko
131361744,1705997,pl,Strymi
131361821,1705998,pl,Stratonion
131361898,1705999,pl,Stratoniki
131361975,1706000,pl,Stivos
131362052,1706001,pl,Stylari
131362129,1706002,pl,Sterna
131362360,1706005,pl,Stenimachos
131362591,1706008,pl,Stefanina
131362668,1706009,pl,Stefania
131362745,1706010,pl,Stagira
131362822,1706011,pl,Stavroupoli
131362899,1706012,pl,Stawrupoli
131363130,1706015,pl,Stavros
131363207,1706016,pl,Stavros
131363284,1706017,pl,Stavropotamos
131363438,1706019,pl,Stavrochori
131363515,1706020,pl,Stawrodromi
131363592,1706021,pl,Stawrodromi
131363669,1706022,pl,Stawrodromi
131363746,1706023,pl,Stathis
131363823,1706024,pl,Stanos
131363900,1706025,pl,Spilia
131363977,1706026,pl,Spilaio
131364131,1706028,pl,Sparto
131364208,1706029,pl,Sparmos
131364362,1706031,pl,Sozopoli
131364439,1706032,pl,Souroti
131364516,1706033,pl,Soultogiannaiika
131364593,1706034,pl,Sufli
131364670,1706035,pl,Sotira
131364824,1706037,pl,Sotiras
131364901,1706038,pl,Sostis
131364978,1706039,pl,Sosandra
131365055,1706040,pl,Sochos
131365209,1706042,pl,Smixi
131365286,1706043,pl,Sminthi
131365363,1706044,pl,Smigada
131365440,1706045,pl,Skra
131365517,1706046,pl,Skoutari
131365671,1706048,pl,Agia Kyriaki
131365748,1706049,pl,Skotoussa
131365825,1706050,pl,Skotina
131366056,1706053,pl,Skopos
131366133,1706054,pl,Skopia
131366210,1706055,pl,Skopia
131366287,1706056,pl,Sklithro
131366364,1706057,pl,Skiti
131366441,1706058,pl,Skidra
131366518,1706059,pl,Skiada
131366595,1706060,pl,Scholarion
131366672,1706061,pl,Neo Sidirochori
131366749,1706062,pl,Sinch'on-up
131366903,1706064,pl,Skepasto
131366980,1706065,pl,Skaloti
131367057,1706066,pl,Skaloma
131367134,1706067,pl,Skalochori
131367365,1706070,pl,Skala Sotiros
131367442,1706071,pl,Skala Skotinas
131367519,1706072,pl,Skala Rachoniou
131367596,1706073,pl,Skala Marion
131367750,1706075,pl,Leptokaria
131367827,1706076,pl,Skala Korinou
131367904,1706077,pl,Olimbiaki Akti
131367981,1706078,pl,Skala Kallirachis
131368135,1706080,pl,Siviri
131368212,1706081,pl,Sitochori
131368289,1706082,pl,Sitochori
131368366,1706083,pl,Sitaria
131368443,1706084,pl,Sitaria
131368520,1706085,pl,Sitaria
131368597,1706086,pl,Sitagroi
131368674,1706087,pl,Sisani
131368751,1706088,pl,Sisamia
131368828,1706089,pl,Siroko
131368982,1706091,pl,Sinoikismos Sakhinis
131369444,1706097,pl,Sinoikismos Exokhis
131369521,1706098,pl,Sindos
131369598,1706099,pl,Sydendro
131369675,1706100,pl,Symvoli
131369752,1706101,pl,Symvola
131369829,1706102,pl,Simonas
131370137,1706106,pl,Horbachi
131370214,1706107,pl,Sykia
131370291,1706108,pl,Sikies
131370368,1706109,pl,Sykia
131370445,1706110,pl,Sykia
131370599,1706112,pl,Sidironeron
131370676,1706113,pl,Sidirochori
131370753,1706114,pl,Sidirochori
131370830,1706115,pl,Sidirochori
131370907,1706116,pl,Sidirokastro
131370984,1706117,pl,Sydini
131371061,1706118,pl,Sidiro
131371138,1706119,pl,Sideras
131371215,1706120,pl,Siatista Kozanis
131371292,1706121,pl,Yashikira
131371369,1706122,pl,Sfendami
131371446,1706123,pl,Sfelinos
131371523,1706124,pl,Sevasto
131371600,1706125,pl,Sevastiana
131371754,1706127,pl,Sevasti
131371831,1706128,pl,Serwia
131371908,1706129,pl,Seres
131371985,1706130,pl,Semeli
131372062,1706131,pl,Selino
131372139,1706132,pl,Selero
131372216,1706133,pl,Savra
131372293,1706134,pl,Satres
131372370,1706135,pl,Sarti
131372447,1706136,pl,Sarantaporo
131372524,1706137,pl,Sarakinoi
131372601,1706138,pl,Sarakini
131372678,1706139,pl,Sarakina
131372755,1706140,pl,Sarakina
131372832,1706141,pl,Sapes
131372909,1706142,pl,Sandali
131372986,1706143,pl,Sana
131373063,1706144,pl,Samothraki
131373140,1706145,pl,Samari
131373217,1706146,pl,Samarina
131373294,1706147,pl,Salpi
131373371,1706148,pl,Salmoni
131373525,1706150,pl,Sakkos
131373679,1706152,pl,Rodopoli
131373756,1706153,pl,Rodonas
131373833,1706154,pl,Rodolivos
131373910,1706155,pl,Rodokipos
131373987,1706156,pl,Rodochori
131374141,1706158,pl,Roditis
131374218,1706159,pl,Rodiani
131374295,1706160,pl,Nea Rodia
131374372,1706161,pl,Rodia
131374449,1706162,pl,Rizo
131374526,1706163,pl,Rizomata
131374603,1706164,pl,Rizoma
131374680,1706165,pl,Rizochori
131374757,1706166,pl,Rizia
131374834,1706167,pl,Ryzia
131374911,1706168,pl,Rizari
131374988,1706169,pl,Rizana
131375065,1706170,pl,Ryza
131375142,1706171,pl,Rigio
131375219,1706172,pl,Ritini
131375296,1706173,pl,Rymnio
131375373,1706174,pl,Ryaki
131375450,1706175,pl,Rio Kongo
131375527,1706176,pl,Revma
131375604,1706177,pl,Pefka
131375681,1706178,pl,Rentina
131375758,1706179,pl,Rapsomaniki
131375835,1706180,pl,Rachoni
131375912,1706181,pl,Rachona
131375989,1706182,pl,Rachi
131376066,1706183,pl,Rachi
131376143,1706184,pl,Ragada
131376220,1706185,pl,Ptolemaida
131376374,1706187,pl,Parczelina
131376451,1706188,pl,Parczelina
131376528,1706189,pl,Ftelia
131376605,1706190,pl,Parczelina
131376682,1706191,pl,Parczelina
131376759,1706192,pl,Psomotopi
131376836,1706193,pl,Psychiko
131376913,1706194,pl,Psarades
131376990,1706195,pl,Provatonas
131377067,1706196,pl,Provatas
131377144,1706197,pl,Protokklisi
131377221,1706198,pl,Protochori
131377298,1706199,pl,Proti
131377375,1706200,pl,Proti
131377452,1706201,pl,Protato
131377529,1706202,pl,Prosvoro
131377606,1706203,pl,Prosotsani
131377760,1706205,pl,Proskynici
131377837,1706206,pl,Prosilio
131377914,1706207,pl,Prosilio
131377991,1706208,pl,Promachonas
131378068,1706209,pl,Promachoi
131378145,1706210,pl,Prochoma
131378222,1706211,pl,Zysk Ilias
131378299,1706212,pl,Profitis
131378376,1706213,pl,Prodromos
131378453,1706214,pl,Prodromos
131378761,1706218,pl,Prinolofos
131378992,1706221,pl,Prasinada
131379069,1706222,pl,Prasinada
131379146,1706223,pl,Prangi
131379300,1706225,pl,Pournarochori
131379377,1706226,pl,Potamoi
131379454,1706227,pl,Potamia
131379531,1706228,pl,Potamia
131379608,1706229,pl,Portaria
131379762,1706231,pl,Porpi
131379839,1706232,pl,Poros
131379916,1706233,pl,Poros
131379993,1706234,pl,Poreia
131380070,1706235,pl,Pontolivado
131380147,1706236,pl,Pontokomi
131380224,1706237,pl,Pontokerasia
131380301,1706238,pl,Pontoirakleia
131380378,1706239,pl,Pontismeno
131380455,1706240,pl,Pontini
131380532,1706241,pl,Polla Nera
131380609,1706242,pl,Polijiros
131380686,1706243,pl,Polystylo
131380840,1706245,pl,Polysito
131381071,1706248,pl,Polypotamo
131381148,1706249,pl,Polyplatanos
131381225,1706250,pl,Polyplatano
131381302,1706251,pl,Polypetro
131381533,1706254,pl,Polyneri
131381610,1706255,pl,Polymylos
131381764,1706257,pl,Polikronon
131381841,1706258,pl,Polichni
131381995,1706260,pl,Polikastro
131382072,1706261,pl,Polykastano
131382149,1706262,pl,Polykarpi
131382226,1706263,pl,Polykarpi
131382380,1706265,pl,Polydendro
131382457,1706266,pl,Polydendro
131382534,1706267,pl,Polydendri
131382611,1706268,pl,Polydentri
131382688,1706269,pl,Polyarno
131382765,1706270,pl,Polyantho
131382919,1706272,pl,Poimni
131382996,1706273,pl,Poimeniko
131383073,1706274,pl,Pogoniani
131383150,1706275,pl,Podhokhori
131383304,1706277,pl,Plikati
131383458,1706279,pl,Plagiari
131383535,1706280,pl,Plagiari
131383612,1706281,pl,Plagia
131383689,1706282,pl,Plagia
131383766,1706283,pl,Plagia
131383843,1706284,pl,Plagia
131383997,1706286,pl,Plati
131384074,1706287,pl,Platy
131384151,1706288,pl,Platy
131384228,1706289,pl,Platanovrysi
131384305,1706290,pl,Platanotopos
131384382,1706291,pl,Platanos
131384459,1706292,pl,Platanorevma
131384536,1706293,pl,Platanochori
131384613,1706294,pl,Platania
131384690,1706295,pl,Platania
131384767,1706296,pl,Platania
131384844,1706297,pl,Platani
131384921,1706298,pl,Platanakia
131384998,1706299,pl,Platamonas
131385075,1706300,pl,Plana
131385229,1706302,pl,Plaka
131385306,1706303,pl,Pigi
131385383,1706304,pl,Pigi
131385460,1706305,pl,Świnie
131385537,1706306,pl,Świnie
131385614,1706307,pl,Pyxari
131385768,1706309,pl,Pythio
131385845,1706310,pl,Pythio
131385922,1706311,pl,Pistiko
131386153,1706314,pl,Pyrgoi
131386230,1706315,pl,Pyrgoi
131386307,1706316,pl,Pyrsogianni
131386384,1706317,pl,Pyrgotos
131386461,1706318,pl,Chalastra
131386615,1706320,pl,Pyrgos
131386692,1706321,pl,Pyrgos
131386769,1706322,pl,Pyrgochori
131386846,1706323,pl,Pyrgadikia
131386923,1706324,pl,Piperies
131387000,1706325,pl,Pyloroi
131387077,1706326,pl,Pylori
131387154,1706327,pl,Pilima
131387231,1706328,pl,Pili
131387308,1706329,pl,Pelarat
131387385,1706330,pl,Pilea
131387462,1706331,pl,Pikrolimni
131387539,1706332,pl,Pigadia
131387616,1706333,pl,Pigadia
131387693,1706334,pl,Pezoula
131387770,1706335,pl,Pefkos
131387847,1706336,pl,Pefkofyto
131387924,1706337,pl,Pefkodasos
131388232,1706341,pl,Petroussa
131388309,1706342,pl,Petrota
131388540,1706345,pl,Petropigi
131388617,1706346,pl,Petrochorion
131388694,1706347,pl,Petrokerasa
131388771,1706348,pl,Petrana
131388848,1706349,pl,Petralona
131388925,1706350,pl,Petraia
131389002,1706351,pl,Petres
131389079,1706352,pl,Petrades
131389156,1706353,pl,Petrades
131389233,1706354,pl,Peteinos
131389310,1706355,pl,Pethelinos
131389387,1706356,pl,Perni
131389464,1706357,pl,Perivolaki
131389618,1706359,pl,Perithori
131389695,1706360,pl,Peristerona
131389772,1706361,pl,Peristeri
131389926,1706363,pl,Peristeri
131390080,1706365,pl,Peristasis
131390311,1706368,pl,Perikleia
131390388,1706369,pl,Perikhora
131390465,1706370,pl,Perdikkas
131390696,1706373,pl,Perasma
131390773,1706374,pl,Perama
131390850,1706375,pl,Peraia
131390927,1706376,pl,Peraia
131391004,1706377,pl,Peponia
131391081,1706378,pl,Peponia
131391158,1706379,pl,Peplos
131391235,1706380,pl,Pente Vryses
131391312,1706381,pl,Pentavrysos
131391389,1706382,pl,Pentavryso
131391466,1706383,pl,Pentapoli
131391543,1706384,pl,Pentaplatanon
131391620,1706385,pl,Pentalofos
131391697,1706386,pl,Pentalofos
131391774,1706387,pl,Pentalofos
131391851,1706388,pl,Pentalofo
131391928,1706389,pl,Pella (Grecja)
131392082,1706391,pl,Pelekanos
131392159,1706392,pl,Pelagia Pokutnica
131392236,1706393,pl,Pelargos
131392313,1706394,pl,Pedino
131392390,1706395,pl,Pedino
131392467,1706396,pl,Patrida
131392544,1706397,pl,Patriki
131392698,1706399,pl,Paterma
131392852,1706401,pl,Patagi
131392929,1706402,pl,Passos
131393006,1706403,pl,Paschalia
131393160,1706405,pl,Partheni
131393391,1706408,pl,Parochthio
131393545,1706410,pl,Parapotamos
131393622,1706411,pl,Paranesti
131393776,1706413,pl,Paralimnio
131393930,1706415,pl,Paralia Katerinis
131394007,1706416,pl,Paradeisos
131394161,1706418,pl,Paradimi
131394238,1706419,pl,Pappagiannis
131394469,1706422,pl,Panorama
131394546,1706423,pl,Panorama
131394700,1706425,pl,Pandrosos
131394777,1706426,pl,Panagitsa
131394854,1706427,pl,Panayia
131395008,1706429,pl,Pamforo
131395085,1706430,pl,Palli
131395162,1706431,pl,Palladio
131395239,1706432,pl,Paliouri
131395316,1706433,pl,Aliakmonas
131395393,1706434,pl,Palaio Tsifliki
131395470,1706435,pl,Paliampela
131395547,1706436,pl,Paliampela
131395624,1706437,pl,Frourio
131395701,1706438,pl,Palatitsia
131395778,1706439,pl,Palaistra
131395855,1706440,pl,Palaios Zygos
131395932,1706441,pl,Palaiostani
131396009,1706442,pl,Palaios Mylotopos
131396240,1706445,pl,Palaiopyrgos
131396317,1706446,pl,Palaio Zervochori
131396394,1706447,pl,Palaio Gynaikokastro
131396471,1706448,pl,Palio Skylitsi
131396548,1706449,pl,Palaio Olvio
131396702,1706451,pl,PALAI- KERAMIDI-
131396779,1706452,pl,Palaio Katrami
131396856,1706453,pl,Palaio Eleftherochori
131396933,1706454,pl,Palaio Agioneri
131397010,1706455,pl,Axos
131397087,1706456,pl,Palaiokomi
131397164,1706457,pl,Palaiochori
131397318,1706459,pl,Palaiochori
131397395,1706460,pl,Palaiochori
131397472,1706461,pl,Stavros
131397549,1706462,pl,Palaiochora
131397626,1706463,pl,Palaiochora
131397703,1706464,pl,Palaiokastro
131397857,1706466,pl,Palaiokastro
131397934,1706467,pl,Palaiogratsano
131398011,1706468,pl,Palaifyton
131398242,1706471,pl,Palaia Morsini
131398319,1706472,pl,Palaia Lykogianni
131398396,1706473,pl,Palaia Kavala
131398473,1706474,pl,Palaia Karyotissa
131398550,1706475,pl,Pachni
131398627,1706476,pl,Pagouria
131398704,1706477,pl,Pagoneri
131398781,1706478,pl,Pades
131398935,1706480,pl,Oxya
131399089,1706482,pl,Uranupoli
131399166,1706483,pl,Ossa
131399243,1706484,pl,Oropedio
131399320,1706485,pl,Oropedio
131399397,1706486,pl,Ormos Prinou
131399474,1706487,pl,Leftero-khori Skala
131399628,1706489,pl,Ormylia
131399705,1706490,pl,Ormenion
131399782,1706491,pl,Orma
131399859,1706492,pl,Oreini
131399936,1706493,pl,Organi
131400013,1706494,pl,Orfano
131400090,1706495,pl,Orfanio
131400244,1706497,pl,Orestiada
131400321,1706498,pl,Oreskeia
131400398,1706499,pl,Oraio
131400475,1706500,pl,Oreokastro
131400629,1706502,pl,Omalo
131400706,1706503,pl,Omali
131400783,1706504,pl,Olvio
131400860,1706505,pl,Olimpiada
131400937,1706506,pl,Olimbias
131401014,1706507,pl,Ochyro
131401091,1706508,pl,Oinoussa
131401168,1706509,pl,Oinoi
131401245,1706510,pl,Oinoi
131401399,1706512,pl,Ofrinion
131401476,1706513,pl,Odigitria
131401553,1706514,pl,Notia
131401630,1706515,pl,Nostimo
131401707,1706516,pl,Nisi
131401784,1706517,pl,Nisi
131401861,1706518,pl,Niseli
131401938,1706519,pl,Nipsa
131402015,1706520,pl,Nymfopetra
131402092,1706521,pl,Nymfaio
131402169,1706522,pl,Nymfaia
131402246,1706523,pl,Nikotsaras
131402323,1706524,pl,Nikopoli
131402400,1706525,pl,Nikomidino
131402477,1706526,pl,Nikokleia
131402554,1706527,pl,Nikiti
131402631,1706528,pl,Nikites
131402708,1706529,pl,Nikites
131402785,1706530,pl,Nikisiani
131402862,1706531,pl,Nikiforos
131402939,1706532,pl,Niki
131403170,1706535,pl,Nigrita
131403247,1706536,pl,Nevra
131403324,1706537,pl,Nestorio
131403478,1706539,pl,Neromyloi
131403555,1706540,pl,Nerofraktis
131403632,1706541,pl,Neraida
131403709,1706542,pl,Neos Zygos
131403786,1706543,pl,Neos Skopos
131403863,1706544,pl,Neos Prodromos
131403940,1706545,pl,Neos Pyrgos
131404017,1706546,pl,Neos Mylotopos
131404094,1706547,pl,Neos Marmaras
131404171,1706548,pl,Neos Kafkasos
131404248,1706549,pl,Neo Gynaikokastro
131404325,1706550,pl,Neo Souli
131404402,1706551,pl,Kalochori
131404556,1706553,pl,Neo Rysi
131404633,1706554,pl,Neo Petritsi
131404941,1706558,pl,Neo Kostarazi
131405018,1706559,pl,Neo Cheimonio
131405095,1706560,pl,Neo Keramidi
131405172,1706561,pl,Neonowy Kavaklion
131405249,1706562,pl,Afxentiou
131405326,1706563,pl,Neo Agioneri
131405403,1706564,pl,Neochorouda
131405557,1706566,pl,Neochori
131405634,1706567,pl,Neochori
131405711,1706568,pl,Neochori
131405788,1706569,pl,Neochori
131405865,1706570,pl,Neochori
131405942,1706571,pl,Kypseli
131406019,1706572,pl,Neochori
131406173,1706574,pl,Neochoraki
131406250,1706575,pl,Neokastro
131406327,1706576,pl,Neokaisareia
131406404,1706577,pl,Neoi Psathades
131406481,1706578,pl,Neoi Epivates
131406558,1706579,pl,Neda
131406635,1706580,pl,Nea Zoi
131406712,1706581,pl,Nea Zichni
131406789,1706582,pl,Nea Vyssa
131406866,1706583,pl,Nea Triglia
131406943,1706584,pl,Nea Tyroloi
131407020,1706585,pl,Nea Tenedos
131407174,1706587,pl,Nea Silata
131407251,1706588,pl,Nea Sevastia
131407328,1706589,pl,Nea Santa
131407405,1706590,pl,Nea Santa
131407482,1706591,pl,Nea Roda
131407559,1706592,pl,Nea Raidestos
131407636,1706593,pl,Nea Potidaia
131407713,1706594,pl,Neapoli
131407790,1706595,pl,Nea Plagia
131407867,1706596,pl,Nea Petra
131407944,1706597,pl,Nea Peramos
131408021,1706598,pl,Nea Pella
131408098,1706599,pl,Olint
131408175,1706600,pl,Nea Nikopoli
131408252,1706601,pl,Nea Nikomidia
131408329,1706602,pl,Nea Moudania
131408406,1706603,pl,Nea Morsini
131408483,1706604,pl,Nea Michaniona
131408560,1706605,pl,Nea Mesimvria
131408637,1706606,pl,Nea Malgara
131408714,1706607,pl,Nea Magnisia
131408791,1706608,pl,Nea Madytos
131408868,1706609,pl,Nea Lykogianni
131409022,1706611,pl,Nea Komi
131409176,1706613,pl,Nea Kessani
131409253,1706614,pl,Nea Kerdylia
131409407,1706616,pl,Nea Kavala
131409484,1706617,pl,Nea Karvali
131409561,1706618,pl,Nea Karya
131409638,1706619,pl,Dimos Kalikratias
131409715,1706620,pl,Nea Iraklitsa
131409792,1706621,pl,Nea Irakleia
131409869,1706622,pl,Nea Gonia
131409946,1706623,pl,Nea Fokaia
131410023,1706624,pl,Nea Fyli
131410100,1706625,pl,Nea Efesos
131410177,1706626,pl,Nea Bafra
131410254,1706627,pl,Nea Apollonia
131410408,1706629,pl,Nea Amisos
131410485,1706630,pl,Nea Agathoupoli
131410562,1706631,pl,Nausa
131410639,1706632,pl,Namata
131410716,1706633,pl,Moustheni
131410793,1706634,pl,Mouries
131410870,1706635,pl,Saikubo
131410947,1706636,pl,Morfi
131411024,1706637,pl,Monoxilitai
131411101,1706638,pl,Monovrysi
131411178,1706639,pl,Monospita
131411255,1706640,pl,Monopigado
131411332,1706641,pl,Monolofo
131411409,1706642,pl,Monokklisia
131411486,1706643,pl,Monastiri
131411563,1706644,pl,Monastiraki
131411640,1706645,pl,Monastiraki
131411717,1706646,pl,Monastiraki
131411794,1706647,pl,Monastiraki
131411871,1706648,pl,Monastiraki
131411948,1706649,pl,Molocha
131412025,1706650,pl,Molyvdoskepastos
131412179,1706652,pl,Modi
131412256,1706653,pl,Mitrikon
131412410,1706655,pl,Mystakas
131412487,1706656,pl,Mischos
131412564,1706657,pl,Myrtofyto
131412641,1706658,pl,Myrtiski
131412872,1706661,pl,Myrsina
131412949,1706662,pl,Myrrini
131413103,1706664,pl,Myrodato
131413180,1706665,pl,Myrkinos
131413257,1706666,pl,Myriofyto
131413334,1706667,pl,Mirana
131413411,1706668,pl,Mylopotamos
131413488,1706669,pl,Mylochori
131413565,1706670,pl,Milochori
131413642,1706671,pl,Militsa
131413796,1706673,pl,Milia
131413873,1706674,pl,Milia
131413950,1706675,pl,Milia
131414027,1706676,pl,Milia
131414104,1706677,pl,Milia
131414181,1706678,pl,Mikrovalto
131414412,1706681,pl,Mikropolis
131414489,1706682,pl,Mikro Souli
131414566,1706683,pl,Agios Antonios
131414643,1706684,pl,Mikro Pisto
131414720,1706685,pl,Mikro Monastiri
131414797,1706686,pl,Mikro Kranovouni
131414874,1706687,pl,Mikro Doukato
131414951,1706688,pl,Mikro Dereio
131415028,1706689,pl,Mikro Dasos
131415182,1706691,pl,Mikrolofos
131415336,1706693,pl,Mikrolimni
131415413,1706694,pl,Mikrokomi
131415490,1706695,pl,Mikrokleisoura
131415798,1706699,pl,Mikrochori
131415875,1706700,pl,Mikrochori
131415952,1706701,pl,Mikrokastro
131416029,1706702,pl,Mikrokampos
131416106,1706703,pl,Mikrokampos
131416183,1706704,pl,Mikri Santa
131416260,1706705,pl,Mikri Milia
131416337,1706706,pl,Mikri Volvi
131416568,1706709,pl,Mikri Doxipara
131416722,1706711,pl,Mykilka
131417030,1706715,pl,Methoni
131417107,1706716,pl,Metaxochori
131417184,1706717,pl,Metaxas
131417261,1706718,pl,Metankitsi
131417338,1706719,pl,Metamorfosi
131417415,1706720,pl,Metamorfosi
131417492,1706721,pl,Metamorfosi
131417569,1706722,pl,Metamorfosi
131417646,1706723,pl,Metalliko
131417723,1706724,pl,Metalla
131417800,1706725,pl,Mesti
131417877,1706726,pl,Messouni
131418031,1706728,pl,Mesovouno
131418185,1706730,pl,Mesorrachi
131418262,1706731,pl,Mesoropi
131418416,1706733,pl,Mezopotamia
131418493,1706734,pl,Mezonizacja
131418647,1706736,pl,Mesolakkos
131418801,1706738,pl,Mesokomo
131418878,1706739,pl,Mesokomi
131418955,1706740,pl,Mesochori
131419032,1706741,pl,Mesochori
131419109,1706742,pl,Mesochori
131419186,1706743,pl,Mesokampos
131419263,1706744,pl,Mesoi Apostoloi
131419340,1706745,pl,Mesimvria
131419494,1706747,pl,Mesimeri
131419571,1706748,pl,Mesimeri
131419648,1706749,pl,Mesiano
131419725,1706750,pl,Mesiano
131419802,1706751,pl,Mesiani
131419879,1706752,pl,Mesia
131419956,1706753,pl,Mesia
131420033,1706754,pl,Mesi
131420110,1706755,pl,Mesi
131420187,1706756,pl,Mesaio
131420264,1706757,pl,Mersinouda
131420341,1706758,pl,Meropi
131420418,1706759,pl,Menemeni
131420495,1706760,pl,Melivoia
131420572,1706761,pl,Meliti
131420726,1706763,pl,Melissourgeio
131420803,1706764,pl,Melissourgos
131420880,1706765,pl,Melissotopos
131421111,1706768,pl,Melissokomeio
131421265,1706770,pl,Melissochori
131421419,1706772,pl,Melissa
131421496,1706773,pl,Melissa
131421573,1706774,pl,Meliki
131421727,1706776,pl,Meliadi
131421804,1706777,pl,Melia
131421881,1706778,pl,Meleti
131421958,1706779,pl,Melenikitsi
131422035,1706780,pl,Melanthio
131422112,1706781,pl,Melas
131422189,1706782,pl,Melanthio
131422266,1706783,pl,Megalo Tympano
131422343,1706784,pl,Mega Seirini
131422420,1706785,pl,Megaro
131422497,1706786,pl,Megaplatanos
131422574,1706787,pl,Mega Piston
131422728,1706789,pl,Megalochori
131422805,1706790,pl,Megalokampos
131422882,1706791,pl,Megali Vrysi
131422959,1706792,pl,Megali Volvi
131423036,1706793,pl,Megali Sterna
131423113,1706794,pl,Megali Panagia
131423190,1706795,pl,Megali Doxipara
131423344,1706797,pl,Livadia
131423421,1706798,pl,Mega Kranovouni
131423498,1706799,pl,Mega Evmoiro
131423575,1706800,pl,Mega Doukato
131423652,1706801,pl,Mega Dereio
131423729,1706802,pl,Medousa
131423806,1706803,pl,Mazi
131423883,1706804,pl,Magiko
131423960,1706805,pl,Mavrovouni
131424037,1706806,pl,Mavrovatos
131424114,1706807,pl,Arjirupoli
131424191,1706808,pl,Mavrothalassa
131424268,1706809,pl,Mavropigi
131424345,1706810,pl,Mavronoros
131424422,1706811,pl,Mavroneri
131424499,1706812,pl,Mavro
131424576,1706813,pl,Mavrommati
131424653,1706814,pl,Mavrolofos
131424730,1706815,pl,Mavrolefki
131424807,1706816,pl,Mavrokordatos
131424884,1706817,pl,Mavrokklisi
131424961,1706818,pl,Mavrochori
131425115,1706820,pl,Mavrodendri
131425192,1706821,pl,Mavranaioi
131425269,1706822,pl,Mavrouda
131425346,1706823,pl,Maroneja
131425577,1706826,pl,Marina
131425654,1706827,pl,Marina
131425731,1706828,pl,Maries
131425885,1706830,pl,Margarita
131425962,1706831,pl,Marathoussa
131426039,1706832,pl,Marasia
131426116,1706833,pl,Maniakoi
131426193,1706834,pl,Maniaki
131426270,1706835,pl,Mani
131426347,1706836,pl,Mangana
131426424,1706837,pl,Mandraki
131426501,1706838,pl,Mandres
131426578,1706839,pl,Mandra
131426655,1706840,pl,Mandra
131426732,1706841,pl,Mantili
131426809,1706842,pl,Mandalon
131426886,1706843,pl,Mantaina
131426963,1706844,pl,Dion
131427040,1706845,pl,Makrochori
131427117,1706846,pl,Makrochori
131427194,1706847,pl,Makrygialos
131427271,1706848,pl,Makryplagi
131427348,1706849,pl,Makrinitsa
131427425,1706850,pl,Makrychori
131427502,1706851,pl,Makri
131427733,1706854,pl,Loutros
131427810,1706855,pl,Loutros
131427887,1706856,pl,Lutrochori
131427964,1706857,pl,Loutra Volvis
131428195,1706860,pl,Loudias
131428272,1706861,pl,Conolophus
131428349,1706862,pl,Lofos
131428426,1706863,pl,Lofoi
131428503,1706864,pl,Lofiskos
131428580,1706865,pl,Lofari
131428657,1706866,pl,Lygeri
131428734,1706867,pl,Liwera
131428965,1706870,pl,Livadochori
131429042,1706871,pl,Livaditsa
131429196,1706873,pl,Livadi
131429273,1706874,pl,Livadi
131429350,1706875,pl,Livadi
131429427,1706876,pl,Livadia
131429504,1706877,pl,Livadero
131429581,1706878,pl,Livaderon
131429735,1706880,pl,Livadaki
131429812,1706881,pl,Litochoron
131429889,1706882,pl,Liti
131429966,1706883,pl,Lithotopos
131430120,1706885,pl,Lithia
131430274,1706887,pl,Gwiazdozbiór Lutni
131430351,1706888,pl,Leipsydrio
131430428,1706889,pl,Liparo
131430505,1706890,pl,Linos
131430582,1706891,pl,Limnochori
131430659,1706892,pl,Limnochori
131430890,1706895,pl,Limni
131430967,1706896,pl,Limenaria
131431198,1706899,pl,Lykostomo
131431275,1706900,pl,Lykoi
131431352,1706901,pl,Lykofi
131431429,1706902,pl,Lykodromio
131431583,1706904,pl,Lykeion
131431660,1706905,pl,Al Ya`rubiyah
131431737,1706906,pl,Lianovergion
131431814,1706907,pl,Lefkogeia
131431891,1706908,pl,Lefkovrysi
131431968,1706909,pl,Lefkouda
131432045,1706910,pl,Lefkotopos
131432122,1706911,pl,Lefkopigi
131432199,1706912,pl,Lefkopetra
131432276,1706913,pl,Lefkopetra
131432353,1706914,pl,Lefkonas
131432430,1706915,pl,Lewkon
131432507,1706916,pl,Lewkochori
131432584,1706917,pl,Lefkimmi
131432661,1706918,pl,Lefki
131432738,1706919,pl,Lefki
131432892,1706921,pl,Lefkara
131433046,1706923,pl,Lefkadia
131433123,1706924,pl,Leventochori
131433200,1706925,pl,Leptokaryes
131433277,1706926,pl,Leptokaria
131433354,1706927,pl,Leptokaria
131433508,1706929,pl,Lepti
131433585,1706930,pl,Lekani
131433662,1706931,pl,Lazochori
131433739,1706932,pl,Lazarades
131433816,1706933,pl,Lagyna
131433893,1706934,pl,Lagyna
131433970,1706935,pl,Lavda
131434047,1706936,pl,Lavara
131434278,1706939,pl,Lagkadi
131434355,1706940,pl,Lankadikia
131434432,1706941,pl,Lagkadia
131434509,1706942,pl,Lagkadas
131434586,1706943,pl,Lankadakia
131434663,1706944,pl,Lagkada
131434740,1706945,pl,Lagka
131434817,1706946,pl,Lampro
131435048,1706949,pl,Lakkoma
131435125,1706950,pl,Lakkoma
131435202,1706951,pl,Levaia
131435279,1706952,pl,Lakkia
131435356,1706953,pl,Lapponia Lakka
131435433,1706954,pl,Lachanokipoi
131435510,1706955,pl,Lakhanas
131435587,1706956,pl,Laimos
131435664,1706957,pl,Lagos
131435741,1706958,pl,Lagos
131435818,1706959,pl,Ladi
131435972,1706961,pl,Kteni
131436126,1706963,pl,Kryżowłyn
131436434,1706967,pl,Krokos
131436511,1706968,pl,Krithia
131436588,1706969,pl,Kristoni
131436665,1706970,pl,Krystallopigi
131436742,1706971,pl,Krystalli
131436819,1706972,pl,Chrysopetra
131436896,1706973,pl,Kryovrysi
131436973,1706974,pl,Krios
131437127,1706976,pl,Kryopigi
131437204,1706977,pl,Kryoneri
131437281,1706978,pl,Kryoneri
131437435,1706980,pl,Krinos
131437512,1706981,pl,Krinides
131437743,1706984,pl,Krini
131437820,1706985,pl,Krimni
131437974,1706987,pl,Krya Vrysi
131438051,1706988,pl,Kremasti
131438128,1706989,pl,Kremasti
131438205,1706990,pl,Kratero
131438359,1706992,pl,Kranochori
131438513,1706994,pl,Kranidia
131438667,1706996,pl,Krania
131438744,1706997,pl,Kozani
131438821,1706998,pl,Kovalo
131438898,1706999,pl,Kouvouklia
131439052,1707001,pl,Koutso
131439206,1707003,pl,Koupa
131439283,1707004,pl,Koumaria
131439360,1707005,pl,Koumaria
131439437,1707006,pl,Kouloura
131439514,1707007,pl,Koukkos
131439591,1707008,pl,Koufovounon
131439668,1707009,pl,Koufalia
131439745,1707010,pl,Koudounia
131439976,1707013,pl,Kotyli
131440053,1707014,pl,Kotyli
131440207,1707016,pl,Kossos
131440284,1707017,pl,Kosmiti
131440361,1707018,pl,Kosmio
131440438,1707019,pl,Anthotopos
131440515,1707020,pl,Koronouda
131440592,1707021,pl,Korona
131440669,1707022,pl,Koromilia
131440746,1707023,pl,Koromilia
131440823,1707024,pl,Kornofolia
131440900,1707025,pl,Kormista
131440977,1707026,pl,Korisos
131441054,1707027,pl,Korinos
131441131,1707028,pl,Korymvos
131441285,1707030,pl,`Orfi
131441362,1707031,pl,Demy
131441439,1707032,pl,`Orfi
131441593,1707034,pl,Analipsi
131441670,1707035,pl,Koptero
131441747,1707036,pl,Kopanos
131441824,1707037,pl,Konstantinato
131441901,1707038,pl,Konstantia
131441978,1707039,pl,Konitsa
131442055,1707040,pl,Kontovouni
131442132,1707041,pl,Kontariotissa
131442209,1707042,pl,Komotini
131442286,1707043,pl,Komninades
131442363,1707044,pl,Komnina
131442440,1707045,pl,Komnina
131442517,1707046,pl,Komaros
131442594,1707047,pl,Komara
131442671,1707048,pl,Komanos
131442748,1707049,pl,Pefkaki
131442825,1707050,pl,Kolokynthou
131442902,1707051,pl,Kolchida
131442979,1707052,pl,Kolchiko
131443056,1707053,pl,Kolchiki
131443133,1707054,pl,Kolindros
131443210,1707055,pl,Kolaouzlou
131443287,1707056,pl,Kokkinogeio
131443364,1707057,pl,Kokkinogeia
131443441,1707058,pl,Kokkinopilos
131443518,1707059,pl,Kokkinochori
131443595,1707060,pl,Kokkinochoma
131443749,1707062,pl,Kokkinia
131443826,1707063,pl,Kokkinia
131443980,1707065,pl,Kokkalou
131444057,1707066,pl,Kong Ra
131444134,1707067,pl,Koimisi
131444211,1707068,pl,Koilada
131444288,1707069,pl,Koiladi
131444519,1707072,pl,Koila
131444596,1707073,pl,Knidi
131444750,1707075,pl,Kleisoura
131444827,1707076,pl,Kleisoreia
131444904,1707077,pl,Klimataki
131444981,1707078,pl,Klima
131445058,1707079,pl,Kleidi
131445135,1707080,pl,Kleidi
131445212,1707081,pl,Kladhorrakhi
131445366,1707083,pl,Kizari
131445443,1707084,pl,Kiwotos
131445520,1707085,pl,Kitros
131445751,1707088,pl,Kirra
131445828,1707089,pl,Kyrnos
131445905,1707090,pl,Kirki
131445982,1707091,pl,Kyriaki
131446059,1707092,pl,Kiria
131446136,1707093,pl,Karahisarli
131446213,1707094,pl,Kipseli
131446290,1707095,pl,Kypseli
131446367,1707096,pl,Kyprinos
131446444,1707097,pl,Kipos
131446521,1707098,pl,Kipoi
131446598,1707099,pl,Kipia
131446675,1707100,pl,Kyparissi
131446906,1707103,pl,Kimmeria
131446983,1707104,pl,Jakymiw Jar
131447060,1707105,pl,Kymi
131447137,1707106,pl,Kilkis
131447214,1707107,pl,Kyknos
131447291,1707108,pl,Kikidio
131447445,1707110,pl,Kydonies
131447522,1707111,pl,Kydonea
131447599,1707112,pl,Kydonia
131447753,1707114,pl,Kyani
131447830,1707115,pl,Chromio
131447907,1707116,pl,Chrisupoli
131447984,1707117,pl,Chryso
131448061,1707118,pl,Chrysochori
131448138,1707119,pl,Chrysochorafa
131448215,1707120,pl,Chrysokefalos
131448292,1707121,pl,Chrysokastro
131448369,1707122,pl,Chrysi
131448446,1707123,pl,Chrysi
131448523,1707124,pl,Chrysavgi
131448600,1707125,pl,Chrysavgi
131448831,1707128,pl,Choumniko
131448908,1707129,pl,Chortokopi
131448985,1707130,pl,Chortiati
131449062,1707131,pl,Chortero
131449139,1707132,pl,Chorouda
131449216,1707133,pl,Chorygi
131449293,1707134,pl,Choristi
131449370,1707135,pl,Chorigos
131449447,1707136,pl,Chloi
131449601,1707138,pl,Chionato
131449678,1707139,pl,Chionades
131449832,1707141,pl,Cheimerino
131449909,1707142,pl,Cheimarros
131449986,1707143,pl,Cheimadio
131450063,1707144,pl,Chiliodendro
131450217,1707146,pl,Cherso
131450294,1707147,pl,Chelidon
131450371,1707148,pl,Khatision
131450448,1707149,pl,Charopo
131450525,1707150,pl,Charitomeni
131450602,1707151,pl,Chariessa
131450756,1707153,pl,Charadra
131450833,1707154,pl,Chandras
131450910,1707155,pl,Chamokerasa
131450987,1707156,pl,Chamilo
131451064,1707157,pl,Chamilo
131451141,1707158,pl,Chalkidona
131451218,1707159,pl,Chalkero
131451449,1707162,pl,Chaidefto
131451526,1707163,pl,Kerkini
131451757,1707166,pl,Kerasia
131451834,1707167,pl,Keramoti
131451911,1707168,pl,Keramos
131451988,1707169,pl,Kentro
131452065,1707170,pl,Mavroplagia
131452142,1707171,pl,Kentriko
131452219,1707172,pl,Kentavros
131452296,1707173,pl,Kelli
131452373,1707174,pl,Kelli
131452450,1707175,pl,Kechros
131452527,1707176,pl,Kechrokampos
131452604,1707177,pl,Kefalovryso
131452681,1707178,pl,Kefalochori
131452758,1707179,pl,Kefalochori
131452912,1707181,pl,Kefalari
131453066,1707183,pl,Kavisos
131453143,1707184,pl,Kavyli
131453220,1707185,pl,Kavasila
131453451,1707188,pl,Kavallari
131453605,1707190,pl,Kawala
131453759,1707192,pl,Kato Vrontou
131453836,1707193,pl,Kato Vyrsini
131453913,1707194,pl,Kato Vermio
131453990,1707195,pl,Kato Theodoraki
131454067,1707196,pl,Kato Scholari
131454221,1707198,pl,Kato Potamia
131454298,1707199,pl,Kato Poroia
131454375,1707200,pl,Kato Newrokopi
131454452,1707201,pl,Kato Mitrousi
131454529,1707202,pl,Kato Milia
131454606,1707203,pl,Kato Metochi
131454683,1707204,pl,Kato Meropi
131454760,1707205,pl,Lutraki
131454837,1707206,pl,Kato Livera
131454914,1707207,pl,Kato Lipochori
131454991,1707208,pl,Lefki
131455145,1707210,pl,Kato Koryfi
131455222,1707211,pl,Kato Komi
131455299,1707212,pl,Kato Kleines
131455376,1707213,pl,Kato Christos
131455453,1707214,pl,Kato Kefalari
131455607,1707216,pl,Kato Kamila
131455761,1707218,pl,Kato Kalliniki
131455838,1707219,pl,Kato Grammatiko
131455915,1707220,pl,Kato Drosini
131455992,1707221,pl,Kato Apostoloi
131456069,1707222,pl,Kato Ampelia
131456146,1707223,pl,Katerini
131456223,1707224,pl,Katachas
131456300,1707225,pl,Katafygio
131456377,1707226,pl,Katafyto
131456531,1707228,pl,Kastoria
131456608,1707229,pl,Kastanoussa
131456762,1707231,pl,Kastanochori
131456993,1707234,pl,Kastaneri
131457070,1707235,pl,Kastanies
131457147,1707236,pl,Kastanies
131457224,1707237,pl,Kastania
131457301,1707238,pl,Kastania
131457378,1707239,pl,Kastania
131457455,1707240,pl,Kastania
131457532,1707241,pl,Kastanas
131457686,1707243,pl,Kassandrino
131457763,1707244,pl,Kasandria
131457840,1707245,pl,Karterai
131458071,1707248,pl,Karpi
131458148,1707249,pl,Karperi
131458225,1707250,pl,Karoti
131458379,1707252,pl,Simantra
131458456,1707253,pl,Karitsa
131458533,1707254,pl,Karyotissa
131458610,1707255,pl,Karyochori
131458764,1707257,pl,Karydochori
131458841,1707258,pl,Karyditsa
131458918,1707259,pl,Karydia
131458995,1707260,pl,Karydia
131459072,1707261,pl,Kariani
131459149,1707262,pl,Kariai
131459226,1707263,pl,Karies
131459303,1707264,pl,Karyes
131459380,1707265,pl,Kardia
131459534,1707267,pl,Kardamos
131459688,1707269,pl,Karaveli
131459765,1707270,pl,Karavangelis
131459842,1707271,pl,Laodikino
131459996,1707273,pl,Kapnochori
131460073,1707274,pl,Kapnofyto
131460227,1707276,pl,Kanadas
131460304,1707277,pl,Kampochori
131460381,1707278,pl,Kampochori
131460458,1707279,pl,Kampanis
131460535,1707280,pl,Kamaroto
131460612,1707281,pl,Kamariotissa
131460689,1707282,pl,Simos Ioannidis
131460920,1707285,pl,Kalos Agros
131460997,1707286,pl,Velos
131461074,1707287,pl,Kaloneri
131461151,1707288,pl,Kalochori
131461228,1707289,pl,Kalochori
131461305,1707290,pl,Kalochori
131461382,1707291,pl,Kalochi
131461459,1707292,pl,Kalokastro
131461613,1707294,pl,Kalitea
131461690,1707295,pl,Kalitea
131461767,1707296,pl,Kalitea
131461921,1707298,pl,Kalitea
131461998,1707299,pl,Kalitea
131462075,1707300,pl,Kalitea
131462152,1707301,pl,Kalitea
131462306,1707303,pl,Nea Kallisti
131462383,1707304,pl,Kallirachi
131462460,1707305,pl,Kallipoli
131462537,1707306,pl,Kallyntiri
131462691,1707308,pl,Kallifytos
131462768,1707309,pl,Kalchas
131462845,1707310,pl,Kaliri
131462922,1707311,pl,Bakaiika
131463153,1707314,pl,Kalyves Polygyrou
131463307,1707316,pl,Agios Spyridon
131463384,1707317,pl,Exochi
131463615,1707320,pl,Kalyvia
131463692,1707321,pl,Prinos
131463846,1707323,pl,Kalirachi
131463923,1707324,pl,Kalindria
131464000,1707325,pl,Kali
131464077,1707326,pl,Kalamoto
131464154,1707327,pl,Kalamonas
131464231,1707328,pl,Kalamokastro
131464308,1707329,pl,Kalamia
131464385,1707330,pl,Kalambaki
131464462,1707331,pl,Kalamaria
131464539,1707332,pl,Kala Dendra
131464693,1707334,pl,Kaisariana
131464770,1707335,pl,Kaisareia
131464847,1707336,pl,Jafer
131464924,1707337,pl,Ivira
131465001,1707338,pl,Itea
131465078,1707339,pl,Itea
131465155,1707340,pl,Itea
131465232,1707341,pl,Isoma
131465309,1707342,pl,Isalo
131465386,1707343,pl,Isaakio
131465463,1707344,pl,Lechovo
131465540,1707345,pl,Eiriniko
131465617,1707346,pl,Iraklion
131465694,1707347,pl,Irakleia
131465771,1707348,pl,Ypsilo
131466002,1707351,pl,Psili Rachi
131466079,1707352,pl,Ipio
131466233,1707354,pl,Imeros
131466387,1707356,pl,Imera
131466464,1707357,pl,Iliorrachi
131466541,1707358,pl,Iliolousto
131466618,1707359,pl,Iliokomi
131466772,1707361,pl,Yfantes
131466849,1707362,pl,Ieropigi
131466926,1707363,pl,Akanthos
131467003,1707364,pl,Ydroussa
131467080,1707365,pl,Lidia
131467157,1707366,pl,Ydraia
131467234,1707367,pl,Eidomeni
131467311,1707368,pl,Ida
131467388,1707369,pl,Jasmos
131467465,1707370,pl,Iasio
131467619,1707372,pl,Iampoli
131467773,1707374,pl,Ioniko
131467850,1707375,pl,Husein Mahale
131467927,1707376,pl,Griwa
131468081,1707378,pl,Grewena
131468158,1707379,pl,Gravouna
131468235,1707380,pl,Gratini
131468312,1707381,pl,Granitis
131468389,1707382,pl,Grammeni
131468466,1707383,pl,Goumenissa
131468543,1707384,pl,Goules
131468697,1707386,pl,Gorgopi
131468774,1707387,pl,Gorgona
131468851,1707388,pl,Gonimo
131468928,1707389,pl,Gomati
131469005,1707390,pl,Glykoneri
131469236,1707393,pl,Glifadha
131469313,1707394,pl,Glafki
131469390,1707395,pl,Giona
131469544,1707397,pl,Gazoros
131469621,1707398,pl,Gavra
131469698,1707399,pl,Ganochora
131469852,1707401,pl,Gallikos
131469929,1707402,pl,Galipsos
131470083,1707404,pl,Galini
131470160,1707405,pl,Galini
131470314,1707407,pl,Galatista
131470391,1707408,pl,Galatini
131470468,1707409,pl,Galacja
131470545,1707410,pl,Galatades
131470622,1707411,pl,Galarinos
131470930,1707415,pl,Post Kandi
131471007,1707416,pl,Fourka
131471084,1707417,pl,Foufas
131471161,1707418,pl,Fotolivos
131471238,1707419,pl,Foteini
131471315,1707420,pl,La Folía
131471392,1707421,pl,Nea Flogita
131471469,1707422,pl,Florina
131471546,1707423,pl,Flamouria
131471623,1707424,pl,Campo Cuatro
131471700,1707425,pl,Campo Cuatro
131471777,1707426,pl,Anthi
131471854,1707427,pl,Fyteia
131471931,1707428,pl,Fyska
131472008,1707429,pl,Filoteia
131472085,1707430,pl,Filotas
131472162,1707431,pl,Fillyra
131472239,1707432,pl,Filiro
131472316,1707433,pl,Filyria
131472393,1707434,pl,Filippoi
131472470,1707435,pl,Filippaioi
131472547,1707436,pl,Fylakto
131472624,1707437,pl,Fylakio
131472701,1707438,pl,Fylakas
131472778,1707439,pl,Filadelfi
131472855,1707440,pl,Nea Filadelfeia
131472932,1707441,pl,Feres
131473009,1707442,pl,Feloni
131473086,1707443,pl,Felli
131473163,1707444,pl,Farmaki
131473240,1707445,pl,Farangi
131473317,1707446,pl,Fanos
131473394,1707447,pl,Fanos
131473471,1707448,pl,Fanari
131473548,1707449,pl,Fanari
131473625,1707450,pl,Faia Petra
131473702,1707451,pl,Exochi
131473779,1707452,pl,Exokhi
131473856,1707453,pl,Exochi
131473933,1707454,pl,Exochi
131474010,1707455,pl,Exochi
131474087,1707456,pl,Exarchos
131474164,1707457,pl,Exaplatanos
131474241,1707458,pl,Examilio
131474318,1707459,pl,Evzonoi
131474395,1707460,pl,Evgeniko
131474472,1707461,pl,Evropos
131474549,1707462,pl,Evrypedo
131474626,1707463,pl,Evrinos
131474703,1707464,pl,Ewosmos
131474780,1707465,pl,Evmoiro
131474857,1707466,pl,Evlalo
131474934,1707467,pl,Efkarpia
131475011,1707468,pl,Efkarpia
131475088,1707469,pl,Efkarpia
131475165,1707470,pl,Evangelistria
131475242,1707471,pl,Evangelismos
131475319,1707472,pl,Ethniko
131475396,1707473,pl,Esovalta
131475473,1707474,pl,Esochi
131475627,1707476,pl,Ermakia
131475704,1707477,pl,Ergani
131475781,1707478,pl,Eratyra
131475858,1707479,pl,Erateino
131475935,1707480,pl,Neo Erasmio
131476089,1707482,pl,Eptamyloi
131476166,1707483,pl,Eptalofos
131476243,1707484,pl,Eptachori
131476320,1707485,pl,Episkopi
131476397,1707486,pl,Episkopi
131476474,1707487,pl,Epanomi
131476551,1707488,pl,Nea Kerasia
131476628,1707489,pl,Emmanouil Pappas
131476705,1707490,pl,Emporion
131476782,1707491,pl,Ellinochori
131476859,1707492,pl,Elliniko
131477013,1707494,pl,Eleftherupoli
131477090,1707495,pl,Elefthero
131477167,1707496,pl,Elefthero
131477244,1707497,pl,Eleftherochori
131477321,1707498,pl,Eleftheres
131477398,1707499,pl,Eleousa
131477475,1707500,pl,Elatos
131477552,1707501,pl,Elatochori
131477629,1707502,pl,Elaionas
131477706,1707503,pl,Elaiochori
131477783,1707504,pl,Elaiochoria
131477860,1707505,pl,Elia
131477937,1707506,pl,Elafochori
131478014,1707507,pl,Elafochori
131478245,1707510,pl,Ekklisiochori
131478322,1707511,pl,Echinos
131478399,1707512,pl,Ekali
131478476,1707513,pl,Edesa
131478553,1707514,pl,Drama
131478630,1707515,pl,Drosopigi
131478707,1707516,pl,Drosopigi
131478784,1707517,pl,Drosia
131478938,1707519,pl,Drosero
131479015,1707520,pl,Drosero
131479092,1707521,pl,Drosato
131479169,1707522,pl,Dryovouno
131479323,1707524,pl,Drymos
131479554,1707527,pl,Drymi
131479708,1707529,pl,Drepano
131479785,1707530,pl,Draviskos
131479862,1707531,pl,Drania
131479939,1707532,pl,Dragasia
131480016,1707533,pl,Doksato
131480093,1707534,pl,Doxaras
131480170,1707535,pl,Doksa
131480324,1707537,pl,Dorothea
131480401,1707538,pl,Dhorkas
131480478,1707539,pl,Doriskos
131480555,1707540,pl,Doriko
131480632,1707541,pl,Domiros
131480709,1707542,pl,Domatia
131480786,1707543,pl,Dolichi
131480863,1707544,pl,Dokos
131481017,1707546,pl,Dytiko
131481171,1707548,pl,Distrato
131481248,1707549,pl,Dispilio
131481402,1707551,pl,Dipotamos
131481479,1707552,pl,Dipotamia
131481710,1707555,pl,Dionysiou
131481787,1707556,pl,Dioni
131481864,1707557,pl,Diomideia
131481941,1707558,pl,Dimitritsi
131482018,1707559,pl,Dimitra
131482095,1707560,pl,Dymi
131482172,1707561,pl,Dimari
131482249,1707562,pl,Dilofos
131482403,1707564,pl,Deilina
131482557,1707566,pl,Dicheimarro
131482634,1707567,pl,Dikella
131482711,1707568,pl,Dikaia
131482788,1707569,pl,Didimoticho
131482865,1707570,pl,Diavatos
131482942,1707571,pl,Diavata
131483019,1707572,pl,Dialekto
131483096,1707573,pl,Dialampi
131483327,1707576,pl,Dendrochori
131483481,1707578,pl,Delta
131483558,1707579,pl,Dekarcho
131483635,1707580,pl,Dato
131483712,1707581,pl,Dasoto
131483789,1707582,pl,Dasochori
131483866,1707583,pl,Daskio
131484020,1707585,pl,Darmeni
131484097,1707586,pl,Damiano
131484174,1707587,pl,Damaskinia
131484251,1707588,pl,Dafnoudi
131484328,1707589,pl,Dafnonas
131484405,1707590,pl,Dafnochori
131484482,1707591,pl,Dafni
131484713,1707594,pl,Dafnero
131484790,1707595,pl,Dadia
131484944,1707597,pl,Chilinger Mahale
131485021,1707598,pl,Diasparto
131485175,1707600,pl,Broktion
131485483,1707604,pl,Agios Germanos
131485560,1707605,pl,Święty Jerzy
131485637,1707606,pl,Święty Jerzy
131485714,1707607,pl,Święty Jerzy
131485791,1707608,pl,Święty Jerzy
131485868,1707609,pl,Agios Vasileios
131485945,1707610,pl,Agios Vartholomaios
131486176,1707613,pl,Agios Prodromos
131486253,1707614,pl,Agios Petros
131486330,1707615,pl,Agios Pavlos
131486407,1707616,pl,Agios Pavlos
131486484,1707617,pl,Agios Panteleimonas
131486561,1707618,pl,Agios Panteleimon
131486715,1707620,pl,Agios Nikolaos
131486869,1707622,pl,Los Charcos
131486946,1707623,pl,Agios Mamas
131487023,1707624,pl,Agios Loukas
131487100,1707625,pl,Agios Kosmas
131487254,1707627,pl,Ajios Christoforos
131487331,1707628,pl,Agios Christoforos
131487408,1707629,pl,Agios Charalampos
131487562,1707631,pl,Agios Charalampos
131487716,1707633,pl,Agios Ioannis
131487793,1707634,pl,Kato Agios Ioannis
131487947,1707636,pl,Ajos Dimitrios
131488024,1707637,pl,Ajos Dimitrios
131488101,1707638,pl,Ajos Dimitrios
131488178,1707639,pl,Agios Atanasios
131488255,1707640,pl,Agios Atanasios
131488332,1707641,pl,Agios Atanasios
131488409,1707642,pl,Agios Atanasios
131488486,1707643,pl,Agios Andreas
131488563,1707644,pl,Agios Antonios
131488640,1707645,pl,Agios Antonios
131488794,1707647,pl,Agio Pnevma
131488871,1707648,pl,Agiochori
131488948,1707649,pl,Agiochori
131489025,1707650,pl,Agioi Theodoroi
131489179,1707652,pl,Agia Varvara
131489333,1707654,pl,Agia Triada
131489410,1707655,pl,Agia Triada
131489564,1707657,pl,Nagashima
131489641,1707658,pl,Nagashima
131489795,1707660,pl,Agia Paraskevi
131489872,1707661,pl,Ajia Paraskiewi
131489949,1707662,pl,Agia Paraskevi
131490026,1707663,pl,Ajia Paraskiewi
131490103,1707664,pl,Agia Paraskevi
131490180,1707665,pl,Ajia Paraskiewi
131490257,1707666,pl,Agia Paraskevi
131490334,1707667,pl,Agia Marina
131490411,1707668,pl,Agia Kyriaki
131490488,1707669,pl,Agia Kyriaki
131490565,1707670,pl,Agia Foteini
131490642,1707671,pl,Agia Eleni
131490719,1707672,pl,Agia Anna
131490796,1707673,pl,Axioupoli
131490873,1707674,pl,Axiochori
131491027,1707676,pl,Avgi
131491104,1707677,pl,Avgi
131491258,1707679,pl,Avgerinos
131491412,1707681,pl,Avra
131491489,1707682,pl,Avra
131491566,1707683,pl,Avli
131491643,1707684,pl,Avles
131491797,1707686,pl,Abdera
131491874,1707687,pl,Avaton
131491951,1707688,pl,Avas
131492028,1707689,pl,Athinganochori
131492105,1707690,pl,Atrapos
131492182,1707691,pl,Athyra
131492259,1707692,pl,Atarni
131492336,1707693,pl,Asvestopetra
131492413,1707694,pl,Asvestochori
131492567,1707696,pl,Asvestades
131492644,1707697,pl,Astris
131492721,1707698,pl,Assiros
131492798,1707699,pl,Asprogeia
131492875,1707700,pl,Asprovalta
131492952,1707701,pl,Asproula
131493029,1707702,pl,Aspros
131493106,1707703,pl,Asproneri
131493260,1707705,pl,Aspro
131493337,1707706,pl,Asprokklisia
131493414,1707707,pl,Asprochoma
131493491,1707708,pl,Asprokampos
131493568,1707709,pl,Asomatoi
131493645,1707710,pl,Asomata
131493722,1707711,pl,Askos
131493799,1707712,pl,Askici
131494030,1707715,pl,Asimenio
131494107,1707716,pl,Arzos
131494184,1707717,pl,Argyroupoli
131494261,1707718,pl,Argilos
131494338,1707719,pl,Arseni
131494415,1707720,pl,Arsakeio
131494492,1707721,pl,Arriana
131494569,1707722,pl,Arogi
131494646,1707723,pl,Aronas
131494723,1707724,pl,Arnissa
131494800,1707725,pl,Arnaia
131494877,1707726,pl,Armenokhorion
131495031,1707728,pl,Arkochori
131495108,1707729,pl,Archontiko
131495185,1707730,pl,Archontika
131495262,1707731,pl,Archangelos
131495339,1707732,pl,Archangelos
131495570,1707735,pl,Arisvi
131495647,1707736,pl,Aristino
131495724,1707737,pl,Aridea
131495801,1707738,pl,Argos Orestiko
131495878,1707739,pl,Areti
131495955,1707740,pl,Arethousa
131496032,1707741,pl,Ardassa
131496109,1707742,pl,Ardani
131496186,1707743,pl,Ardameri
131496263,1707744,pl,Aravissos
131496340,1707745,pl,Aratos
131496417,1707746,pl,Arachos
131496494,1707747,pl,Apsalos
131496571,1707748,pl,Aposkepos
131496648,1707749,pl,Apollonia
131496879,1707752,pl,Anthochori
131496956,1707753,pl,Anthochori
131497033,1707754,pl,Anthofyto
131497264,1707757,pl,Antheia
131497341,1707758,pl,Ano Zervochori
131497418,1707759,pl,Ano Vrontou
131497495,1707760,pl,Ano Thermes
131497572,1707761,pl,Ano Theodoraki
131497649,1707762,pl,Ano Stavros
131497726,1707763,pl,Ano Scholari
131497880,1707765,pl,Pteria
131497957,1707766,pl,Ano Potamia
131498034,1707767,pl,Ano Poroia
131498188,1707769,pl,Mitrousi
131498265,1707770,pl,Ano Mytikas
131498573,1707774,pl,Ano Lipochorion
131498650,1707775,pl,Ano Komi
131498727,1707776,pl,Ano Kleines
131498804,1707777,pl,Ano Kefalari
131498881,1707778,pl,Ano Kamila
131499035,1707780,pl,Ano Kalliniki
131499112,1707781,pl,Anoixia
131499189,1707782,pl,Ano Ydroussa
131499266,1707783,pl,Ano Grammatiko
131499343,1707784,pl,Ano Drosini
131499420,1707785,pl,Mikrochori
131499497,1707786,pl,Ano Agios Ioannis
131499574,1707787,pl,Ano Apostoloi
131499651,1707788,pl,San Carlos
131499728,1707789,pl,Anydro
131499805,1707790,pl,Angitis
131499882,1707791,pl,Agkistro
131499959,1707792,pl,Angista
131500036,1707793,pl,Angelochorion
131500190,1707795,pl,Angelochori
131500267,1707796,pl,Agkathia
131500344,1707797,pl,Antigonos
131500421,1707798,pl,Antigoneia
131500498,1707799,pl,Antifilippoi
131500575,1707800,pl,Andartikon
131500652,1707801,pl,Anayennisis
131500729,1707802,pl,Anavryto
131500883,1707804,pl,Anatoliko
131500960,1707805,pl,Anatoliko
131501114,1707807,pl,Anatoli
131501268,1707809,pl,Anastazja
131501345,1707810,pl,Anargyroi
131501422,1707811,pl,Skoupa
131501499,1707812,pl,Amvrosia
131501576,1707813,pl,Amorio
131501653,1707814,pl,Amuliani
131501730,1707815,pl,Ammovouno
131501807,1707816,pl,Ammoudia
131501884,1707817,pl,Ammoudara
131501961,1707818,pl,Ammos
131502038,1707819,pl,Ammochori
131502115,1707820,pl,Amisiana
131502192,1707821,pl,Amindeo
131502269,1707822,pl,Amygdaleonas
131502346,1707823,pl,Amygdalies
131502654,1707827,pl,Amfitriti
131502731,1707828,pl,Amfipolis
131502808,1707829,pl,Amfia
131502885,1707830,pl,Ampelokipoi
131502962,1707831,pl,Ampelochori
131503039,1707832,pl,Ampeloi
131503116,1707833,pl,Ampeleies
131503193,1707834,pl,Ampelakia
131503270,1707835,pl,Ampelakia
131503347,1707836,pl,Amaxades
131503501,1707838,pl,Amaranta
131503578,1707839,pl,Amaranta
131503655,1707840,pl,Aloros
131503809,1707842,pl,Alonia
131503886,1707843,pl,Alonia
131503963,1707844,pl,Alonakia
131504040,1707845,pl,Alona
131504117,1707846,pl,Alma
131504194,1707847,pl,Alkongui
131504271,1707848,pl,Alistrati
131504502,1707851,pl,Kalkim
131504656,1707853,pl,Aleksandropolis
131504733,1707854,pl,Aleksandria
131504810,1707855,pl,Aleksandria
131504887,1707856,pl,Alatopetra
131504964,1707857,pl,Akropotamos
131505041,1707858,pl,Akropotamos
131505118,1707859,pl,Akropotamia
131505195,1707860,pl,Akritochori Seron
131505272,1707861,pl,Akritas
131505349,1707862,pl,Akritas
131505426,1707863,pl,Akrini
131505580,1707865,pl,Achladochori
131505657,1707866,pl,Achladochori
131505734,1707867,pl,Achladia
131505888,1707869,pl,Achlada
131505965,1707870,pl,Achinos
131506042,1707871,pl,Akarpo
131506119,1707872,pl,Aigeiros
131506196,1707873,pl,Aiginion
131506273,1707874,pl,Aisymi
131506350,1707875,pl,Aidonochori
131506427,1707876,pl,Aidonochori
131506581,1707878,pl,Aidonia
131506658,1707879,pl,Aiani
131506735,1707880,pl,Agrosykia
131506812,1707881,pl,Agriani
131506889,1707882,pl,Agriani
131506966,1707883,pl,Agras
131507043,1707884,pl,Agora
131507120,1707885,pl,Agnanti
131507351,1707888,pl,Agapi
131507428,1707889,pl,Agalaioi
131507505,1707890,pl,Afytos
131507582,1707891,pl,Aetos
131507659,1707892,pl,Aetopetra
131507736,1707893,pl,Aetomilitsa
131507890,1707895,pl,Aetokoryfi
131508044,1707897,pl,Aetochori
131508121,1707898,pl,Adriani
131508198,1707899,pl,Adriani
131508275,1707900,pl,Adendro
131508352,1707901,pl,Adelfiko
131508429,1707902,pl,Adama
131508583,1707904,pl,Doirani
131508660,1707905,pl,Palatiano
131508737,1707906,pl,Kato Ptelea
131508814,1707907,pl,Nea Kotyli
131508891,1707908,pl,Kefalochori
131508968,1707909,pl,Platanakia
131509045,1707910,pl,Foteina
131509122,1707911,pl,Manastir Lokova
131509353,1707914,pl,Petra
131509507,1707916,pl,Nea Trapezounta
131509815,1707920,pl,Eirinoupoli
131509892,1707921,pl,Plevrona
131509969,1707922,pl,Rodakinia
131510354,1707927,pl,Komnineio
131510431,1707928,pl,Paralimni
131510585,1707930,pl,Megali Gefyra
131510662,1707931,pl,Tzimaiika
131511586,1707943,pl,Proastio
131511663,1707944,pl,Xifiani
131511740,1707945,pl,Dafni
131511817,1707946,pl,Trifylli
131511894,1707947,pl,Melissi
131512048,1707949,pl,Pontochori
131512356,1707953,pl,Kokartza
131512433,1707954,pl,Limnotopos
131512587,1707956,pl,Petroto
131512664,1707957,pl,Panteleimon
131513280,1707965,pl,Andromachi
131513357,1707966,pl,Moschochori
131513588,1707969,pl,Moschopotamos
131513665,1707970,pl,Katalonia
131513819,1707972,pl,Toxo
131513896,1707973,pl,Elafos
131513973,1707974,pl,Kaliwia Toriku
131514050,1707975,pl,Spourgitis
131514204,1707977,pl,Metaxades
131514281,1707978,pl,Zygos
131514435,1707980,pl,Giannades
131514512,1707981,pl,Xanthates
131514589,1707982,pl,Vrankaniotika
131514666,1707983,pl,Wuni
131514743,1707984,pl,Vouniatades
131514820,1707985,pl,Vitoulades
131514897,1707986,pl,Vistonas
131514974,1707987,pl,Viros
131515051,1707988,pl,Vinglatouri
131515128,1707989,pl,Vingla
131515205,1707990,pl,Velonades
131515282,1707991,pl,Vatos
131515359,1707992,pl,Vatonies
131515436,1707993,pl,Vasilatika
131515513,1707994,pl,Varypatades
131515590,1707995,pl,Valaneio
131515898,1707999,pl,Strongyli Agiou Panteleimona
131515975,1708000,pl,Strongyli
131516129,1708002,pl,Spartylas
131516206,1708003,pl,Sokraki
131516283,1708004,pl,Skripero
131516360,1708005,pl,Sinarades
131516437,1708006,pl,Sidari
131516514,1708007,pl,Sgourades
131516591,1708008,pl,Sfakera
131516822,1708011,pl,Roda
131516899,1708012,pl,Rachtades
131517130,1708015,pl,Agios Ilias
131517207,1708016,pl,Prinylas
131517284,1708017,pl,Poulades
131517361,1708018,pl,Potamos
131517438,1708019,pl,Porta
131517515,1708020,pl,Platonas
131517669,1708022,pl,Petaleia
131517823,1708024,pl,Peroulades
131517977,1708026,pl,Pentacja
131518054,1708027,pl,Pelekas
131518131,1708028,pl,Pagoi
131518362,1708031,pl,Paleokastritsa
131518439,1708032,pl,Othonoi
131518516,1708033,pl,Nisaki
131518593,1708034,pl,Nymfes
131518670,1708035,pl,Neochoraki
131518747,1708036,pl,Moraitika
131518824,1708037,pl,Mesongi
131518901,1708038,pl,Mesaria
131519209,1708042,pl,Marmaro
131519286,1708043,pl,Marathias
131519594,1708047,pl,Makrades
131519671,1708048,pl,Magoulades
131519748,1708049,pl,Loutsai
131519825,1708050,pl,Loukata
131519979,1708052,pl,Liapades
131520056,1708053,pl,Lafki
131520133,1708054,pl,Lakones
131520287,1708056,pl,Krini
131520364,1708057,pl,Kouspades
131520441,1708058,pl,Kouramades
131520595,1708060,pl,Kothonikion
131520672,1708061,pl,Kornata
131520826,1708063,pl,Kopsokhiladhes
131520903,1708064,pl,Kontokali
131521057,1708066,pl,Kompitsion
131521134,1708067,pl,Kokkinion
131521211,1708068,pl,Klimatia
131521365,1708070,pl,Kynopiastes
131521442,1708071,pl,Chorepiskopoi
131521519,1708072,pl,Chlomos
131521596,1708073,pl,Chlomatiana
131521750,1708075,pl,Korfu
131521904,1708077,pl,Kentroma
131521981,1708078,pl,Kellia
131522058,1708079,pl,Kavvadades
131522135,1708080,pl,Kavallouri
131522212,1708081,pl,Kavalleraina
131522289,1708082,pl,Kato Spilaio
131522366,1708083,pl,Kato Pavliana
131522443,1708084,pl,Kato Korakiana
131522520,1708085,pl,Kato Garouna
131522597,1708086,pl,Katavolos
131522674,1708087,pl,Kastellanoi
131522751,1708088,pl,Kastellanoi
131522828,1708089,pl,Kastanea
131522905,1708090,pl,Kassiopi
131522982,1708091,pl,Karousades
131523059,1708092,pl,Karyotiko
131523136,1708093,pl,Kanali
131523213,1708094,pl,Kanakades
131523290,1708095,pl,Kamara
131523367,1708096,pl,Kalafationes
131523444,1708097,pl,Ypsos
131523598,1708099,pl,Gouvia
131523675,1708100,pl,Gazatika
131523752,1708101,pl,Gavrades
131523829,1708102,pl,Gasturi
131523906,1708103,pl,Gardelades
131523983,1708104,pl,Evropouloi
131524060,1708105,pl,Ereikoussa
131524137,1708106,pl,Episkopiana
131524291,1708108,pl,Episkepsi
131524368,1708109,pl,Drosato
131524445,1708110,pl,Doukades
131524676,1708113,pl,Dafni
131524830,1708115,pl,Benitses
131524907,1708116,pl,Bastounion
131524984,1708117,pl,Agios Stefanos Sinion
131525061,1708118,pl,Agios Prokopios
131525138,1708119,pl,Agios Panteleimonas
131525292,1708121,pl,Agios Matthaios
131525369,1708122,pl,Los Charcos
131525446,1708123,pl,Agios Ioannis
131525523,1708124,pl,Agios Dimitrios
131525600,1708125,pl,Agios Atanasios
131525677,1708126,pl,Agioi Douloi
131525754,1708127,pl,Agioi Deka
131525831,1708128,pl,Avliotes
131525908,1708129,pl,Aspiotades
131525985,1708130,pl,Katsouratika
131526062,1708131,pl,Argyrades
131526139,1708132,pl,Arvenza Dos
131526216,1708133,pl,Arkadades
131526293,1708134,pl,Ano Pavliana
131526370,1708135,pl,Ano Korakiana
131526447,1708136,pl,Ano Garouna
131526524,1708137,pl,Antipernoi
131526678,1708139,pl,Analipsi
131526755,1708140,pl,Aleimmatades
131526832,1708141,pl,Alepou
131526909,1708142,pl,Alepochori
131526986,1708143,pl,Agros
131527063,1708144,pl,Agrafoi
131527140,1708145,pl,Agnitsini
131527217,1708146,pl,Afra
131527294,1708147,pl,Afionas
131527371,1708148,pl,Kalami
131527448,1708149,pl,Astrakari
131527602,1708151,pl,Stavros
131527679,1708152,pl,Linia
131527756,1708153,pl,Agios Nikolaos
131527987,1708156,pl,Wrilisia
131528064,1708157,pl,Faliraki
131528141,1708158,pl,Perissa
131528295,1708160,pl,Pounta
131528372,1708161,pl,Poseidi
131528526,1708163,pl,Vourvourou
131528603,1708164,pl,Ormos Panagias
131528680,1708165,pl,Pórto Cárras
131528757,1708166,pl,Psakoudia
131528834,1708167,pl,Torone
131529142,1708171,pl,Kiotari
131529219,1708172,pl,Pefkoi
131529450,1708175,pl,Koskinou
131529527,1708176,pl,Theologos
131529604,1708177,pl,Archipolis
131529758,1708179,pl,Vlicha
131529835,1708180,pl,Kalathos
131529912,1708181,pl,Platania
131530143,1708184,pl,Pefki
131530297,1708186,pl,Laganas
131530374,1708187,pl,Platis Jalos
131530451,1708188,pl,Fiskardo
131530682,1708191,pl,Agios Georgios Argyradon
131530759,1708192,pl,Kellia
131530836,1708193,pl,Sykaminie
131530913,1708194,pl,Paroikia
131530990,1708195,pl,Gialova
131531067,1708196,pl,Agios Prokopios
131531144,1708197,pl,Maragkas
131531298,1708199,pl,Lithochoro (Pieria)
131531375,1708200,pl,Platamonas
131531529,1708202,pl,Platanidia
131531683,1708204,pl,Tholos (Rhodos)
131531837,1708206,pl,Koukounaries
131531914,1708207,pl,Potos
131531991,1708208,pl,Chrysi Ammoudia
131532068,1708209,pl,Pedi
131532145,1708210,pl,Acharawi
131532222,1708211,pl,Agios Gordios
131532299,1708212,pl,Agios Georgios
131532376,1708213,pl,Barbati
131532453,1708214,pl,Boukaris
131532684,1708217,pl,Paralia Gerakinis
131532761,1708218,pl,Gialiskari
131532838,1708219,pl,Agia Effimia
131533069,1708222,pl,Tigaki
131533146,1708223,pl,Agia Galini
131533223,1708224,pl,Anissaras
131533377,1708226,pl,Ferma
131533454,1708227,pl,Paralia Fodele
131533531,1708228,pl,Jeorjupoli
131533608,1708229,pl,Istro
131533685,1708230,pl,Linoperamata
131533762,1708231,pl,Ligia
131533916,1708233,pl,Anaksos
131533993,1708234,pl,Kalafati
131534070,1708235,pl,Ornos
131534147,1708236,pl,Psaru
131534224,1708237,pl,Paraga
131534378,1708239,pl,Chrysomelia
131534609,1708242,pl,Gytheio
131534763,1708244,pl,Psari Forada
131534840,1708245,pl,Arvi
131535071,1708248,pl,Xerokampos Vahou
131535225,1708250,pl,Pastida
131535533,1708254,pl,Latsida
131535687,1708256,pl,Aegiali
131535995,1708260,pl,Kastraki
131536149,1708262,pl,Agia Pelagia
131536226,1708263,pl,Kamari
131536380,1708265,pl,Agios Nikolaos
131536457,1708266,pl,Ajos Dimitrios
131536611,1708268,pl,Stavros
131536688,1708269,pl,Agios Isidoros
131536919,1708272,pl,Paleokastritsa
131537073,1708274,pl,Archanes
131537150,1708275,pl,Ammoudara
131537227,1708276,pl,Agios Ioannis Diakoftis
131537458,1708279,pl,Piso Livadi
131537535,1708280,pl,Kastellocampos
131537689,1708282,pl,Panormos
131537920,1708285,pl,Parasporos
131537997,1708286,pl,Kalo Livadi
131538074,1708287,pl,Drios
131538151,1708288,pl,Nea Kydonia
131538228,1708289,pl,Foinikounta
131538382,1708291,pl,Grigos
131538459,1708292,pl,Analipsi
131538536,1708293,pl,Mylopotas
131538921,1708298,pl,Achladias
131538998,1708299,pl,Alikanas
131539075,1708300,pl,Naousa
131539229,1708302,pl,Kolympithres
131539460,1708305,pl,Skala
131539614,1708307,pl,Karavomylos
131539691,1708308,pl,Exomytis
131539845,1708310,pl,Ano Vasilikos
131539999,1708312,pl,Dafnila
131540076,1708313,pl,Vasilika Agiou Ioannou
131540230,1708315,pl,Megas Gialos
131540307,1708316,pl,Poseidonia
131540538,1708319,pl,Akrotiri
131540615,1708320,pl,Alykes
131540692,1708321,pl,Kato Guwes
131540846,1708323,pl,Saronida
131541077,1708326,pl,Agia Marina Sifnou
131541231,1708328,pl,"Poros, Kefalonia"
131541308,1708329,pl,Karteros
131541462,1708331,pl,Stelida
131541693,1708334,pl,Agia Pelagia
131541770,1708335,pl,Agios Charalampos
131541847,1708336,pl,Doumpia
131541924,1708337,pl,Exochi
131542078,1708339,pl,Agiassos
131542232,1708341,pl,Makry Gialos
131542386,1708343,pl,Chrysi Milia
131542463,1708344,pl,Charaki
131542540,1708345,pl,Pilona
131542771,1708348,pl,Agios Ioannis
131542848,1708349,pl,Stegna
131543002,1708351,pl,Psaras
131543079,1708352,pl,Ksiropigado
131543156,1708353,pl,Chorafakia
131543233,1708354,pl,Nydri
131543310,1708355,pl,Tersanas
131543464,1708357,pl,Akrefnio
131543618,1708359,pl,Archaia Nemea
131543926,1708363,pl,Ojuelos
131544311,1708368,pl,Chrissi Akti
131544388,1708369,pl,Chrysoskalitissa
131544465,1708370,pl,Plaka
131544696,1708373,pl,Kalamaki
131544850,1708375,pl,Fanari
131545158,1708379,pl,Choumeri
131545312,1708381,pl,Ioulida
131545466,1708383,pl,Exo Gialos
131545543,1708384,pl,Marathias
131546005,1708390,pl,Gavalochori
131546082,1708391,pl,Mikri Vigla
131546159,1708392,pl,Chalki
131546236,1708393,pl,Neo Venerato
131546390,1708395,pl,Acheroynes
131546544,1708397,pl,Kastanies
131547314,1708407,pl,Laouti
131547391,1708408,pl,Agios Sostis
131547468,1708409,pl,Kionia
131547776,1708413,pl,Agia Varvara
131548546,1708423,pl,Masari
131548623,1708424,pl,Malon
131548700,1708425,pl,Kameiros Skala
131548777,1708426,pl,Soroniego
131548931,1708428,pl,Marica
131549008,1708429,pl,Kalythies
131549162,1708431,pl,Kounopetra
131549316,1708433,pl,Astritsi
131549393,1708434,pl,Jerakas
131549470,1708435,pl,Megalo Chorio
131549547,1708436,pl,Tourlos
131549701,1708438,pl,Temenos
131549855,1708440,pl,Pantanassa
131550240,1708445,pl,Paliokastro
131550317,1708446,pl,Agioi Theodoroi
131550779,1708452,pl,Skala Mistegnon
131550856,1708453,pl,Loutra
131550933,1708454,pl,Adelianos Kampos
131551010,1708455,pl,Agiokampos
131551087,1708456,pl,Paralia Ofryniou
131551164,1708457,pl,Agia Kyriaki
131551241,1708458,pl,Agia Foteini
131551318,1708459,pl,Kalathas
131551472,1708461,pl,Iliupoli
131551549,1708462,pl,Koridalos
131551703,1708464,pl,Achlia
131551780,1708465,pl,Paralia Dionysiou
131552011,1708468,pl,Vlychada
131552088,1708469,pl,Rachi
131553166,1708483,pl,Agios Ioannis
131553474,1708487,pl,Steni Vala
131553628,1708489,pl,Chalikounas
131553705,1708490,pl,Mykytówka
131553782,1708491,pl,Akrogiali
131553936,1708493,pl,Zografos
131554013,1708494,pl,Pefki
131554090,1708495,pl,Aji Anarjiri
131554167,1708496,pl,Ambelokipi
131554244,1708497,pl,Fournoi
131554398,1708499,pl,Zachariana
131554552,1708501,pl,Ajos Stefanos
131554629,1708502,pl,Kaloutsikos
131554937,1708506,pl,Deliana
131555091,1708508,pl,Kipi Afiarti
131555168,1708509,pl,Kaloneri
131555245,1708510,pl,Agios Romanos
131555399,1708512,pl,Potidaja
131555476,1708513,pl,Elia
131555938,1708519,pl,Charavgi
131556015,1708520,pl,Koleni
131556169,1708522,pl,Vasiliana
131556400,1708525,pl,Chrysavgi
131556477,1708526,pl,Pontikiana
131556708,1708529,pl,Tavronitis
131556785,1708530,pl,Kalitea
131557555,1708540,pl,Metochi
131557786,1708543,pl,Oasi
131557863,1708544,pl,Vamvakopoulo
131558633,1708554,pl,Anemomyloi
131558710,1708555,pl,Pazinos
131558864,1708557,pl,Metochia
131559249,1708562,pl,Limni Vouliagmenis
131559557,1708566,pl,Larisos
131559634,1708567,pl,Agioi Pantes
131559865,1708570,pl,Livadia
131560250,1708575,pl,Klouvas
131560327,1708576,pl,Chalatses
131560404,1708577,pl,Apidias Lakkos
131560481,1708578,pl,Ajos Joanis Rendis
131560789,1708582,pl,Kouzouli(on)
131562175,1708600,pl,Lidiana
131562483,1708604,pl,Petaliana
131565101,1708638,pl,Kompiana
131566410,1708655,pl,Kavros
131566564,1708657,pl,Petres
131566795,1708660,pl,Violi Charaki
131566872,1708661,pl,Panorama
131566949,1708662,pl,Tria Monastiria
131567026,1708663,pl,Mikro Metochi
131567103,1708664,pl,Pigianos Kampos
131567180,1708665,pl,Megalo Metochi
131567257,1708666,pl,Blady
131567796,1708673,pl,Kissou Kampos
131567873,1708674,pl,Sfakaki
131568027,1708676,pl,Ajos Nikolaos
131568104,1708677,pl,Lavris
131568258,1708679,pl,Chani Alexandrou
131568720,1708685,pl,Avdanites
131568874,1708687,pl,Kefali
131569028,1708689,pl,Anemomyloi
131569105,1708690,pl,Kampos Apladianon
131569182,1708691,pl,Kampos Doxarou
131569798,1708699,pl,Chrysostomos
131570183,1708704,pl,Micheliana
131570568,1708709,pl,Xerokampos
131570722,1708711,pl,Platia Peramata
131571569,1708722,pl,Metochi Kapetanaki
131571646,1708723,pl,Vlychia
131571723,1708724,pl,Spilia
131571800,1708725,pl,Vatheianos Kampos
131571877,1708726,pl,Myrtia
131572031,1708728,pl,Komesowie
131572108,1708729,pl,Ampela
131572185,1708730,pl,Silamos
131572262,1708731,pl,Agios Vlasis
131572339,1708732,pl,Tsankaraki
131572416,1708733,pl,Drakouliaris
131572570,1708735,pl,Kollyvas
131572724,1708737,pl,Moni
131572878,1708739,pl,Kritharida
131573109,1708742,pl,Douli
131573340,1708745,pl,Monastiraki
131573494,1708747,pl,Vorias
131573571,1708748,pl,Plakiotissa
131573725,1708750,pl,Amygdalos
131573879,1708752,pl,Koumasa
131574187,1708756,pl,Agia Fotia Siteias
131574264,1708757,pl,Akhillio
131574341,1708758,pl,Therma
131574418,1708759,pl,Agia Eleousa
131574572,1708761,pl,Pano Gerani
131574649,1708762,pl,Arkoudi
131574880,1708765,pl,Agkisaras
131575188,1708769,pl,Ajia Warwara
131575265,1708770,pl,Epano Sisi
131576574,1708787,pl,Mavrikiano
131577113,1708794,pl,Rousa Limni
131577190,1708795,pl,Kalyvos
131577267,1708796,pl,Dyo Prinoi
131577344,1708797,pl,Drakos
131577421,1708798,pl,Wathah
131577498,1708799,pl,Forti
131577575,1708800,pl,Xirokampos
131577652,1708801,pl,Kefala
131577729,1708802,pl,Potamoi
131577806,1708803,pl,Kampos
131577883,1708804,pl,Stomio
131578037,1708806,pl,Nea Anatoli
131578114,1708807,pl,Kopanes
131578422,1708811,pl,Sidonia
131579269,1708822,pl,Agios Andreas
131579423,1708824,pl,Zacharinos
131580116,1708833,pl,Galini
131580193,1708834,pl,Mavros Kolympos
131580270,1708835,pl,Analipsi
131580347,1708836,pl,Aspros Potamos
131580501,1708838,pl,Kalo Nero
131581194,1708847,pl,Paralia Ampelou
131581348,1708849,pl,Karniaris
131581425,1708850,pl,Kedro
131581502,1708851,pl,Drimonas
131581656,1708853,pl,Sofiko
131581810,1708855,pl,Polia
131581887,1708856,pl,Alepochori
131581964,1708857,pl,Glyka Nera
131582118,1708859,pl,Paramonas
131582195,1708860,pl,Tavari
131582272,1708861,pl,Kolios
131582503,1708864,pl,Drapetsona
131582580,1708865,pl,Empoureios
131582734,1708867,pl,Kanava
131583196,1708873,pl,Neo Psichiko
131583273,1708874,pl,Psatha
131583504,1708877,pl,Magoula
131583581,1708878,pl,Timenion
131583735,1708880,pl,Temyrivka
131583812,1708881,pl,Rodochori
131583966,1708883,pl,Stathmos Lefkotheas
131584043,1708884,pl,Stathmos Angistas
131584120,1708885,pl,Nea Mesolakkia
131584274,1708887,pl,Niseloudi
131584505,1708890,pl,Dialekto
131584736,1708893,pl,Chloi
131584813,1708894,pl,Lakkomata
131585044,1708897,pl,Ano Perivoli
131585121,1708898,pl,Alithini
131585198,1708899,pl,Plaka
131585506,1708903,pl,Prassa
131585891,1708908,pl,Kaminia
131585968,1708909,pl,Kipos
131586199,1708912,pl,Katsaronas
131586353,1708914,pl,Varybobi
131586430,1708915,pl,Elies Daskaleiou
131586507,1708916,pl,Mylos
131586584,1708917,pl,Ano Thoriko
131586661,1708918,pl,Schinias
131586738,1708919,pl,Agios Panteleimon
131586815,1708920,pl,Llanitos A
131586892,1708921,pl,Pournari
131587046,1708923,pl,Kaki Thalassa
131587123,1708924,pl,Mikro Papigkon
131587200,1708925,pl,Sanatorio
131587277,1708926,pl,Palaiologio
131587354,1708927,pl,Nea Vrasna
131587662,1708931,pl,Pyrgoi
131587739,1708932,pl,Avlona
131587893,1708934,pl,Agia Paraskefi Agias Marinis
131587970,1708935,pl,Agrilia Kratigou
131588047,1708936,pl,Neapoli
131588509,1708942,pl,Ajia Warwara
131589125,1708950,pl,Vatera
131589202,1708951,pl,Agios Fokas
131589279,1708952,pl,Nea Ionia
131589356,1708953,pl,Zefyri
131589433,1708954,pl,Thrakomakedones
131589510,1708955,pl,Nea Pendeli
131589587,1708956,pl,Nea Chalkidona
131589664,1708957,pl,Esperides
131589818,1708959,pl,Thymari
131589895,1708960,pl,Wlitikos Statmos
131589972,1708961,pl,Ntaou Pentelis
131590126,1708963,pl,Rapentosa
131590203,1708964,pl,Kitsi
131590280,1708965,pl,Agia Marina
131590357,1708966,pl,Agios Dimitrios Kropias
131590434,1708967,pl,Karellas
131590511,1708968,pl,Agia Marina Mikrolimanou
131590588,1708969,pl,Nagashima
131590665,1708970,pl,Agios Georgios Thorikou
131590819,1708972,pl,Ano Daskaleio
131590896,1708973,pl,Moni Kakis Thalassis
131590973,1708974,pl,Dionysos Kerateas
131591050,1708975,pl,Maristra
131591127,1708976,pl,Venio Daskaleiou
131591204,1708977,pl,Vintzi Daskaleiou
131591281,1708978,pl,Myrteza
131591358,1708979,pl,Pefka
131591512,1708981,pl,Porto Ennia
131591589,1708982,pl,Maliakouki
131591666,1708983,pl,Tzonima
131591743,1708984,pl,Trechantiera
131591820,1708985,pl,Mikrolimano Kerateas
131591897,1708986,pl,Panorama Mikrolimanou
131591974,1708987,pl,Syri
131592051,1708988,pl,Triantafyllia
131592128,1708989,pl,Ari
131592205,1708990,pl,Megala Pefka
131592282,1708991,pl,Synterina
131592359,1708992,pl,Maliasteka
131592436,1708993,pl,Markati
131592590,1708995,pl,Sakka
131592667,1708996,pl,Manoutso
131592744,1708997,pl,Mitropisi
131592975,1709000,pl,Rimpari
131593052,1709001,pl,Paliokamariza
131593206,1709003,pl,Roumounti
131593360,1709005,pl,Zapani
131593514,1709007,pl,Skaleza Mitrantoni
131593591,1709008,pl,Kontra Vilara
131593668,1709009,pl,Rountzeri Lemprou
131593745,1709010,pl,Prisilimes
131593899,1709012,pl,Megali Avli
131593976,1709013,pl,Ergatikes Katoikies Attikis
131594053,1709014,pl,Agios Gerasimos
131594130,1709015,pl,Panormos
131594207,1709016,pl,Kato Posejdonia
131594284,1709017,pl,Agia Paraskevi Varnava
131594361,1709018,pl,Pourithi
131594515,1709020,pl,Agios Ioannis Varnava
131594592,1709021,pl,Agioi Dimitrios kai Panteleimon
131594746,1709023,pl,Moni Metamorfoseos Sotiros
131594823,1709024,pl,Agia Marina Grammatikou
131594900,1709025,pl,Sesi
131594977,1709026,pl,Avra
131595054,1709027,pl,Neos Voutzas
131595131,1709028,pl,Agia Triada Markopoulou
131595208,1709029,pl,Koylidas
131595285,1709030,pl,Chamolia
131595362,1709031,pl,Arjitea
131595439,1709032,pl,Dioni
131595516,1709033,pl,Kallitechnoupoli
131595593,1709034,pl,Neos Kouvaras
131595670,1709035,pl,Agia Kyriaki Spaton
131595747,1709036,pl,Etos Steko
131595824,1709037,pl,Imeros Pefkos
131595901,1709038,pl,Foinikas
131595978,1709039,pl,Agios Ioannis Spaton
131596055,1709040,pl,Neapoli Spaton
131596132,1709041,pl,Christoupoli
131596209,1709042,pl,Agios Nikolaos Boura
131596286,1709043,pl,Velanidia
131596363,1709044,pl,Ajia Triada
131596440,1709045,pl,Drosopigi
131596517,1709046,pl,Kosmothea
131596594,1709047,pl,Stathmos Afidnon
131596671,1709048,pl,Limni Marathonos
131596748,1709049,pl,Agioi Anargyroi Kapandritiou
131596825,1709050,pl,Sfendali
131596979,1709052,pl,Taksiarches
131597056,1709053,pl,Irakleideis
131597133,1709054,pl,Kamari
131597210,1709055,pl,Katifori
131597287,1709056,pl,Neo Sykamino
131597364,1709057,pl,Pefkias
131597441,1709058,pl,Pontioi
131597518,1709059,pl,Agios Konstantinos Oropou
131597595,1709060,pl,Agia Aikaterini
131597672,1709061,pl,Agios Athanasios Oropou
131597749,1709062,pl,Nea Politeia
131597826,1709063,pl,Kampos Oropou
131597903,1709064,pl,Platania Oropou
131597980,1709065,pl,Neos Pontos
131598442,1709071,pl,Veniza
131598596,1709073,pl,Agios Georgios Mandras
131598673,1709074,pl,Agios Sotiras
131598750,1709075,pl,Thea
131598904,1709077,pl,Diodia
131598981,1709078,pl,Lefka
131599135,1709080,pl,Nea Zoi
131599212,1709081,pl,Agia Triada Megaron
131599289,1709082,pl,Aigeirouses
131599366,1709083,pl,Moni Agiou Ioannou Prodromou
131599443,1709084,pl,Vlychada
131599520,1709085,pl,Koumintri
131599597,1709086,pl,Lakka Kalogirou
131599674,1709087,pl,Moni Agiou Ierotheou
131599751,1709088,pl,Moni Panachrantou
131599982,1709091,pl,Kryoneri
131600290,1709095,pl,Loukomi
131600444,1709097,pl,Milia
131600906,1709103,pl,Mikro Seirini
131600983,1709104,pl,Elefthero Prosfygon
131601060,1709105,pl,Ajia Triada
131601445,1709110,pl,Eleftherochori
131601522,1709111,pl,Lykostomo
131601599,1709112,pl,Metamorfosi
131601676,1709113,pl,Miliotades
131601753,1709114,pl,Karadimas
131601830,1709115,pl,Asprokklisi
131601907,1709116,pl,Ragio
131601984,1709117,pl,Sideri
131602138,1709119,pl,Marinos
131602677,1709126,pl,Neo Mikro Chorio
131602754,1709127,pl,Drosopigi
131602831,1709128,pl,Kubuli
131602985,1709130,pl,Kynigos
131603293,1709134,pl,Ksyrovrisi
131603370,1709135,pl,Agios Georgios Armenadon
131603447,1709136,pl,Agios Georgios Pagon
131603524,1709137,pl,Agia Pelagia
131603601,1709138,pl,Agios Stefanos Avlioton
131603755,1709140,pl,Kouknikades
131603832,1709141,pl,Staousa
131603909,1709142,pl,Afionitika
131603986,1709143,pl,Arillas
131604063,1709144,pl,Arillas Magouladon
131604294,1709147,pl,Agios Georgios Virou
131604371,1709148,pl,Perama
131604448,1709149,pl,Pikoulatika
131604525,1709150,pl,Soulaiika
131604602,1709151,pl,Chrysiida
131604679,1709152,pl,Kardamatika
131604833,1709154,pl,Agios Ioannis Karousadon
131604910,1709155,pl,Roda Karousadon
131604987,1709156,pl,Gousades
131605064,1709157,pl,Poulimates
131605141,1709158,pl,Tsoukalio
131605218,1709159,pl,Ajia Paraskiewi
131605295,1709160,pl,Livadi
131605372,1709161,pl,Psathylas
131605449,1709162,pl,Mega Ydri
131605834,1709167,pl,Agios Stefanos Episkepseos
131605911,1709168,pl,Agios Martinos
131606219,1709172,pl,Pelekito
131606604,1709177,pl,Imerolia
131606681,1709178,pl,Lithiasmenos
131606989,1709182,pl,Rachi
131607143,1709184,pl,Kokkini
131607451,1709188,pl,Kyra Chrysikou
131607528,1709189,pl,Lazaret
131607682,1709191,pl,Temploni
131607836,1709193,pl,Gardenos
131608067,1709196,pl,Gefyra
131608144,1709197,pl,Agia Anna
131608221,1709198,pl,Papathanatika
131608298,1709199,pl,Felekas
131608529,1709202,pl,Ajia Triada
131608606,1709203,pl,Kouramaditika
131608683,1709204,pl,Agios Vlasios
131608914,1709207,pl,Agios Onoufrios
131608991,1709208,pl,Kokkinogeia
131609068,1709209,pl,Plakoto
131609145,1709210,pl,Ajos Wasilios
131609222,1709211,pl,Limni
131609299,1709212,pl,Kato Agios Markos
131609453,1709214,pl,Pyrgi
131609607,1709216,pl,Mathraki
131609684,1709217,pl,Alonia
131609838,1709219,pl,Psarou
131609915,1709220,pl,Chamouzas
131610069,1709222,pl,Psaraiika
131610146,1709223,pl,Drosia
131610223,1709224,pl,Neromylos
131610454,1709227,pl,Agia Thekli
131610685,1709230,pl,Warwara
131610916,1709233,pl,Kalpaki
131610993,1709234,pl,Kalliteros
131611147,1709236,pl,Kydoni
131611455,1709240,pl,Margaraiika
131611686,1709243,pl,Keri
131611840,1709245,pl,Rachi
131611994,1709247,pl,Kalitea
131612071,1709248,pl,Steno
131612225,1709250,pl,Episkopos
131612302,1709251,pl,Kalavros
131612379,1709252,pl,Velika
131612610,1709255,pl,Korfalaki
131613149,1709262,pl,Pigadi
131613226,1709263,pl,Nies
131613303,1709264,pl,Kontarolakka
131613457,1709266,pl,Kalamakia
131613534,1709267,pl,Marpounta
131613765,1709270,pl,Melisia
131613842,1709271,pl,Petarades
131613919,1709272,pl,Plakes
131614304,1709277,pl,Troulaki
131614458,1709279,pl,Glifada
131614612,1709281,pl,Ajia Triada
131614689,1709282,pl,Psathaki
131615074,1709287,pl,Paralia Tholarion
131615151,1709288,pl,Lefkes
131615613,1709294,pl,Aerodromio
131615690,1709295,pl,Panorama
131615921,1709298,pl,Velanidia
131616075,1709300,pl,Dichalia
131616229,1709302,pl,Agrilitsa
131616537,1709306,pl,Spanaiika
131616691,1709308,pl,Chouni
131616845,1709310,pl,Merkourio
131617230,1709315,pl,Panagia
131617384,1709317,pl,Nea Dimaina
131617615,1709320,pl,Achladitsa
131617692,1709321,pl,Aji Anarjiri
131617769,1709322,pl,Kouverta
131617846,1709323,pl,Petrothalassa Kranidiou
131618308,1709329,pl,Avlona
131618539,1709332,pl,Kougouptie
131618847,1709336,pl,Ververouda
131618924,1709337,pl,Kosta
131619001,1709338,pl,Chinitsa
131619232,1709341,pl,Paralia Fournon
131619463,1709344,pl,Amarianos
131619540,1709345,pl,Iraio
131619771,1709348,pl,Kapodistrias
131619848,1709349,pl,Panagia
131619925,1709350,pl,Zysk Ilias
131620002,1709351,pl,Meligos
131620695,1709360,pl,Moles Kalyves
131621311,1709368,pl,Chysi Akti
131621619,1709372,pl,Gavradia
131622081,1709378,pl,Portes
131622158,1709379,pl,Mouries
131622235,1709380,pl,Paralia Portarias
131622389,1709382,pl,Metochi
131622466,1709383,pl,Agia Anastasia
131622543,1709384,pl,Kiourktsoglou
131622851,1709388,pl,Metochi Metamorfoseos
131622928,1709389,pl,Diastavrosi Palaiokastrou
131623544,1709397,pl,Imeri Elia
131624237,1709406,pl,La Escondida
131624314,1709407,pl,Koskinas
131624545,1709410,pl,Monolia
131625546,1709423,pl,Varella
131625623,1709424,pl,Drosia
131625777,1709426,pl,Koumarionas
131625931,1709428,pl,Nikola
131626624,1709437,pl,Charavgi
131626778,1709439,pl,Velanidia
131627240,1709445,pl,Rizovrachos
131627471,1709448,pl,Nea Poli
131627548,1709449,pl,Pountes
131628164,1709457,pl,Agios Syllas
131628395,1709460,pl,Neos Zygos
131628703,1709464,pl,Damaskinia
131628780,1709465,pl,Neos Xerias
131628857,1709466,pl,Ano Pontolivado
131628934,1709467,pl,Panagia
131629396,1709473,pl,Apovathra
131629550,1709475,pl,Vrysi
131629627,1709476,pl,Megas Alexandros
131630243,1709484,pl,Gourna
131630705,1709490,pl,Paralia Astridos
131631321,1709498,pl,Neochori Sintikis
131631398,1709499,pl,Thrakiko
131631475,1709500,pl,Omalo
131631706,1709503,pl,Agia Sotira
131631783,1709504,pl,Vamvakes
131631937,1709506,pl,Sataiika
131632014,1709507,pl,Ayia Marina
131632168,1709509,pl,Archaio Limani
131632245,1709510,pl,Agios Kosmas
131632322,1709511,pl,Dafni Examilion
131632399,1709512,pl,Kato Examilia
131632476,1709513,pl,Ayia Paraskevi
131632553,1709514,pl,Agios Dimitrios
131632707,1709516,pl,Panorama Xylokerizis
131632861,1709518,pl,Loutra Oraias Elenis
131633015,1709520,pl,Ntrassa
131633092,1709521,pl,Arakoukia
131633169,1709522,pl,Vlasaiika
131633477,1709526,pl,Pefkali
131633862,1709531,pl,Koutalas
131633939,1709532,pl,Mapsos
131634016,1709533,pl,Kavos
131634093,1709534,pl,Paradeisos
131634247,1709536,pl,Gefyra Isthmou
131634324,1709537,pl,Eirini
131634478,1709539,pl,Skaloma
131634632,1709541,pl,Dervenakia
131634709,1709542,pl,Kumartas
131634863,1709544,pl,Oikodomikos Synetairismos Ypallilon DEI
131634940,1709545,pl,Nees Vrysoules
131635017,1709546,pl,Paralia
131635171,1709548,pl,Dourvationa
131635402,1709551,pl,Efedron - Anagennisi
131635556,1709553,pl,Vounistra
131635633,1709554,pl,Lagorrachi
131635787,1709556,pl,Aiginitissa
131636018,1709559,pl,Ano Livadhion
131636403,1709564,pl,Pirgakia
131636480,1709565,pl,Agios Nektarios Porou
131636557,1709566,pl,Kyani Akti
131636634,1709567,pl,Kynosoura
131636711,1709568,pl,Spithari
131636788,1709569,pl,Dimitrani
131636865,1709570,pl,Kolones
131636942,1709571,pl,Maroudi
131637019,1709572,pl,Peristeria
131637096,1709573,pl,Elliniko Salaminas
131637173,1709574,pl,Mpatsi
131637250,1709575,pl,Steno
131637635,1709580,pl,Agia Sotira
131637712,1709581,pl,Mylos
131637943,1709584,pl,Chora
131638790,1709595,pl,Perdikovrysi
131638867,1709596,pl,Stathmos Bralou
131639021,1709598,pl,Neos Palamas
131639098,1709599,pl,Chalvantzaiika
131639175,1709600,pl,Agia Paraskevi Lamieon
131639252,1709601,pl,Zakaiika
131639329,1709602,pl,Ydromilos
131639406,1709603,pl,Nea Pavliani
131639791,1709608,pl,Mikrovivos
131640022,1709611,pl,Pournara
131640330,1709615,pl,Metalleia
131640484,1709617,pl,Koutsoufliani
131640792,1709621,pl,Trifyllia
131640946,1709623,pl,Akti
131641023,1709624,pl,Asproneri
131641100,1709625,pl,Neochori
131641177,1709626,pl,Nea Agnanti
131641254,1709627,pl,Agia Aikaterini
131641331,1709628,pl,Neo Thronio
131641639,1709632,pl,Drosia
131641716,1709633,pl,Panorama
131642409,1709642,pl,Stathmos Angelokastrou
131642563,1709644,pl,Bresiako
131642640,1709645,pl,Agios Ioannis Riganas
131642717,1709646,pl,Velouchi
131642794,1709647,pl,Yiannouzi
131642871,1709648,pl,Eleftheria
131643025,1709650,pl,Agios Georgios Kalyvion
131643102,1709651,pl,Kokkinopylia
131643179,1709652,pl,Raina
131643256,1709653,pl,Ayia Marina
131643410,1709655,pl,Ano Zevgaraki
131643641,1709658,pl,Kakavas
131644026,1709663,pl,Alonia
131644103,1709664,pl,Xirakia
131644257,1709666,pl,Elliniko
131644411,1709668,pl,Limni
131644719,1709672,pl,Dogri
131644796,1709673,pl,Agios Georgios Palaiokaryas
131646567,1709696,pl,Agia Triada
131646721,1709698,pl,Argyraiika
131646798,1709699,pl,Koropi
131646952,1709701,pl,Agios Atanasios
131647183,1709704,pl,Kalyves
131647337,1709706,pl,Ksifiasz
131647414,1709707,pl,Trochalia
131647722,1709711,pl,Paralia Vergas
131647799,1709712,pl,Agriomata
131647876,1709713,pl,Mousga
131648030,1709715,pl,Spitakia
131648107,1709716,pl,Zysk Ilias
131648184,1709717,pl,Kserokampi
131648261,1709718,pl,Mpournias
131648415,1709720,pl,Filotei
131648492,1709721,pl,Agios Fanourios
131648877,1709726,pl,Moeiwadi
131648954,1709727,pl,Taksiarchis
131649108,1709729,pl,Dodonoupoli
131649185,1709730,pl,Agia Triada Melingon
131649955,1709740,pl,Agrokipi
131650032,1709741,pl,Arjitea
131650263,1709744,pl,Episkopi
131650571,1709748,pl,Eleftherochori
131650802,1709751,pl,Ajia Triada
131650879,1709752,pl,Al Ya`rubiyah
131651033,1709754,pl,Agia Anna
131651110,1709755,pl,Karavados
131651187,1709756,pl,Agios Lavrentios
131651803,1709764,pl,Liapi
131651880,1709765,pl,Vitsa
131652111,1709768,pl,Kato Vereniki
131652265,1709770,pl,Palaiochora
131652573,1709774,pl,Asprochoma
131652650,1709775,pl,Ammos
131652727,1709776,pl,Kardamitsia
131652804,1709777,pl,Kato Marmara
131652881,1709778,pl,Olimpiada
131652958,1709779,pl,Velissarios
131653035,1709780,pl,Penteli
131653112,1709781,pl,Tsiflikopoulo
131653189,1709782,pl,Eksochi
131653266,1709783,pl,Kato Neochoropoulo
131653343,1709784,pl,Fteri
131653420,1709785,pl,Chioniasa
131653574,1709787,pl,Goulas
131653728,1709789,pl,Platanos
131653882,1709791,pl,Mpaltouma
131654036,1709793,pl,Neo Gerakari
131654113,1709794,pl,Analipsi
131654267,1709796,pl,Paralia Chiliadou
131654421,1709798,pl,Agii Apostoli
131654498,1709799,pl,Akti Nireos
131654575,1709800,pl,Panorama
131654652,1709801,pl,Nea Lefki
131654806,1709803,pl,Neos Oikismos
131654883,1709804,pl,Krepeni
131654960,1709805,pl,Pallinostountes
131655268,1709809,pl,Koufonisi
131655422,1709811,pl,Agrapidies
131655499,1709812,pl,Analipsi
131655653,1709814,pl,Ano Achlada
131655884,1709817,pl,Paralia Agiou Nikolaou
131655961,1709818,pl,Agiokampos
131656192,1709821,pl,Skepasti
131656731,1709828,pl,Platania
131656808,1709829,pl,Chantziliako
131657039,1709832,pl,Balaiika
131657347,1709836,pl,Prosilia
131657424,1709837,pl,Nevropoli
131657501,1709838,pl,Razia
131657655,1709840,pl,Niforeika
131657809,1709842,pl,Plaaka Dilesi
131657886,1709843,pl,Paralia Vatheos
131657963,1709844,pl,Kronia
131658040,1709845,pl,Anthidona
131658348,1709849,pl,Kokolaiika
131658733,1709854,pl,Dendra
131659272,1709861,pl,Garefeio
131659349,1709862,pl,Myrthianos Plakias
131659426,1709863,pl,Kampos
131659503,1709864,pl,Suda
131659657,1709866,pl,Palaia Taverna
131660042,1709871,pl,Pigadakia
131660119,1709872,pl,Plintri
131660196,1709873,pl,Faros Armenistis
131660273,1709874,pl,Ios Chora
131660350,1709875,pl,Agios Georgios Methystis
131660427,1709876,pl,Skafidaras
131660504,1709877,pl,Timios Stavros
131660581,1709878,pl,Ammoudi
131660658,1709879,pl,Mades
131660812,1709881,pl,Ksirokampos
131660889,1709882,pl,Agios Dimitrios Rodias
131660966,1709883,pl,Plaitis
131661043,1709884,pl,Aktio
131661120,1709885,pl,Diliso
131661197,1709886,pl,Drapanos
131661351,1709888,pl,Zervochia
131661659,1709892,pl,Agios Isidoros
131661736,1709893,pl,Iolkos
131661813,1709894,pl,Anakasia
131661890,1709895,pl,Agios Onoufrios
131661967,1709896,pl,Agios Panteleimon Makry Gialou
131662044,1709897,pl,Kato Rodini
131662121,1709898,pl,Kyani Akti
131662198,1709899,pl,Kourouta
131663122,1709911,pl,Agios Antonios Kallergianon
131663199,1709912,pl,Kampos Kallergianon
131663276,1709913,pl,Palouki
131663353,1709914,pl,Panagia
131663430,1709915,pl,Fokia
131663507,1709916,pl,Ikaros
131663584,1709917,pl,Psinthos
131664431,1709928,pl,Damalas
131664508,1709929,pl,Pyrgaki
131664662,1709931,pl,Myrisis
131664816,1709933,pl,Faraklo
131665124,1709937,pl,Lionas
131665278,1709939,pl,Zoodochos Pigi
131665355,1709940,pl,Agioi Pantes
131665432,1709941,pl,Agios Arsenios
131665586,1709943,pl,Akrotiri
131665663,1709944,pl,Agios Thalelaios
131665740,1709945,pl,Kourounochori
131665894,1709947,pl,Mesi Potamia
131666356,1709953,pl,Moni Genniseos Theotokou
131666510,1709955,pl,Profitis Ilias Dafnotis
131666741,1709958,pl,Agia Pelagia
131666818,1709959,pl,Pelekita
131666972,1709961,pl,Stavromeno
131667049,1709962,pl,Agios Ioannis Epano Vatheias
131667126,1709963,pl,Vrachokipos
131667434,1709967,pl,Simantra
131667511,1709968,pl,Filia
131667742,1709971,pl,Święty Jerzy
131667819,1709972,pl,Mylopotamos
131667896,1709973,pl,Afrathias
131668050,1709975,pl,Neo Kalamaki
131668127,1709976,pl,Ano Viranepiskopi
131668204,1709977,pl,Pyrgos
131668281,1709978,pl,Agna
131669051,1709988,pl,Lakka Leontari
131670822,1710011,pl,Meteory
131671746,1710023,pl,Trikorynthos
131673055,1710040,pl,Sochoria
131673132,1710041,pl,Agios Serafeim
131673979,1710052,pl,Amfithea
131674133,1710054,pl,Prasies
131674287,1710056,pl,Koroni
131674749,1710062,pl,Koritizes
131675134,1710067,pl,Agios Nektarios
131675288,1710069,pl,Ano Sounio
131675981,1710078,pl,Fousa
131676520,1710085,pl,Galini
131676982,1710091,pl,Kampos Koilados
131677444,1710097,pl,Nea Pallini
131677521,1710098,pl,Gargittos
131677906,1710103,pl,Neoktista
131678060,1710105,pl,Nkoritsa
131678291,1710108,pl,Paliochori
131678907,1710116,pl,Agia Sotira
131679292,1710121,pl,Makryammos
131679369,1710122,pl,Ano Loutropyrgos
131679677,1710126,pl,Perama
131679754,1710127,pl,Iremo Kyma
131680601,1710138,pl,Delpoura
131680832,1710141,pl,Venistres
131681063,1710144,pl,Vouliagmeni Kinetas
131682680,1710165,pl,Cheroma
131683296,1710173,pl,Chania
131683373,1710174,pl,Spilia
131683450,1710175,pl,Argos
131683527,1710176,pl,Vothynoi
131683604,1710177,pl,Kamari
131683912,1710181,pl,Megalo Neorio
131684066,1710183,pl,Bisiaiika
131684682,1710191,pl,Batoudiana
131684990,1710195,pl,Liontari
131685991,1710208,pl,Agios Charalampos
131686376,1710213,pl,Sourla
131686607,1710216,pl,Evangelistria
131687069,1710222,pl,Agios Nikolaos Vochas
131687223,1710224,pl,Evreiaki
131687454,1710227,pl,Loutro Elenis
131688224,1710237,pl,Karountzaiika
131688609,1710242,pl,Kato Geitonia
131688917,1710246,pl,Vodino
131689148,1710249,pl,Lompokas
131689302,1710251,pl,Paleos Paos
131689687,1710256,pl,Kato Raches
131689764,1710257,pl,Agios Polykarpos
131689841,1710258,pl,Ajos Dimitrios
131689918,1710259,pl,Christos
131689995,1710260,pl,Zysk Ilias
131690149,1710262,pl,Mandria
131690380,1710265,pl,Kampos
131690457,1710266,pl,Pigi
131690534,1710267,pl,Marathos
131690611,1710268,pl,Frantato
131690688,1710269,pl,Plagia Chrysostomou
131690765,1710270,pl,Kosoikia
131690919,1710272,pl,Dafni
131690996,1710273,pl,Akamatra
131691073,1710274,pl,Kerameio
131691150,1710275,pl,Karavostamo
131691227,1710276,pl,Droutsoulas
131691304,1710277,pl,Arethousa
131691612,1710281,pl,Chrysostomos
131691920,1710285,pl,Therma
131691997,1710286,pl,Tsouredes
131692151,1710288,pl,Katafygio
131692228,1710289,pl,Mavrato
131692459,1710292,pl,Monokampi
131692613,1710294,pl,Perdiki
131692767,1710296,pl,Gavvathas
131692844,1710297,pl,Thermis Skala
131692998,1710299,pl,Drakontio
131693075,1710300,pl,Ajos Dimitrios
131693229,1710302,pl,Iamatikes Piges
131693306,1710303,pl,Aladino
131693383,1710304,pl,Neraida
131693460,1710305,pl,Kiparisso
131693537,1710306,pl,Damaskinos
131693614,1710307,pl,Ano Tripotama
131693691,1710308,pl,Ano Psofida
131693768,1710309,pl,Stawrodromi
131693922,1710311,pl,Kato Tripotama
131694230,1710315,pl,Agali
131694692,1710321,pl,Kares
131694769,1710322,pl,Paralia
131694846,1710323,pl,Paralia
131694923,1710324,pl,Paralia
131695000,1710325,pl,Paralia
131695154,1710327,pl,Sitochori
131695462,1710331,pl,Stafylos
131696694,1710347,pl,Kastanida
131696848,1710349,pl,Koila
131696925,1710350,pl,Potamoi
131697156,1710353,pl,Skala Avdiron
131697464,1710357,pl,Sprzedaj
131697849,1710362,pl,Agios Vlasios
131698003,1710364,pl,Elaiofyto
131698080,1710365,pl,Ano Kourtesi
131698234,1710367,pl,Chania
131698542,1710371,pl,Kato Kavouri
131698619,1710372,pl,Kavouri
131698773,1710374,pl,Itia
131699004,1710377,pl,Agios Georgios Latzoiou
131699081,1710378,pl,Vatias
131699543,1710384,pl,Nea Charavgi
131699620,1710385,pl,Kokkinolithari
131699851,1710388,pl,Olomades
131699928,1710389,pl,Plaka Litochorou
131700005,1710390,pl,Sgourou
131700159,1710392,pl,Nowy Pandeleimon
131700236,1710393,pl,Nea Chrani
131700698,1710399,pl,Lebestena
131700852,1710401,pl,Limenari
131701083,1710404,pl,Paliampela
131701237,1710406,pl,Sounio
131701468,1710409,pl,Dafni
131701545,1710410,pl,Dafni
131701930,1710415,pl,Ai Giannis o Portos
131702007,1710416,pl,Keramidia
131702084,1710417,pl,Memi
131702161,1710418,pl,Traganon
131702238,1710419,pl,Ifestos
131702315,1710420,pl,Kritiri
131702392,1710421,pl,Mavrika
131702469,1710422,pl,Paliouria
131702700,1710425,pl,Iliokentima
131702777,1710426,pl,Paleo Erasmio
131702854,1710427,pl,Alexandrini
131702931,1710428,pl,Kato Sotiritsa
131703008,1710429,pl,Ethniki Antistasi
131703162,1710431,pl,Grigoritika
131703239,1710432,pl,Nea Agrilia
131703316,1710433,pl,Neo Klima
131703547,1710436,pl,Ormos Lemonias
131703624,1710437,pl,Chania
131703932,1710441,pl,Vela
131704240,1710445,pl,Scholi Astynomias
131704317,1710446,pl,Anthochori
131704394,1710447,pl,Trikorfo
131704471,1710448,pl,Nea Zoi
131704548,1710449,pl,Ano Amaksades
131704625,1710450,pl,Georgios Karaiskakis
131704702,1710451,pl,Marathos
131704779,1710452,pl,Lofoupoli
131704856,1710453,pl,Ayia Irini
131704933,1710454,pl,Semeli
131705010,1710455,pl,Agios Christoforos
131705087,1710456,pl,Agios Ioannis
131705164,1710457,pl,Karya
131705241,1710458,pl,Sidirades
131705318,1710459,pl,Omiriko
131705395,1710460,pl,Agra
131705472,1710461,pl,Ifta'
131705549,1710462,pl,Kritharia
131705626,1710463,pl,Kampos
131705780,1710465,pl,Kalyvia
131705857,1710466,pl,Ambelia
131705934,1710467,pl,Karyes
131706011,1710468,pl,Stavros
131706165,1710470,pl,Panorama
131706242,1710471,pl,Metamorfosi Sotiros
131706319,1710472,pl,Roussa
131706396,1710473,pl,Dasokhori
131706473,1710474,pl,Kinyra
131706550,1710475,pl,Zysk Ilias
131706627,1710476,pl,Ennato
131706704,1710477,pl,Palea Krovyli
131706781,1710478,pl,Eora
131706858,1710479,pl,Velanidia
131706935,1710480,pl,Agios Apostolos o Neos
131707012,1710481,pl,Al Ya`rubiyah
131707089,1710482,pl,Perichora
131707243,1710484,pl,Xirokambos
131707397,1710486,pl,Malaki
131707474,1710487,pl,Wrokia
131707551,1710488,pl,Paleokastro
131707628,1710489,pl,Servanates
131707782,1710491,pl,Goritsa
131707859,1710492,pl,Demetriasz
131707936,1710493,pl,Antallaksima
131708013,1710494,pl,Varkos
131708167,1710496,pl,Paliambela
131708321,1710498,pl,Sanatorio Makris
131708398,1710499,pl,Milia Louka
131708552,1710501,pl,Revma
131708629,1710502,pl,Vrysopoyles
131708860,1710505,pl,Ayia Kyriaki
131708937,1710506,pl,Agios Ioannis
131709014,1710507,pl,Milia Tripoleos
131709091,1710508,pl,Nea Arvi
131709168,1710509,pl,Tsifliki
131709399,1710512,pl,Ano Mixorrouma
131709476,1710513,pl,Dilofo
131709553,1710514,pl,Tavropos
131709707,1710516,pl,Klima
131709861,1710518,pl,Trinisa
131709938,1710519,pl,Velota
131710015,1710520,pl,Koumani
131710169,1710522,pl,Valtaki
131710246,1710523,pl,Kato Makrysi
131710323,1710524,pl,Palia Kallisti
131710477,1710526,pl,Kerasia
131710554,1710527,pl,Kato Tholos
131710862,1710531,pl,Temenos
131710939,1710532,pl,Panepistimioupolis
131711016,1710533,pl,Izaja
131711324,1710537,pl,Paralia Dikellon
131711401,1710538,pl,Jeriko
131711478,1710539,pl,Petrolofos
131711632,1710541,pl,Potamia
131711863,1710544,pl,Pigadoulia
131711940,1710545,pl,Demenika
131712017,1710546,pl,Kolireikes Parages
131712094,1710547,pl,Agios Georgios
131712171,1710548,pl,Stathmos
131712248,1710549,pl,Akropotamos
131712325,1710550,pl,Awrami
131712402,1710551,pl,Megalos Kampos
131712479,1710552,pl,Lefka Vomvokous
131712556,1710553,pl,Ayia Marina
131712633,1710554,pl,Paralia Alissou
131712710,1710555,pl,Agios Nikolaos
131712787,1710556,pl,Mavromadila
131712941,1710558,pl,Vationas
131713018,1710559,pl,Romeika
131713095,1710560,pl,Ioniko
131713403,1710564,pl,Stathmos
131713711,1710568,pl,Kokkona
131713788,1710569,pl,Agios Nikolaos
131713865,1710570,pl,Ano Vounena
131713942,1710571,pl,Kampos
131714019,1710572,pl,Paleomylos
131714250,1710575,pl,Kefalovrysos Stamnas
131714327,1710576,pl,Filotei
131714404,1710577,pl,Mesokampos
131714481,1710578,pl,Trelangatha
131714558,1710579,pl,Zesti
131714635,1710580,pl,Arwaniteika
131714712,1710581,pl,Kokori
131714789,1710582,pl,Khaliki
131714866,1710583,pl,Bouza
131714943,1710584,pl,Neo Chalkiopoulo
131715020,1710585,pl,Vrakhneika
131715097,1710586,pl,Kato Mastrantoni
131715174,1710587,pl,Karpeta
131715251,1710588,pl,Bantzeika
131715328,1710589,pl,Ayios Konstantinos
131715405,1710590,pl,Kefalovryso Messatidos
131715482,1710591,pl,Ayios Stefanos
131715559,1710592,pl,Bakari
131715790,1710595,pl,Zysk Ilias
131715867,1710596,pl,Ryaki
131715944,1710597,pl,Al Marki'
131716021,1710598,pl,Glikorizo
131716098,1710599,pl,Kapandriti
131716175,1710600,pl,Syntriadha
131716252,1710601,pl,Antopyrgos
131716329,1710602,pl,Kavasilakia
131716406,1710603,pl,Pyrgi
131716483,1710604,pl,Tragano Ayiou Ioannou
131716637,1710606,pl,Palatas
131716714,1710607,pl,Kampos
131716791,1710608,pl,Karoutes
131716868,1710609,pl,Avlona
131716945,1710610,pl,Agios Nikolaos
131717099,1710612,pl,Bourboulas
131717253,1710614,pl,Kampos
131717407,1710616,pl,Panayia
131717484,1710617,pl,Neokhori Xirokhoriou
131717715,1710620,pl,Panorama
131717792,1710621,pl,Kato Taxiarkhes
131718023,1710624,pl,Dhrakos
131718254,1710627,pl,Nea Kerinia
131718331,1710628,pl,Nea Skillountia
131718408,1710629,pl,Thyamos
131718485,1710630,pl,Ayia Kyriaki
131718716,1710633,pl,Kambos
131718793,1710634,pl,Nea Malesiadha
131718870,1710635,pl,Ammousa
131718947,1710636,pl,Perivolia
131719024,1710637,pl,Lambino
131719101,1710638,pl,Neo Salmeniko
131719178,1710639,pl,Sotiras
131719409,1710642,pl,Chani Gryllou
131719563,1710644,pl,Moschoula
131719640,1710645,pl,Neo Khorio
131719717,1710646,pl,Anemokhoraki
131719794,1710647,pl,Kato Amygdalies
131719871,1710648,pl,Molos
131719948,1710649,pl,Neapoli
131720102,1710651,pl,Kouvaras
131720179,1710652,pl,Ayia Sofia
131720256,1710653,pl,Zoni Energou Poleodomias
131720333,1710654,pl,Pighadhia
131720410,1710655,pl,Kranos
131720487,1710656,pl,Ambelas
131720564,1710657,pl,Mykhos
131720795,1710660,pl,Plataniasz
131720872,1710661,pl,Kydonies
131720949,1710662,pl,Koimisi
131721103,1710664,pl,Potamia
131721180,1710665,pl,Święty Jerzy
131721257,1710666,pl,Agrapidokampos
131721334,1710667,pl,Kato Drosia
131721873,1710674,pl,Egies
131722258,1710679,pl,Tapia
131722489,1710682,pl,Neoi Agioi Pantes
131722643,1710684,pl,Paralia Agion Panton
131723182,1710691,pl,Genimakia
131723336,1710693,pl,Koumani
131723413,1710694,pl,Kroki
131723567,1710696,pl,Agios Stefanos
131723644,1710697,pl,Dimilia
131723798,1710699,pl,Nea Lava
131724260,1710705,pl,Agia Varvara
131724337,1710706,pl,Gola
131724414,1710707,pl,Achladia
131724491,1710708,pl,Mesa
131724568,1710709,pl,Alopronoia
131724722,1710711,pl,Ypapanti
131725030,1710715,pl,Sarakiniko
131725107,1710716,pl,Alykes
131725184,1710717,pl,Pelekistra
131726031,1710728,pl,Kato Varvasena
131726185,1710730,pl,Filotei
131726262,1710731,pl,Ergatikes Katikies
131726493,1710734,pl,Maza
131726570,1710735,pl,Pounta
131726801,1710738,pl,Gyrista
131726878,1710739,pl,Aspro Chorio
131726955,1710740,pl,Krotiri
131727032,1710741,pl,Kamares
131727109,1710742,pl,Kato Fellos
131727186,1710743,pl,Kato Katakoilos
131727263,1710744,pl,Ayios
131727340,1710745,pl,Drosia
131727494,1710747,pl,Theotokos
131727648,1710749,pl,Palia Ampelia
131727725,1710750,pl,Dhamatria
131727802,1710751,pl,Archipoli
131727879,1710752,pl,Kamara
131727956,1710753,pl,Temenia
