id,city_id,language_key,name
293248316,3808420,pt,Zastawie
293248393,3808421,pt,Wichrowiec
293248470,3808422,pt,Predocin
293248624,3808424,pt,Malszewko
293248701,3808425,pt,Poraj
293248855,3808427,pt,Zyznow
293248932,3808428,pt,Zyznow
293249009,3808429,pt,Zyzdrojowy Piecek
293249163,3808431,pt,Zywy
293249240,3808432,pt,Zywkowo
293249317,3808433,pt,Zywki
293249394,3808434,pt,Zywa Woda
293249471,3808435,pt,Zytowo
293249548,3808436,pt,Zytnia
293249625,3808437,pt,Zytkiejmy
293249702,3808438,pt,Zyslawice
293249856,3808440,pt,Zyrzyn
293249933,3808441,pt,Zyrwiny
293250010,3808442,pt,Zyrowek
293250087,3808443,pt,Żyrardów
293250164,3808444,pt,Żyrardów
293250241,3808445,pt,Zyrakow
293250318,3808446,pt,Zynie
293250395,3808447,pt,Zyndranowa
293250472,3808448,pt,Yunaki
293250549,3808449,pt,Zylki
293250626,3808450,pt,Zybiny
293250703,3808451,pt,Zybiny
293251011,3808455,pt,Zygmunty
293251088,3808456,pt,Zygmunty
293251242,3808458,pt,Zygmuntowo
293251473,3808461,pt,Zygmuntow
293251550,3808462,pt,Zygmuntow
293251627,3808463,pt,Zydy
293251704,3808464,pt,Zydy
293251858,3808466,pt,Zydowo
293251935,3808467,pt,Zydowek
293252012,3808468,pt,Zydow
293252089,3808469,pt,Zydow
293252166,3808470,pt,Zydomice
293252243,3808471,pt,Zyczyn
293252397,3808473,pt,Zyciny
293252474,3808474,pt,Zychy
293252551,3808475,pt,Zychowo
293252628,3808476,pt,Zychowki
293252705,3808477,pt,Zychorzyn
293252782,3808478,pt,Zwoleń
293252859,3808479,pt,Zwoleń
293253013,3808481,pt,Zwola Poduchowna
293253167,3808483,pt,Zwola
293253244,3808484,pt,Zwola
293253321,3808485,pt,Zwodne
293253475,3808487,pt,Zwierzyniec
293253706,3808490,pt,Zwierzyniec
293253860,3808492,pt,Zwierzyniec
293253937,3808493,pt,Zwierzyniec
293254014,3808494,pt,Zwierzyn
293254091,3808495,pt,Zwierzewo
293254168,3808496,pt,Zwierzany
293254245,3808497,pt,Zwiernik
293254322,3808498,pt,Rzeszów
293254476,3808500,pt,Zwiartowek
293254553,3808501,pt,Zwiartow
293254630,3808502,pt,Uzunkas
293254707,3808503,pt,Zuzela
293254784,3808504,pt,Zuzanow
293254938,3808506,pt,Zusno
293255015,3808507,pt,Zuski
293255092,3808508,pt,Zusenko
293255169,3808509,pt,Zurowa
293255246,3808510,pt,Zurominek
293255323,3808511,pt,Zurobice
293255400,3808512,pt,Zurawniki
293255477,3808513,pt,Zurawniki
293255554,3808514,pt,Zurawniki
293255631,3808515,pt,Zurawnica
293255708,3808516,pt,Zurawlow
293255785,3808517,pt,Zurawka
293255862,3808518,pt,Zurawka
293256016,3808520,pt,Zurawieniec
293256247,3808523,pt,Zurawiec
293256324,3808524,pt,Zurawie
293256401,3808525,pt,Zurawiczki
293256478,3808526,pt,Zurawica
293256632,3808528,pt,Zurawica
293256709,3808529,pt,Zurawce
293256786,3808530,pt,Zupawa
293256863,3808531,pt,Zulin
293256940,3808532,pt,Zulin
293257017,3808533,pt,Zulice
293257094,3808534,pt,Krzesk Stary
293257171,3808535,pt,Zukowo-Wawrzonki
293257248,3808536,pt,Zukowo Strusie
293257479,3808539,pt,Stare Zukowice
293257556,3808540,pt,Nowe Zukowice
293257633,3808541,pt,Zukow
293257941,3808545,pt,Zukow
293258018,3808546,pt,Zukow
293258172,3808548,pt,Zukow
293258403,3808551,pt,Zukow
293258480,3808552,pt,Zuk Nowy
293258557,3808553,pt,Zuklin
293258634,3808554,pt,Zuki
293259096,3808560,pt,Zugienie
293259173,3808561,pt,Zucielec
293259250,3808562,pt,Zubrzyk
293259327,3808563,pt,Zubrzyca Wielka
293259404,3808564,pt,Zubrzyca Mala
293259481,3808565,pt,Zubrynek
293259558,3808566,pt,Zubry
293259789,3808569,pt,Zubracze
293259866,3808570,pt,Zubowo
293259943,3808571,pt,Zubowice
293260020,3808572,pt,Zubole
293260097,3808573,pt,Zubki Male
293260174,3808574,pt,Zubki Duze
293260251,3808575,pt,Zubki
293260482,3808578,pt,Zubacze
293260636,3808580,pt,Zrobki
293260713,3808581,pt,Zreczyce
293260790,3808582,pt,Zrecze Male
293260867,3808583,pt,Zrecze Duze
293260944,3808584,pt,Zrecin
293261021,3808585,pt,Zrebin
293261098,3808586,pt,Zrebce
293261175,3808587,pt,Zosinowo
293261252,3808588,pt,Zosinek
293261329,3808589,pt,Zosin
293261637,3808593,pt,Zosin
293261791,3808595,pt,Zolynia
293261868,3808596,pt,Zolwin
293261945,3808597,pt,Zoltki
293262022,3808598,pt,Zhovtantsi
293262099,3808599,pt,Zolocki
293262176,3808600,pt,Zlobek
293262253,3808601,pt,Zolkwy
293262330,3808602,pt,Zolkiewka
293262407,3808603,pt,Zolkiewka
293262484,3808604,pt,Zolkiew
293262638,3808606,pt,Zohatyn
293262715,3808607,pt,Zofiowka
293262792,3808608,pt,Zofiowka
293263023,3808611,pt,Zofiowka
293263100,3808612,pt,Zofiowka
293263177,3808613,pt,Zofiow
293263254,3808614,pt,Zofinin
293263331,3808615,pt,Zofijowka
293263485,3808617,pt,Zofianowka
293263562,3808618,pt,Zofianow
293263639,3808619,pt,Zofianka Gorna
293263716,3808620,pt,Zofianka Dolna
293263793,3808621,pt,Zofianka
293263870,3808622,pt,Zofian
293263947,3808623,pt,Zodzie
293264024,3808624,pt,Zocie
293264332,3808628,pt,Zochy
293264409,3808629,pt,Zochowo
293264563,3808631,pt,Zochcin
293264640,3808632,pt,Znoski
293264717,3808633,pt,Zhniatyno
293264794,3808634,pt,Znamirowice
293264871,3808635,pt,Znamiaczki
293264948,3808636,pt,Zmyslowka
293265179,3808639,pt,Comuna de Żmudź
293265256,3808640,pt,Zminne
293265333,3808641,pt,Zmijowiska
293265410,3808642,pt,Zmijowiska
293265564,3808644,pt,Zmijewo-Kuce
293265641,3808645,pt,Zmijewo Koscielne
293265718,3808646,pt,Zmijewo-Gaje
293265949,3808649,pt,Zmiennica
293266026,3808650,pt,Zmiarki
293266103,3808651,pt,Zmiaca
293266180,3808652,pt,Zlotowo
293266257,3808653,pt,Zlotória
293266411,3808655,pt,Zlotopolice
293266488,3808656,pt,Zlotoklos
293266565,3808657,pt,Zlotniki
293266642,3808658,pt,Zlotniki
293266719,3808659,pt,Zlotniki
293266796,3808660,pt,Zlotniki
293266873,3808661,pt,Zlotki
293267027,3808663,pt,Zlota Woda
293267104,3808664,pt,Zlota Wies
293267181,3808665,pt,Zlota Gora
293267412,3808668,pt,Zlota
293267489,3808669,pt,Zlota
293267566,3808670,pt,Comuna de Złota
293267643,3808671,pt,Comuna de Złota
293267720,3808672,pt,Zlota
293267951,3808675,pt,Zlojec
293268028,3808676,pt,Zlockie
293268105,3808677,pt,Zlobin
293268490,3808682,pt,Ziomek
293268567,3808683,pt,Ziomaki
293268644,3808684,pt,Ziolkow
293268798,3808686,pt,Zimnowoda
293268875,3808687,pt,Zimnowoda
293268952,3808688,pt,Zimnochy-Swiechy
293269106,3808690,pt,Zimno
293269183,3808691,pt,Zimnice
293269260,3808692,pt,Zimna Woda
293269337,3808693,pt,Zimna Woda
293269414,3808694,pt,Zimna Woda
293269491,3808695,pt,Zimna Woda
293269568,3808696,pt,Zimna Woda
293269645,3808697,pt,Zimna
293269722,3808698,pt,Zimna
293269799,3808699,pt,Zienki
293269876,3808700,pt,Zienie
293269953,3808701,pt,Ziempniow
293270030,3808702,pt,Ziemiecin
293270107,3808703,pt,Gaziemir
293270184,3808704,pt,Ziemiany
293270261,3808705,pt,Ziemiany
293270492,3808708,pt,Ziemblice
293270723,3808711,pt,Zielony Kat
293270800,3808712,pt,Zielony Gaj
293270877,3808713,pt,Zielonki-Wies
293271031,3808715,pt,Zielonki
293271108,3808716,pt,Zielonka
293271185,3808717,pt,Zielonka
293271339,3808719,pt,Zielonka
293271416,3808720,pt,Zielonka
293271493,3808721,pt,Zielonka
293271724,3808724,pt,Zielonka
293271801,3808725,pt,Zielone Krolewskie
293271878,3808726,pt,Zielone Kamedulskie
293271955,3808727,pt,Zielone
293272032,3808728,pt,Zielone
293272109,3808729,pt,Zielone
293272186,3808730,pt,Zielona
293272494,3808734,pt,Zielona
293272648,3808736,pt,Zielona
293272725,3808737,pt,Zieleniec
293273033,3808741,pt,Zielenice
293273110,3808742,pt,Zielenica
293273264,3808744,pt,Zieby
293273341,3808745,pt,Zieblice
293273495,3808747,pt,Ziabki
293273572,3808748,pt,Zgrzebichy
293273649,3808749,pt,Zgorznica
293273726,3808750,pt,Zgorze
293273803,3808751,pt,Zgorzala
293274034,3808754,pt,Zgon
293274111,3808755,pt,Zgoda
293274188,3808756,pt,Zgoda
293274265,3808757,pt,Zgnilocha
293274342,3808758,pt,Zgnila Struga
293274419,3808759,pt,Zglobien
293274496,3808760,pt,Zglobice
293274573,3808761,pt,Zglinna Mala
293274650,3808762,pt,Zglinna Duza
293274727,3808763,pt,Zgliczyn Witowy
293274804,3808764,pt,Zgliczyn Pobodzy
293274881,3808765,pt,Zgliczyn Glinki
293274958,3808766,pt,Zgleczewo Szlacheckie
293275035,3808767,pt,Zglechow
293275189,3808769,pt,Zezuj
293275266,3808770,pt,Zeszczynka
293275420,3808772,pt,Zery-Pilaki
293275497,3808773,pt,Zery-Czubiki
293275574,3808774,pt,Zery Bystre
293275651,3808775,pt,Zeroslawice
293275728,3808776,pt,Zerocin
293275805,3808777,pt,Zerniki Gorne
293276113,3808781,pt,Zerniki
293276344,3808784,pt,Zerkowice
293276421,3808785,pt,Zerkow
293276498,3808786,pt,Zerdziny
293276575,3808787,pt,Zerdz
293276652,3808788,pt,Zerdz
293276729,3808789,pt,Zerdenka
293276806,3808790,pt,Zerczyce
293276883,3808791,pt,Zerbun
293276960,3808792,pt,Zeran Maly
293277037,3808793,pt,Zeran Duzy
293277191,3808795,pt,Zenbok
293277268,3808796,pt,Zembrzus Wielki
293277345,3808797,pt,Zembrzus-Mokry Grunt
293277576,3808800,pt,Zembry
293277653,3808801,pt,Zembrow
293277730,3808802,pt,Zemborzyn Pierwszy
293277807,3808803,pt,Zemborzyce Dolne
293277961,3808805,pt,Zelwagi
293278038,3808806,pt,Zelwa
293278115,3808807,pt,Zelkow
293278192,3808808,pt,Zelki Dabrowe
293278269,3808809,pt,Zelki
293278346,3808810,pt,Zelizna
293278423,3808811,pt,Zeliszew
293278577,3808813,pt,Zelichow
293278731,3808815,pt,Zelezniki
293278808,3808816,pt,Zeleznica
293278885,3808817,pt,Zeleznia
293279039,3808819,pt,Zelechy
293279116,3808820,pt,Zelechy
293279193,3808821,pt,Żelechów
293279270,3808822,pt,Żelechów
293279347,3808823,pt,Żelechów
293279424,3808824,pt,Zelechlinek
293279501,3808825,pt,Zelechlin
293279732,3808828,pt,Zelazowka
293279809,3808829,pt,Żelazowa Wola
293279886,3808830,pt,Żelazowa Wola
293279963,3808831,pt,Zelazow
293280040,3808832,pt,Zelazno
293280117,3808833,pt,Zelazna Stara
293280194,3808834,pt,Zelazna Prywatna
293280271,3808835,pt,Zelazna
293280348,3808836,pt,Zelazna
293280425,3808837,pt,Zelazna
293280656,3808840,pt,Zelazki
293280964,3808844,pt,Zegrze
293281041,3808845,pt,Zegoty
293281118,3808846,pt,Zhemchuzhina
293281195,3808847,pt,Zeglce
293281349,3808849,pt,Zegiestow
293281426,3808850,pt,Zegary
293281503,3808851,pt,Zegartowice
293281580,3808852,pt,Zegartowice
293281657,3808853,pt,Zednia
293281734,3808854,pt,Zebry-Zabin
293281811,3808855,pt,Zebry-Wierzchlas
293281888,3808856,pt,Zebry Wielkie
293282042,3808858,pt,Zebry-Slawki
293282119,3808859,pt,Zebry-Ostrowy
293282196,3808860,pt,Zebry-Laskowiec
293282273,3808861,pt,Zebry-Falbogi
293282350,3808862,pt,Zebry-Chudek
293282427,3808863,pt,Zebry
293282735,3808867,pt,Zebrowka
293282812,3808868,pt,Zebrki
293282889,3808869,pt,Zebraczka
293282966,3808870,pt,Zebocin
293283043,3808871,pt,Zdziwoj Stary
293283197,3808873,pt,Zdzisławice
293283274,3808874,pt,Zdzilowice
293283351,3808875,pt,Zdzieslawice
293283659,3808879,pt,Zdziechowice Pierwsze
293283813,3808881,pt,Zdzieborz
293283967,3808883,pt,Zdziarzec
293284044,3808884,pt,Zdzary
293284121,3808885,pt,Zdzary
293284198,3808886,pt,Zdziar Wielki
293284275,3808887,pt,Zdziar Maly
293284429,3808889,pt,Zdziarka
293284583,3808891,pt,Zdzary
293284660,3808892,pt,Zdzary
293284814,3808894,pt,Zdzary
293285045,3808897,pt,Zdzary
293285122,3808898,pt,Zdzary
293285199,3808899,pt,Darki
293285276,3808900,pt,Zdzarka
293285353,3808901,pt,Zdzary
293285430,3808902,pt,Zdzanne
293285507,3808903,pt,Zdyszewice
293285584,3808904,pt,Zdynia
293285661,3808905,pt,Zdunowo
293285892,3808908,pt,Zdunków
293286046,3808910,pt,Zdunki
293286123,3808911,pt,Zdunek
293286200,3808912,pt,Zdrojewo
293286277,3808913,pt,Zdroje
293286354,3808914,pt,Zdroje
293286431,3808915,pt,Zdroj
293286585,3808917,pt,Zdrochec
293286662,3808918,pt,Zdreby
293286739,3808919,pt,Zdrapy
293286893,3808921,pt,Zdory
293286970,3808922,pt,Zdonia
293287047,3808923,pt,Zdedy
293287201,3808925,pt,Zhdany
293287355,3808927,pt,Zdanowice
293287432,3808928,pt,Zdanowek
293287509,3808929,pt,Zdanow
293287586,3808930,pt,Zdanow
293287663,3808931,pt,Zbytki
293287740,3808932,pt,Zbyszyno Wielkie
293287817,3808933,pt,Zbyszyce
293287971,3808935,pt,Zbylitowska Gora
293288048,3808936,pt,Zbydniow
293288125,3808937,pt,Zbydniow
293288202,3808938,pt,Zbyczyn
293288510,3808942,pt,Zbuczyn
293288587,3808943,pt,Zbucz
293288664,3808944,pt,Zbrzeznica
293288741,3808945,pt,Zbrza
293288818,3808946,pt,Zbroszki
293288972,3808948,pt,Zbrosza Duza
293289049,3808949,pt,Zbrojow
293289126,3808950,pt,Zbrodzice
293289280,3808952,pt,Zbozenna
293289357,3808953,pt,Zborowice
293289434,3808954,pt,Zborowek
293289588,3808956,pt,Zborow
293289665,3808957,pt,Zborczyce
293289819,3808959,pt,Zbojno
293289896,3808960,pt,Zbojna
293289973,3808961,pt,Zboiska
293290050,3808962,pt,Zboiska
293290127,3808963,pt,Zboiska
293290204,3808964,pt,Zblutowo
293290281,3808965,pt,Zbludza
293290358,3808966,pt,Zbludowice
293290512,3808968,pt,Zbiroza
293290589,3808969,pt,Zbikowice
293290666,3808970,pt,Zbiki-Gawronki
293290743,3808971,pt,Zbiki
293290820,3808972,pt,Zbijow Maly
293290974,3808974,pt,Zbigniewice
293291051,3808975,pt,Zberoz
293291128,3808976,pt,Zbereze
293291282,3808978,pt,Zbeltowice
293291359,3808979,pt,Zbedowice
293291513,3808981,pt,Zazolkiew
293291590,3808982,pt,Zazdrosc
293291667,3808983,pt,Zazdrosc
293291744,3808984,pt,Zazdrosc
293291898,3808986,pt,Zawyki-Ferma
293291975,3808987,pt,Zawyki
293292052,3808988,pt,Zawoz
293292129,3808989,pt,Zawonia
293292206,3808990,pt,Zawojki
293292437,3808993,pt,Zawodzie
293292514,3808994,pt,Zawodne
293292591,3808995,pt,Zawoda
293292745,3808997,pt,Zawitala
293292822,3808998,pt,Zawiszyn
293292899,3808999,pt,Zawisty Podlesne
293293053,3809001,pt,Zawisty
293293130,3809002,pt,Zawistowszczyzna
293293207,3809003,pt,Zawiselcze
293293361,3809005,pt,Zawierzbie
293293592,3809008,pt,Zawierzbie
293293669,3809009,pt,Zawieprzyce
293293746,3809010,pt,Zawidza
293293823,3809011,pt,Zawichost
293293900,3809012,pt,Zawichost
293293977,3809013,pt,Zawarza
293294054,3809014,pt,Zawaly
293294208,3809016,pt,Zawalow
293294285,3809017,pt,Zawady-Tworki
293294362,3809018,pt,Olhar de Zawady
293294439,3809019,pt,Zawady-Ponikiew
293294516,3809020,pt,Nowe Zawady
293294593,3809021,pt,Zawady Elckie
293294670,3809022,pt,Zawady
293294901,3809025,pt,Zawady
293294978,3809026,pt,Zawady
293295055,3809027,pt,Zawady
293295286,3809030,pt,Comuna de Zawady
293295748,3809036,pt,Zawady
293295979,3809039,pt,Zawady
293296210,3809042,pt,Zawady
293296749,3809049,pt,Zawady
293296826,3809050,pt,Zawadowka
293296980,3809052,pt,Zawadow
293297057,3809053,pt,Zawadki
293297134,3809054,pt,Zawadki
293297288,3809056,pt,Zawadka Rymanowska
293297442,3809058,pt,Zawadka Brzostecka
293297519,3809059,pt,Zawadka
293297827,3809063,pt,Zawadka
293297904,3809064,pt,Zawadka
293298212,3809068,pt,Zawada Uszewska
293298289,3809069,pt,Zawada Stara
293298366,3809070,pt,Zawada Nowa
293298443,3809071,pt,Zawada Lanckoronska
293298520,3809072,pt,Zawada
293298674,3809074,pt,Zawada
293298905,3809077,pt,Zawoda
293299059,3809079,pt,Zawada
293299136,3809080,pt,Zawada
293299290,3809082,pt,Zawada
293299367,3809083,pt,Zawada
293299444,3809084,pt,Zawada
293299675,3809087,pt,Zatyle
293299829,3809089,pt,Zatyki
293299906,3809090,pt,Zatyki
293299983,3809091,pt,Zatwarnica
293300060,3809092,pt,Zatory
293300137,3809093,pt,Zator
293300291,3809095,pt,Zatopolice
293300368,3809096,pt,Zatyshshia
293300522,3809098,pt,Zaszków
293300676,3809100,pt,Zastruzne
293300753,3809101,pt,Zastruze
293300830,3809102,pt,Zastow Polanowski
293301061,3809105,pt,Zastow
293301138,3809106,pt,Zastow
293301215,3809107,pt,Zastocze
293301369,3809109,pt,Zastocze
293301523,3809111,pt,Zastawki
293301677,3809113,pt,Zastawie
293302216,3809120,pt,Zastawie
293302524,3809124,pt,Zaspicze
293302601,3809125,pt,Zasonie
293302832,3809128,pt,Zaskrodzie
293302909,3809129,pt,Zasiadki
293302986,3809130,pt,Zasiadaly
293303063,3809131,pt,Zascienie
293303140,3809132,pt,Zascianki
293303294,3809134,pt,Zasan
293303371,3809135,pt,Zasady
293303448,3809136,pt,Zasadne
293303525,3809137,pt,Zarzec Ulanski
293303833,3809141,pt,Zarzecze Jeleniewskie
293303987,3809143,pt,Zarzecze
293304372,3809148,pt,Zarzecze
293304526,3809150,pt,Zarzecze
293304603,3809151,pt,Zarzecze
293304680,3809152,pt,Zarzecze
293304757,3809153,pt,Zarzecze
293304834,3809154,pt,Zarzeczany
293304911,3809155,pt,Zaryté
293304988,3809156,pt,Zaryszyn
293305142,3809158,pt,Zaruzie
293305219,3809159,pt,Zarudzie
293305296,3809160,pt,Zarudnia
293305373,3809161,pt,Zarudki
293305527,3809163,pt,Zaruby
293305604,3809164,pt,Zarszyn
293305681,3809165,pt,Zarownie
293305758,3809166,pt,Zarowka
293305835,3809167,pt,Zarosle
293305912,3809168,pt,Zarogow
293305989,3809169,pt,Zarobka
293306066,3809170,pt,Zarnowo
293306143,3809171,pt,Zarnowo
293306220,3809172,pt,Zarnowa
293306297,3809173,pt,Zarnowa
293306374,3809174,pt,Żarnów
293306528,3809176,pt,Zareby-Warcholy
293306605,3809177,pt,Zareby-Swiechy
293306682,3809178,pt,Zareby-Skorki
293306759,3809179,pt,Zareby Lesne
293306836,3809180,pt,Zareby-Kramki
293306913,3809181,pt,Zareby Koscielne
293306990,3809182,pt,Zareby-Jartuzy
293307067,3809183,pt,Zareby-Gory Lesne
293307221,3809185,pt,Zareby-Choromany
293307298,3809186,pt,Zareby-Bindugi
293307375,3809187,pt,Zareby
293307529,3809189,pt,Zareby
293307837,3809193,pt,Zarebki
293307914,3809194,pt,Zarebiec
293308145,3809197,pt,Zardki
293308222,3809198,pt,Zardeniki
293308376,3809200,pt,Zabin Karniewski
293308453,3809201,pt,Zaraszow
293308530,3809202,pt,Zarajec
293308684,3809204,pt,Zarebki
293308838,3809206,pt,Zapusta
293308915,3809207,pt,Zapust
293308992,3809208,pt,Zaporze
293309223,3809211,pt,Zapole
293309300,3809212,pt,Zapole
293309531,3809215,pt,Zapieka
293309608,3809216,pt,Zapieczne
293309685,3809217,pt,Zapalow
293309762,3809218,pt,Zapadyntsi
293309839,3809219,pt,Zapadki
293309993,3809221,pt,Zaostrow
293310070,3809222,pt,Zaosie
293310147,3809223,pt,Zaorze
293310301,3809225,pt,Zaolszynie
293310532,3809228,pt,Zanowinie
293310609,3809229,pt,Zankow
293310686,3809230,pt,Zanklewo
293310840,3809232,pt,Zaniowka
293310917,3809233,pt,Zanie
293311071,3809235,pt,Zanie
293311148,3809236,pt,Zanecin
293311225,3809237,pt,Zanecin
293311302,3809238,pt,Zamszany
293311379,3809239,pt,Zamostek
293311456,3809240,pt,Zamosc
293311610,3809242,pt,Zamosc
293311918,3809246,pt,Zamość
293311995,3809247,pt,Zamordeje
293312072,3809248,pt,Zamolodycze
293312149,3809249,pt,Zamojsce
293312303,3809251,pt,Zamlynie
293312457,3809253,pt,Zamiescie
293312534,3809254,pt,Zamienie
293312611,3809255,pt,Zamiechow
293312688,3809256,pt,Zamiany
293312842,3809258,pt,Zameczek
293312919,3809259,pt,Zamczysk
293312996,3809260,pt,Zamch
293313073,3809261,pt,Olhar de Zambski
293313150,3809262,pt,Zambski Koscielne
293313304,3809264,pt,Olhar de Zambrzyce
293313381,3809265,pt,Zambrzyce-Plewki
293313535,3809267,pt,Zambrzyce Stare
293313612,3809268,pt,Zambrzyce-Kapusty
293313689,3809269,pt,Zambrów
293313766,3809270,pt,Zambrów
293313920,3809272,pt,Zaluzie
293314074,3809274,pt,Zaluze
293314228,3809276,pt,Zaluze
293314305,3809277,pt,Zaluz
293314382,3809278,pt,Al Futayni
293314459,3809279,pt,Zaluskie Koscielne
293314536,3809280,pt,Zaluskie Koronne
293314690,3809282,pt,Zaluski
293314767,3809283,pt,Zaluski
293314921,3809285,pt,Zaluski
293314998,3809286,pt,Zaluki
293315152,3809288,pt,Stare Zalucze
293315229,3809289,pt,Zalucze
293315383,3809291,pt,Zalubice Nowe
293315460,3809292,pt,Zaliwie-Szpinki
293315537,3809293,pt,Zaliwie-Piegawki
293315614,3809294,pt,Zaliszcze
293315768,3809296,pt,Zalipie
293315845,3809297,pt,Zalin
293315922,3809298,pt,Zalezianka
293315999,3809299,pt,Zaleze
293316461,3809305,pt,Zaleze
293316538,3809306,pt,Zalewsze
293316769,3809309,pt,Zaleszany
293316846,3809310,pt,Zaleszany
293316923,3809311,pt,Zaleszany
293317000,3809312,pt,Zaleskie
293317077,3809313,pt,Zalesie-Wypychy
293317154,3809314,pt,Zalesie Wielkie
293317308,3809316,pt,Zalesie-Poczynki
293317462,3809318,pt,Zalesie Labedzkie
293317693,3809321,pt,Zalesie Gorne
293317847,3809323,pt,Zalesie
293317924,3809324,pt,Zalesie
293318001,3809325,pt,Zalesie
293318232,3809328,pt,Zalesie
293319387,3809343,pt,Zalesie
293319695,3809347,pt,Zalesie
293319772,3809348,pt,Zalesie
293319849,3809349,pt,Zalesie
293320157,3809353,pt,Zalesie
293320465,3809357,pt,Zalesie
293320850,3809362,pt,Zalesie
293320927,3809363,pt,Zalesie Gorzyckie
293321004,3809364,pt,Zalesie
293321081,3809365,pt,Zalesie
293321389,3809369,pt,Zalesie
293321620,3809372,pt,Zalesie
293321697,3809373,pt,Zalesice
293321774,3809374,pt,Zalesiany
293321928,3809376,pt,Zales
293322159,3809379,pt,Zalec
293322236,3809380,pt,Zaldow
293322313,3809381,pt,Zalbki
293322390,3809382,pt,Zalazy
293322544,3809384,pt,Zalawcze
293322621,3809385,pt,Zalawa
293322698,3809386,pt,Zalasowa
293322852,3809388,pt,Zalas
293323083,3809391,pt,Zakrzowek
293323160,3809392,pt,Zakrzowek
293323237,3809393,pt,Zakrzowek
293323314,3809394,pt,Zakrzowek
293323391,3809395,pt,Zakrzew
293323468,3809396,pt,Zakrzow
293323545,3809397,pt,Zakrzow
293323622,3809398,pt,Zakrzow
293323699,3809399,pt,Zakrzow
293323853,3809401,pt,Zakrzow
293323930,3809402,pt,Zakrzow
293324007,3809403,pt,Zakrzow
293324084,3809404,pt,Zakrzow
293324161,3809405,pt,Zakrzewska Wola
293324238,3809406,pt,Zakrzewo-Zalesie
293324315,3809407,pt,Zakrzewo Wielkie
293324469,3809409,pt,Olhar de Zakrzewo
293324546,3809410,pt,Zakrzewo-Slomy
293324777,3809413,pt,Zakrzewo-Kopijki
293324854,3809414,pt,Zakrzewo
293324931,3809415,pt,Zakrzewo
293325008,3809416,pt,Zakrzewo
293325085,3809417,pt,Zakrzewo
293325162,3809418,pt,Zakrzewko
293325239,3809419,pt,Zakrzewek
293325316,3809420,pt,Zakrzew
293325547,3809423,pt,Zakrzew
293325701,3809425,pt,Zakrzew
293325778,3809426,pt,Zakrze
293325855,3809427,pt,Zakroczym
293325932,3809428,pt,Zakroczym
293326009,3809429,pt,Zakret
293326086,3809430,pt,Zakrecie
293326394,3809434,pt,Zakowice
293326548,3809436,pt,Zakow
293326702,3809438,pt,Zakosciele
293327087,3809443,pt,Zaklików
293327164,3809444,pt,Zaklików
293327241,3809445,pt,Zakliczyn
293327318,3809446,pt,Comuna de Zakliczyn
293327395,3809447,pt,Zakliczewo
293327549,3809449,pt,Zakepie
293327780,3809452,pt,Zakanale
293327857,3809453,pt,Zakalinki
293327934,3809454,pt,Zakalew
293328011,3809455,pt,Zakacie
293328165,3809457,pt,Zajki
293328242,3809458,pt,Zajeziorze
293328396,3809460,pt,Zajezierze
293328473,3809461,pt,Zajdy
293328550,3809462,pt,Zajeczniki
293328627,3809463,pt,Zajaczkowo
293328704,3809464,pt,Zajaczkowice
293328858,3809466,pt,Zajaczkow
293328935,3809467,pt,Zajaczkow
293329012,3809468,pt,Zajaczkow
293329089,3809469,pt,Zajaczkow
293329166,3809470,pt,Zajaczki
293329243,3809471,pt,Zajac
293329320,3809472,pt,Zahutyn
293329397,3809473,pt,Zahorow
293329474,3809474,pt,Zahoczewie
293329551,3809475,pt,Zahajki
293329782,3809478,pt,Zagrzewo
293330167,3809483,pt,Zagrody
293330244,3809484,pt,Zagrody
293330398,3809486,pt,Zagrody
293330475,3809487,pt,Zagrody
293330552,3809488,pt,Zagrody
293330629,3809489,pt,Zagrody
293330706,3809490,pt,Zagrody
293331707,3809503,pt,Zagrodki
293331784,3809504,pt,Zagroda
293332015,3809507,pt,Zagroby-Zakrzewo
293332092,3809508,pt,Zagrobyletownica
293332169,3809509,pt,Zagroby
293332246,3809510,pt,Zagroby
293332477,3809513,pt,Zagozdzie
293332554,3809514,pt,Zagozdz
293332631,3809515,pt,Zagosciniec
293332785,3809517,pt,Nowa Zagosc
293332862,3809518,pt,Zagorzyn
293332939,3809519,pt,Zagorzyce
293333016,3809520,pt,Zagorzyce
293333093,3809521,pt,Zagorzyce
293333170,3809522,pt,Zagorzyce
293333324,3809524,pt,Zagorzyce
293333401,3809525,pt,Zagorze
293333786,3809530,pt,Zagorze
293334248,3809536,pt,Zagorze
293334402,3809538,pt,Zagorze
293334633,3809541,pt,Zagorzany
293334710,3809542,pt,Zagorzany
293334787,3809543,pt,Zagorzany
293334864,3809544,pt,Zagórz
293334941,3809545,pt,Zagórz
293335172,3809548,pt,Zagorki
293335249,3809549,pt,Zagon
293335403,3809551,pt,Zagnansk
293335480,3809552,pt,Zagloba
293335711,3809555,pt,Zagajowek
293335788,3809556,pt,Zagajow
293336096,3809560,pt,Zagaje Smrokowskie
293336173,3809561,pt,Zagaje Kikowskie
293336327,3809563,pt,Zagaje
293336635,3809567,pt,Zagajdzie
293336712,3809568,pt,Zagaj
293336789,3809569,pt,Zagacie
293337174,3809574,pt,Zadworze
293337251,3809575,pt,Zadworze
293337482,3809578,pt,Zadworze
293337559,3809579,pt,Zadworzany
293337713,3809581,pt,Zaduszniki
293337867,3809583,pt,Zadole
293337944,3809584,pt,Zadobrze
293338021,3809585,pt,Zadlowice
293338252,3809588,pt,Zadebie
293338329,3809589,pt,Zadabrowie
293338483,3809591,pt,Zaczopki
293338560,3809592,pt,Zaczernie
293338637,3809593,pt,Zaczerlany
293338714,3809594,pt,Zaczarnie
293338791,3809595,pt,Olhar de Zacisze
293338868,3809596,pt,Zacisze
293339022,3809598,pt,Zacieczki
293339099,3809599,pt,Zachy-Pawly
293339176,3809600,pt,Zachwiejow
293339253,3809601,pt,Zachorzow
293339407,3809603,pt,Zacharzow
293339484,3809604,pt,Zacharz
293339561,3809605,pt,Zabytow
293339638,3809606,pt,Zabary
293339715,3809607,pt,Zabuze
293339792,3809608,pt,Zaburze
293339869,3809609,pt,Zabudnowo
293339946,3809610,pt,Zabrzez
293340023,3809611,pt,Zabrody
293340100,3809612,pt,Zabrost Wielki
293340177,3809613,pt,Zabrodzie
293340254,3809614,pt,Zabrodzie
293340331,3809615,pt,Zabrodzie
293340408,3809616,pt,Zabrodzie
293340485,3809617,pt,Zabrodzie
293340639,3809619,pt,Zabrody
293340716,3809620,pt,Zabrnie Gorne
293340870,3809622,pt,Zabrnie
293340947,3809623,pt,Zabrnie
293341024,3809624,pt,Zabratowka
293341101,3809625,pt,Zabraniec
293341255,3809627,pt,Zaborze
293341332,3809628,pt,Zaborze
293341486,3809630,pt,Zaborze
293341563,3809631,pt,Zaborze
293341640,3809632,pt,Zaborze
293341794,3809634,pt,Zaborze
293341871,3809635,pt,Zaboryszki
293341948,3809636,pt,Zaborowo
293342179,3809639,pt,Zaborowo
293342256,3809640,pt,Zaborowo
293342333,3809641,pt,Zaborowo
293342410,3809642,pt,Zaborowo
293342487,3809643,pt,Zaborowie
293342564,3809644,pt,Zaborowice
293342641,3809645,pt,Zaborowek
293342795,3809647,pt,Zaborow
293343026,3809650,pt,Zaborow
293343103,3809651,pt,Zaborow
293343180,3809652,pt,Zaboreczno
293343334,3809654,pt,Zaborcze
293343411,3809655,pt,Zaborce
293343488,3809656,pt,Zabokliki
293343565,3809657,pt,Zabokliki
293343642,3809658,pt,Żabno
293343719,3809659,pt,Żabno
293343796,3809660,pt,Żabno
293343873,3809661,pt,Żabno
293343950,3809662,pt,Zabłudów
293344027,3809663,pt,Zablotnia
293344104,3809664,pt,Zablotczyzna
293344181,3809665,pt,Zablotce
293344258,3809666,pt,Zablocie Kanigowskie
293344566,3809670,pt,Zablocie
293344720,3809672,pt,Zablocie
293345105,3809677,pt,Zablocie
293345259,3809679,pt,Zabledza
293345336,3809680,pt,Ząbki
293345413,3809681,pt,Ząbki
293345490,3809682,pt,Zabi Rog
293345567,3809683,pt,Zabinki
293345644,3809684,pt,Zabiniec
293345721,3809685,pt,Zabinek
293345798,3809686,pt,Zabin
293345875,3809687,pt,Zabin
293345952,3809688,pt,Zabikow
293346029,3809689,pt,Zabikow
293346106,3809690,pt,Zabiezki
293346183,3809691,pt,Zabierzow Bochenski
293346260,3809692,pt,Zabieniec
293346568,3809696,pt,Zabielne
293346645,3809697,pt,Zabiele Wielkie
293346722,3809698,pt,Zabiele
293346799,3809699,pt,Zabiele
293346876,3809700,pt,Zabiele
293346953,3809701,pt,Zabiele
293347030,3809702,pt,Zabiele
293347338,3809706,pt,Zabiec
293347415,3809707,pt,Zabie
293347492,3809708,pt,Zabiczyn
293347569,3809709,pt,Comuna de Żabia Wola
293347646,3809710,pt,Comuna de Żabia Wola
293347723,3809711,pt,Zabia Wola
293347800,3809712,pt,Zabia Wola
293347877,3809713,pt,Zabia Wola
293347954,3809714,pt,Zabianka
293348031,3809715,pt,Zabianka
293348108,3809716,pt,Zabianka
293348339,3809719,pt,Zaberbecze
293348416,3809720,pt,Zabelcze
293348570,3809722,pt,Zabcze
293348647,3809723,pt,Zabce
293348724,3809724,pt,Zabawa
293348801,3809725,pt,Zabawa
293348955,3809727,pt,Zabagnie
293349032,3809728,pt,Wzory
293349186,3809730,pt,Wzdow
293349263,3809731,pt,Wzdol Rzadowy
293349494,3809734,pt,Wyzyce
293349571,3809735,pt,Wyznica
293349648,3809736,pt,Wyznianka
293349725,3809737,pt,Wyzne
293349802,3809738,pt,Wyzgi
293349879,3809739,pt,Wyzegi
293349956,3809740,pt,Wyzega
293350033,3809741,pt,Wyzarne
293350110,3809742,pt,Wywoz
293350187,3809743,pt,Wywloczka
293350264,3809744,pt,Wytyczno
293350341,3809745,pt,Wytrzyszczka
293350495,3809747,pt,Wyszyny Koscielne
293350572,3809748,pt,Wyszyna Rudzka
293350649,3809749,pt,Wyszyna Machorowska
293350726,3809750,pt,Wyszyna Falkowska
293350803,3809751,pt,Wyszowate
293350880,3809752,pt,Wyszowate
293350957,3809753,pt,Wyszowatka
293351034,3809754,pt,Wyszonki-Wypychy
293351111,3809755,pt,Wyszonki Wojciechy
293351188,3809756,pt,Wyszonki-Wlosty
293351265,3809757,pt,Wyszonki Koscielne
293351342,3809758,pt,Wyszonki-Klukowek
293351419,3809759,pt,Wyszonki-Blonie
293351496,3809760,pt,Wyszonki Nagorki
293351573,3809761,pt,Wyszomierz Wielki
293351650,3809762,pt,Wyszomierz
293351727,3809763,pt,Wyszogród
293351804,3809764,pt,Wyszogród
293351881,3809765,pt,Wyszmontow
293351958,3809766,pt,Wyszków
293352035,3809767,pt,Wyszków
293352189,3809769,pt,Comuna de Wyszki
293352266,3809770,pt,Wyszembork
293352343,3809771,pt,Wyszel
293352420,3809772,pt,Wyszatyce
293352497,3809773,pt,Wysychy
293352574,3809774,pt,Wystepy
293352651,3809775,pt,Wystepa
293352728,3809776,pt,Wystep
293352805,3809777,pt,Wystep
293352882,3809778,pt,Wysowa-Zdroj
293353036,3809780,pt,Wysokin
293353113,3809781,pt,Wysoki Most
293353190,3809782,pt,Wysoki Grad
293353344,3809784,pt,Wysokie Mazowieckie
293353421,3809785,pt,Wysokie Mazowieckie
293353498,3809786,pt,Wysokie Male
293353575,3809787,pt,Wysokie Laski
293353652,3809788,pt,Wysokie Kolo
293353729,3809789,pt,Wysokie Duze
293353806,3809790,pt,Wysokie
293353960,3809792,pt,Wysokie
293354037,3809793,pt,Wysokie
293354345,3809797,pt,Wysokie
293354422,3809798,pt,Wysokie
293354576,3809800,pt,Wysokie
293354653,3809801,pt,Wysokie
293354807,3809803,pt,Wysoka Strzyzowska
293354961,3809805,pt,Wysoka Gora
293355038,3809806,pt,Wysoka Braniewska
293355115,3809807,pt,Dabrowa Wysoka
293355192,3809808,pt,Wysoka
293355269,3809809,pt,Wysoka
293355346,3809810,pt,Wysoka Glogowska
293355423,3809811,pt,Wysoka
293355500,3809812,pt,Wysoczyn
293355577,3809813,pt,Wysocze Bartosy
293355654,3809814,pt,Wysocze
293355731,3809815,pt,Wysoczany
293355808,3809816,pt,Wysocko
293355885,3809817,pt,Wysocko
293355962,3809818,pt,Wysocin
293356039,3809819,pt,Wyśmierzyce
293356116,3809820,pt,Wyśmierzyce
293356193,3809821,pt,Wyskitna
293356424,3809824,pt,Wysiolek Luborzycki
293356501,3809825,pt,Wysiadlow
293356578,3809826,pt,Wyrzyki
293356886,3809830,pt,Wyryki
293357040,3809832,pt,Wyromiejki
293357117,3809833,pt,Wyreby
293357194,3809834,pt,Arco de Wyre
293357271,3809835,pt,Wyrebiska
293357348,3809836,pt,Wyrandy
293357425,3809837,pt,Wyrab Karwacki
293357579,3809839,pt,Wyrab
293357656,3809840,pt,Wypychy
293357733,3809841,pt,Wypychy
293357810,3809842,pt,Wypnicha
293357887,3809843,pt,Wypedy
293357964,3809844,pt,Wynki
293358041,3809845,pt,Wymysly
293358118,3809846,pt,Wymyslow
293358195,3809847,pt,Wymyslow
293358272,3809848,pt,Wymyslow
293358426,3809850,pt,Wymyslow
293358580,3809852,pt,Wymyslow
293358657,3809853,pt,Wymyslow
293359196,3809860,pt,Wymyslow
293359427,3809863,pt,Wymyslow
293359504,3809864,pt,Wymyslow
293359658,3809866,pt,Wymoj
293359735,3809867,pt,Wyludzin
293359812,3809868,pt,Wyludy
293359889,3809869,pt,Wyludy
293359966,3809870,pt,Wyludki
293360043,3809871,pt,Wylow
293360120,3809872,pt,Wyliny-Rus
293360197,3809873,pt,Wylezin Nowy
293360274,3809874,pt,Wylezin Nowy
293360351,3809875,pt,Wylezinek
293360428,3809876,pt,Wylezin
293360505,3809877,pt,Wylewa
293360582,3809878,pt,Wylazy
293360659,3809879,pt,Wylany
293360813,3809881,pt,Wykrot
293360890,3809882,pt,Wykowo
293360967,3809883,pt,Wykno
293361044,3809884,pt,Wyk
293361121,3809885,pt,Wyhalew
293361198,3809886,pt,Wygwizdow
293361275,3809887,pt,Wygryny
293361352,3809888,pt,Wygorzel
293361429,3809889,pt,Wygonowo
293361506,3809890,pt,Wygodne
293361583,3809891,pt,Wygoda Smoszewska
293361737,3809893,pt,Wygoda
293361891,3809895,pt,Wygoda
293362122,3809898,pt,Wygoda
293362199,3809899,pt,Wygoda
293363123,3809911,pt,Wygnanowice
293363200,3809912,pt,Wygnanow
293363277,3809913,pt,Wygnanow
293363354,3809914,pt,Wygnanow
293363585,3809917,pt,Wygnanow
293363662,3809918,pt,Wygnanki
293363816,3809920,pt,Wygnanka
293363893,3809921,pt,Wygnanka
293364047,3809923,pt,Wygnance
293364124,3809924,pt,Wygledy
293364278,3809926,pt,Wygledowek
293364355,3809927,pt,Wygielzow
293364432,3809928,pt,Wydrzyn
293364509,3809929,pt,Wydrze
293364586,3809930,pt,Wydrza
293364740,3809932,pt,Wydrna
293364817,3809933,pt,Wydmusy
293364894,3809934,pt,Wydminy
293365048,3809936,pt,Wyczolki
293365356,3809940,pt,Wyczolki
293365433,3809941,pt,Wyczesniak
293365510,3809942,pt,Wycinka Wolska
293365587,3809943,pt,Wycinka
293365818,3809946,pt,Wychodzc
293365895,3809947,pt,Wychody
293365972,3809948,pt,Wychodne
293366049,3809949,pt,Wyborow
293366126,3809950,pt,Wujskie
293366203,3809951,pt,Wujowka
293366280,3809952,pt,Wujaki
293366357,3809953,pt,Wszerzecz
293366434,3809954,pt,Wszechswiete
293366511,3809955,pt,Wszebory
293366742,3809958,pt,Wszachow
293366819,3809959,pt,Wsola
293366896,3809960,pt,Wscieklice
293366973,3809961,pt,Wrzosy
293367050,3809962,pt,Wrzosowka
293367127,3809963,pt,Wrzosowka
293367204,3809964,pt,Wrzosow
293367281,3809965,pt,Wrzoski
293367435,3809967,pt,Wrzos
293367512,3809968,pt,Wrzeszczowska Wola
293367589,3809969,pt,Wrzeszczow
293367743,3809971,pt,Wrzesina
293367820,3809972,pt,Wrzepia
293367897,3809973,pt,Wrzelowiec
293367974,3809974,pt,Wrzelow
293368051,3809975,pt,Wrzawy
293368205,3809977,pt,Wrotnow
293368282,3809978,pt,Wrotkowo
293368359,3809979,pt,Wrotkow
293368436,3809980,pt,Wrotki
293368513,3809981,pt,Wrony
293368667,3809983,pt,Wronowo
293368744,3809984,pt,Wronowice
293368821,3809985,pt,Wronowice
293368898,3809986,pt,Wronow
293368975,3809987,pt,Wronow
293369052,3809988,pt,Wronow
293369129,3809989,pt,Wronki Wielkie
293369283,3809991,pt,Wronka
293369360,3809992,pt,Wronino
293369437,3809993,pt,Wronin
293369591,3809995,pt,Wrogocin
293369668,3809996,pt,Wroczynszczyzna
293369822,3809998,pt,Wrociszew
293369899,3809999,pt,Wrocimowice
293369976,3810000,pt,Wrocieryz
293370053,3810001,pt,Wrocen
293370130,3810002,pt,Wrocanka
293370207,3810003,pt,Wrocanka
293370284,3810004,pt,Wroblowice
293370361,3810005,pt,Wroblowa
293370438,3810006,pt,Wroblik Szlachecki
293370515,3810007,pt,Wroblik Krolewski
293370669,3810009,pt,Wroblewo
293370823,3810011,pt,Wroble
293370900,3810012,pt,Wroble
293370977,3810013,pt,Wrecza
293371054,3810014,pt,Wozuczyn
293371208,3810016,pt,Wozniczna
293371285,3810017,pt,Woznice
293371362,3810018,pt,Woznawies
293371439,3810019,pt,Wozlawki
293371516,3810020,pt,Woszczele
293371670,3810022,pt,Woskrzenice Male
293371824,3810024,pt,Woryty
293371901,3810025,pt,Worszyny
293371978,3810026,pt,Worsy
293372055,3810027,pt,Worplawki
293372132,3810028,pt,Worowice-Wyroby
293372209,3810029,pt,Worowice
293372286,3810030,pt,Worowice
293372363,3810031,pt,Worow
293372440,3810032,pt,Woroszyly
293372517,3810033,pt,Woroniec
293372594,3810034,pt,Woroniec
293372671,3810035,pt,Woronie
293372748,3810036,pt,Woroniany
293372825,3810037,pt,Woroblin
293372979,3810039,pt,Worliny
293373056,3810040,pt,Worlawki
293373133,3810041,pt,Workiejmy
293373210,3810042,pt,Wórgulo
293373287,3810043,pt,Wórgulo
293373364,3810044,pt,Wopy
293373441,3810045,pt,Wolynce
293373595,3810047,pt,Wolynce
293373749,3810049,pt,Wolucza
293373826,3810050,pt,Wolskie
293373903,3810051,pt,Wolowo
293373980,3810052,pt,Wolowno
293374057,3810053,pt,Wolownia
293374134,3810054,pt,Wolowiec
293374288,3810056,pt,Wolow
293374596,3810060,pt,Woloskowola
293374673,3810061,pt,Wolosate
293374827,3810063,pt,Wołomin
293374904,3810064,pt,Wolodz
293374981,3810065,pt,Wolnica
293375135,3810067,pt,Wolne
293375212,3810068,pt,Wolkusz
293375366,3810070,pt,Wolkusze
293375520,3810072,pt,Wolkowyja
293375597,3810073,pt,Wolkowiany
293375674,3810074,pt,Wolkowe
293375751,3810075,pt,Wolka Zychowa
293375828,3810076,pt,Wolka Zmijowska
293375905,3810077,pt,Wolka Zlojecka
293375982,3810078,pt,Wolka Zdziwojska
293376059,3810079,pt,Wolka Zdunkowka
293376136,3810080,pt,Wolka Zawieprzycka
293376213,3810081,pt,Wolka Zatorska
293376290,3810082,pt,Wolka Zastawska
293376367,3810083,pt,Wolka Zapalowska
293376444,3810084,pt,Wolka Zamojska
293376521,3810085,pt,Wolka Zamkowa
293376598,3810086,pt,Wolka Zaleska
293376675,3810087,pt,Wolka Zabna
293376752,3810088,pt,Wolka Zablocka
293376906,3810090,pt,Wolka Wytycka
293376983,3810091,pt,Wolka Wojnowska
293377060,3810092,pt,Wolka Wojcieszkowska
293377214,3810094,pt,Wolka Wieprzecka
293377445,3810097,pt,Wolka Wiciejowska
293377522,3810098,pt,Wolka Tyrzynska
293377599,3810099,pt,Wolka Twarogowa
293377676,3810100,pt,Wolka Turebska
293377753,3810101,pt,Wolka Tuczepska
293377830,3810102,pt,Wolka Trzemecka
293377907,3810103,pt,Wolka Terechowska
293377984,3810104,pt,Wolka Tarnowska
293378061,3810105,pt,Wolka Tarnowska
293378138,3810106,pt,Wolka Tarlowska
293378215,3810107,pt,Wolka Tanewska
293378369,3810109,pt,Wolka Szelezna
293378446,3810110,pt,Wolka Szczecka
293378523,3810111,pt,Wolka Szczawinska
293378600,3810112,pt,Wolka Swiatkowa
293378677,3810113,pt,Wolka Sulejowska
293378754,3810114,pt,Wolka Stronska
293378831,3810115,pt,Wolka Sosenska
293378908,3810116,pt,Wolka Somiankowska
293378985,3810117,pt,Wolka Sokolowska
293379139,3810119,pt,Wolka Smoszewska
293379216,3810120,pt,Wolka Smolana
293379370,3810122,pt,Wolka Siemienska
293379447,3810123,pt,Wolka Seroczynska
293379524,3810124,pt,Wolka Rytelska
293379601,3810125,pt,Wolka Rudnicka
293379678,3810126,pt,Wolka Rozanska
293379755,3810127,pt,Wolka Rokicka
293379832,3810128,pt,Wolka Ratowiecka
293379909,3810129,pt,Wolka Ratajska
293379986,3810130,pt,Wolka Rakowska
293380063,3810131,pt,Wolka Radzyminska
293380217,3810133,pt,Wolka Putnowicka
293380294,3810134,pt,Wolka Pukarzowska
293380371,3810135,pt,Wolka Przybojewska
293380448,3810136,pt,Wolka Przekory
293380525,3810137,pt,Wolka Prusinowska
293380602,3810138,pt,Wolka Proszewska
293380756,3810140,pt,Wolka Poznanska
293380833,3810141,pt,Wolka Ponikiewska
293380910,3810142,pt,Wolka Polinowska
293380987,3810143,pt,Wolka Policka
293381064,3810144,pt,Wolka Poklonna
293381141,3810145,pt,Wolka Podlesna
293381295,3810147,pt,Wolka Plebanska
293381372,3810148,pt,Wolka Plebanska
293381449,3810149,pt,Wolka Piotrowska
293381526,3810150,pt,Wolka Pietkowska
293381603,3810151,pt,Wolka Pieczaca
293381680,3810152,pt,Wolka Piaseczna
293381757,3810153,pt,Wolka Piaseczna
293381834,3810154,pt,Wolka Petrylowska
293381911,3810155,pt,Wolka Petkowska
293381988,3810156,pt,Wolka Pelkinska
293382142,3810158,pt,Wolka Paplinska
293382219,3810159,pt,Wolka Panienska
293382296,3810160,pt,Wolka Ostrozenska
293382373,3810161,pt,Wolka Orlowska
293382450,3810162,pt,Wolka Orlowska
293382527,3810163,pt,Wolka Olbiecka
293382604,3810164,pt,Wolka Okraglik
293382681,3810165,pt,Wolka Okopska
293382758,3810166,pt,Wolka Ogryzkowa
293382835,3810167,pt,Wolka Nurzecka
293382989,3810169,pt,Wolka Nosowska
293383066,3810170,pt,Wolka Nieliska
293383143,3810171,pt,Wolka Niedzwiedzka
293383297,3810173,pt,Wolka Nadbuzna
293383374,3810174,pt,Wolka Modrzejowa
293383451,3810175,pt,Wolka Mlecka
293383605,3810177,pt,Wolka Miedzynska
293383759,3810179,pt,Wolka Malkowa
293383836,3810180,pt,Wolka Lysowska
293383913,3810181,pt,Wolka Lukowska
293383990,3810182,pt,Wolka Lubkowska
293384067,3810183,pt,Wolka Lubielska
293384144,3810184,pt,Wolka Lozecka
293384221,3810185,pt,Wolka Losiniecka
293384298,3810186,pt,Wolka Lipowa
293384375,3810187,pt,Wolka Ligezowska
293384452,3810188,pt,Wolka Letowska
293384529,3810189,pt,Wolka Leszczanska
293384606,3810190,pt,Wolka Lesna
293384683,3810191,pt,Wolka Lesiowska
293384760,3810192,pt,Wolka Leczeszycka
293384914,3810194,pt,Wolka Lasiecka
293384991,3810195,pt,Wolka Laniecka
293385068,3810196,pt,Wolka Lancuchowska
293385145,3810197,pt,Wolka Lamana
293385222,3810198,pt,Wolka Lagowska
293385299,3810199,pt,Wolka Labunska
293385376,3810200,pt,Wolka Kurdybanowska
293385453,3810201,pt,Wolka Kuligowska
293385530,3810202,pt,Wolka Krzymowska
293385607,3810203,pt,Wolka Krasniczynska
293385684,3810204,pt,Wolka Krasieninska
293385761,3810205,pt,Wolka Kozuchowska
293385838,3810206,pt,Wolka Kozlowska
293385915,3810207,pt,Wolka Koscieniewicka
293385992,3810208,pt,Wolka Korczowska
293386069,3810209,pt,Wolka Konopna
293386146,3810210,pt,Wolka Komaszycka
293386223,3810211,pt,Wolka Komarowska
293386300,3810212,pt,Wolka Kokosia
293386454,3810214,pt,Wolka Kobyla
293386762,3810218,pt,Wolka Katna
293386839,3810219,pt,Wolka Karwowska
293386916,3810220,pt,Wolka Karwicka
293386993,3810221,pt,Wolka Kanska
293387070,3810222,pt,Wolka Kaluska
293387147,3810223,pt,Wolka Jeruzalska
293387224,3810224,pt,Wolka Jagielczynska
293387301,3810225,pt,Wolka Ilowiecka
293387378,3810226,pt,Wolka Husinska
293387455,3810227,pt,Wolka Horyszowska
293387532,3810228,pt,Wolka Horyniecka
293387609,3810229,pt,Wolka Gruszczynska
293387686,3810230,pt,Wolka Grochowa
293387763,3810231,pt,Wolka Gradzka
293387840,3810232,pt,Wolka Gostomska
293387917,3810233,pt,Wolka Goscieradowska
293387994,3810234,pt,Wolka Goloska
293388071,3810235,pt,Wolka Golebska
293388225,3810237,pt,Wolka Gieraszowska
293388302,3810238,pt,Wolka Garwarska
293388456,3810240,pt,Wolka Dworska
293388610,3810242,pt,Wolka Drazdzewska
293388687,3810243,pt,Wolka Domaszewska
293388841,3810245,pt,Wolka Dolna
293388918,3810246,pt,Wolka Dobrynska
293389072,3810248,pt,Wolka Dluzewska
293389149,3810249,pt,Wolka Dankowska
293389226,3810250,pt,Wolka Dabrowska
293389303,3810251,pt,Wolka Dabrowicka
293389380,3810252,pt,Wolka Czulczycka
293389611,3810255,pt,Wolka Czarninska
293389688,3810256,pt,Wolka Cycowska
293389765,3810257,pt,Wolka Ciechomska
293389842,3810258,pt,Wolka Chrapanowska
293389996,3810260,pt,Wolka Brzozka
293390073,3810261,pt,Wolka Bosowska
293390150,3810262,pt,Wolka Bodzechowska
293390227,3810263,pt,Wolka Biska
293390304,3810264,pt,Wolka-Biernaty
293390381,3810265,pt,Wolka Bielinska
293390458,3810266,pt,Wolka Batorska
293390535,3810267,pt,Wolka Baltowska
293390689,3810269,pt,Wolka Babska
293390766,3810270,pt,Wolka Abramowicka
293390843,3810271,pt,Wolka Abramowicka
293391074,3810274,pt,Wolka
293391690,3810282,pt,Wolka Wygonowska
293391767,3810283,pt,Celinowo
293391921,3810285,pt,Wolka Nadbuzna
293391998,3810286,pt,Wolka
293392075,3810287,pt,Wolka
293392229,3810289,pt,Wolka Michowska
293392306,3810290,pt,Wolka
293392614,3810294,pt,Wolka Kolczynska
293393230,3810302,pt,Wolina
293393307,3810303,pt,Woliczka
293393384,3810304,pt,Wolica Uchanska
293393461,3810305,pt,Wolica Sniatycka
293393538,3810306,pt,Wolica Sitaniec
293393846,3810310,pt,Wolica Brzozowa
293393923,3810311,pt,Wolica
293394077,3810313,pt,Wolica
293394231,3810315,pt,Wolica
293394385,3810317,pt,Wolica
293394539,3810319,pt,Wolica
293394616,3810320,pt,Wolica
293394693,3810321,pt,Wolica
293394770,3810322,pt,Wolica
293394847,3810323,pt,Wolica
293394924,3810324,pt,Wolica
293395001,3810325,pt,Wolica
293395232,3810328,pt,Wolica
293395386,3810330,pt,Wolica
293395463,3810331,pt,Wolica
293395617,3810333,pt,Wolica
293395771,3810335,pt,Wolczyny
293395848,3810336,pt,Wola Zyrakowska
293395925,3810337,pt,Wola Zydowska
293396002,3810338,pt,Wola Zycka
293396079,3810339,pt,Wola Zulinska
293396156,3810340,pt,Wola Zglobienska
293396233,3810341,pt,Wola Zelichowska
293396310,3810342,pt,Wola Zelechowska
293396387,3810343,pt,Wola Zdakowska
293396464,3810344,pt,Wola Zarczycka
293396541,3810345,pt,Wola Zamkowa
293396618,3810346,pt,Wola Zambrowska
293396695,3810347,pt,Wola Zalezna
293396772,3810348,pt,Wola Zaleska
293396849,3810349,pt,Wola Zagrodnia
293396926,3810350,pt,Wola Zagojska Dolna
293397003,3810351,pt,Wola Zadybska
293397080,3810352,pt,Wola Zabierzowska
293397157,3810353,pt,Wola Wyzna
293397234,3810354,pt,Wola Wysoka
293397311,3810355,pt,Wola Wodzynska
293397388,3810356,pt,Wola Wodynska
293397465,3810357,pt,Wola Wladyslawowska
293397542,3810358,pt,Wola Wisniowska
293397696,3810360,pt,Wola Wierzbowska
293397773,3810361,pt,Wola Wieruszycka
293397850,3810362,pt,Wola Wielka
293398004,3810364,pt,Wola Wieclawska
293398081,3810365,pt,Wola Wiecierzowa
293398158,3810366,pt,Wola Wegierska
293398235,3810367,pt,Wolawce
293398312,3810368,pt,Wola Wakopna
293398389,3810369,pt,Wola Wagrodzka
293398466,3810370,pt,Wola Wadowska
293398543,3810371,pt,Wola Uhruska
293398620,3810372,pt,Wola Uchanska
293398697,3810373,pt,Wola Tulnicka
293398851,3810375,pt,Wola Trzydnicka
293398928,3810376,pt,Wola Tesserowa
293399005,3810377,pt,Wola Szydlowska
293399082,3810378,pt,Wola Szydlowiecka
293399159,3810379,pt,Wola Szkucka
293399236,3810380,pt,Wola Szczygielkowa
293399313,3810381,pt,Wola Swidzinska
293399390,3810382,pt,Wola Sufczynska
293399467,3810383,pt,Wola Suchozebrska
293399621,3810385,pt,Wola Stroska
293399775,3810387,pt,Wola Starogrodzka
293399852,3810388,pt,Wola Stanislawowska
293400006,3810390,pt,Wola Smolana
293400083,3810391,pt,Wola Skrzydlanska
293400160,3810392,pt,Wola Skromowska
293400237,3810393,pt,Wola Siennicka
293400314,3810394,pt,Wola Serocka
293400391,3810395,pt,Wola Sernicka
293400468,3810396,pt,Wola Sekowa
293400545,3810397,pt,Wola Rzedzinska
293400622,3810398,pt,Wola Rzeczycka
293400699,3810399,pt,Wola Rusinowska
293400776,3810400,pt,Wola Rudzka
293400930,3810402,pt,Wola Rozaniecka
293401007,3810403,pt,Wola Rowska
293401161,3810405,pt,Wola Rogowska
293401238,3810406,pt,Wola Reczajska
293401315,3810407,pt,Wola Rebkowska
293401392,3810408,pt,Wola Rasztowska
293401469,3810409,pt,Wola Ranizowska
293401623,3810411,pt,Wola Rafalowska
293401700,3810412,pt,Wola Rafalowska
293401777,3810413,pt,Wola Radlowska
293401854,3810414,pt,Wola Przypkowska
293401931,3810415,pt,Wola Przybyslawska
293402008,3810416,pt,Wola Przewlocka
293402085,3810417,pt,Wola Przemykowska
293402162,3810418,pt,Wola Prazmowska
293402239,3810419,pt,Wola Potocka
293402316,3810420,pt,Wola Polônia
293402393,3810421,pt,Wola Polewna
293402547,3810423,pt,Wola Pobiedzinska
293402624,3810424,pt,Wola Pniewska
293402701,3810425,pt,Wola Plawska
293402778,3810426,pt,Wola Piskulina
293402855,3810427,pt,Wola Piotrowa
293403009,3810429,pt,Wola Pieczyska
293403086,3810430,pt,Wola Piasecka
293403163,3810431,pt,Wola Pekoszewska
293403240,3810432,pt,Wola Pawlowska
293403317,3810433,pt,Wola Pawlowska
293403394,3810434,pt,Wola Pasikonska
293403548,3810436,pt,Wola Paprotnia
293403625,3810437,pt,Wola Palczewska
293403702,3810438,pt,Wola Owadowska
293403779,3810439,pt,Wola Otaleska
293403856,3810440,pt,Wola Ostaszewska
293403933,3810441,pt,Wola Osowinska
293404010,3810442,pt,Wola Osowa
293404087,3810443,pt,Wola Osinska
293404164,3810444,pt,Wola Orzeszowska
293404318,3810446,pt,Wola Okrzejska
293404395,3810447,pt,Wola Ociecka
293404472,3810448,pt,Wola Obszanska
293404549,3810449,pt,Wolanow
293404703,3810451,pt,Wola Nizna
293404780,3810452,pt,Wolaniny
293404857,3810453,pt,Wola Nieszkowska
293404934,3810454,pt,Wola Niemiecka
293405011,3810455,pt,Wola Naropinska
293405088,3810456,pt,Wola Mystkowska
293405165,3810457,pt,Wola Myslowska
293405242,3810458,pt,Wola Murowana
293405319,3810459,pt,Wola Mrokowska
293405396,3810460,pt,Wola Morawicka
293405550,3810462,pt,Wola Mlocka
293405627,3810463,pt,Wola Milkowska
293405704,3810464,pt,Wola Mielecka
293405781,3810465,pt,Wola Miedniewska
293405858,3810466,pt,Wola Mieczyslawska
293405935,3810467,pt,Wola Michowa
293406012,3810468,pt,Wola Miastkowska
293406089,3810469,pt,Wola Matiaszowa
293406243,3810471,pt,Wola Malkowska
293406320,3810472,pt,Wola Mala
293406397,3810473,pt,Wola Mala
293406551,3810475,pt,Wola Makowska
293406628,3810476,pt,Wola Magnuszewska
293406859,3810479,pt,Wola Luzanska
293406936,3810480,pt,Wola Luborzycka
293407013,3810481,pt,Wola Lubecka
293407090,3810482,pt,Wola Lubecka
293407167,3810483,pt,Wola Lisowska
293407244,3810484,pt,Wola Lipowska
293407398,3810486,pt,Wola Lipecka
293407475,3810487,pt,Wola Leczeszycka
293407552,3810488,pt,Wola Laszewska
293407629,3810489,pt,Wola Laskarzewska
293407706,3810490,pt,Wola Lagowska
293407783,3810491,pt,Wola Kurowska
293407860,3810492,pt,Wola Kuraszowa
293407937,3810493,pt,Wola Kulonska
293408014,3810494,pt,Wola Kukalska
293408091,3810495,pt,Wola Krzywiecka
293408168,3810496,pt,Wola Krysk
293408245,3810497,pt,Wola Krogulecka
293408322,3810498,pt,Wola Krasieninska
293408476,3810500,pt,Wola Korzeniowa
293408553,3810501,pt,Wola Korzeniecka
293408630,3810502,pt,Wola Korytnicka
293408861,3810505,pt,Wola Kopcowa
293408938,3810506,pt,Wola Komborska
293409015,3810507,pt,Wola Knyszynska
293409092,3810508,pt,Wola Klasztorna
293409169,3810509,pt,Wola Kisielska
293409246,3810510,pt,Wola Kielpinska
293409400,3810512,pt,Wola Keczewska
293409554,3810514,pt,Wola Katecka
293409631,3810515,pt,Wola Karczewska
293409708,3810516,pt,Wola Kanigowska
293409785,3810517,pt,Wolajowice
293409862,3810518,pt,Wola Jaworska
293410016,3810520,pt,Wola Jasienicka
293410093,3810521,pt,Wola Jachowa
293410170,3810522,pt,Wola Idzikowska
293410401,3810525,pt,Wola Grojecka
293410478,3810526,pt,Wola Greboszowska
293410555,3810527,pt,Wola Gorzanska
293410632,3810528,pt,Wola Gorynska B.
293410709,3810529,pt,Wola Gorynska
293410786,3810530,pt,Wola Golyminska
293410863,3810531,pt,Wola Golkowska
293411094,3810534,pt,Wola Gardzienicka
293411171,3810535,pt,Wola Galezowska
293411248,3810536,pt,Wola Galecka
293411325,3810537,pt,Wola Duza
293411402,3810538,pt,Wola Ducka
293411479,3810539,pt,Wola Dubowska
293411556,3810540,pt,Wola Drwinska
293411710,3810542,pt,Wola Dluzniewska
293411787,3810543,pt,Wola Dereznianska
293411864,3810544,pt,Wola Debska
293411941,3810545,pt,Wola Debowiecka
293412018,3810546,pt,Wola Debinska
293412095,3810547,pt,Wola Dalsza
293412172,3810548,pt,Wola Czolnowska
293412249,3810549,pt,Wola Cygowska
293412326,3810550,pt,Wola Cieklinska
293412480,3810552,pt,Wola Chynowska
293412557,3810553,pt,Wola Chomejowa
293412634,3810554,pt,Wola-Chojnata
293412711,3810555,pt,Wola Chodkowska
293412865,3810557,pt,Wola Bystrzycka
293412942,3810558,pt,Wola Burzecka
293413019,3810559,pt,Wola Bukowska
293413096,3810560,pt,Wola Buchowska
293413173,3810561,pt,Wola Brzostecka
293413327,3810563,pt,Wola Brudnowska
293413404,3810564,pt,Wola Bokrzycka
293413558,3810566,pt,Wola Bobrowa
293413712,3810568,pt,Wola Blizocka
293413789,3810569,pt,Wola Biechowska
293413866,3810570,pt,Wola Batorska
293413943,3810571,pt,Wola Baranowska
293414020,3810572,pt,Wola
293414251,3810575,pt,Wola
293414328,3810576,pt,Wola
293414559,3810579,pt,Wola
293414790,3810582,pt,Wokowice
293414867,3810583,pt,Wojtyniow
293415021,3810585,pt,Wojty
293415098,3810586,pt,Wojtowo
293415175,3810587,pt,Wojtowo
293415252,3810588,pt,Wojtowo
293415329,3810589,pt,Wojtowce
293415406,3810590,pt,Wojtowa
293415483,3810591,pt,Wojtostwo
293415637,3810593,pt,Wojtostwo
293415791,3810595,pt,Wojtokiemie
293415868,3810596,pt,Wojtkowka
293415945,3810597,pt,Wojtkowice Stare
293416022,3810598,pt,Wojtkowice-Glinna
293416099,3810599,pt,Wojtkowice-Dady
293416176,3810600,pt,Wojtkowa Wies
293416253,3810601,pt,Wojtkowa
293416330,3810602,pt,Wojtki
293416484,3810604,pt,Wojtachy
293416561,3810605,pt,Wojszyn
293416638,3810606,pt,Wojszki
293416715,3810607,pt,Wojsze
293416792,3810608,pt,Wojszczyce
293416869,3810609,pt,Wojslawy
293416946,3810610,pt,Wojslawice
293417023,3810611,pt,Wojslawice
293417100,3810612,pt,Wojslawice
293417177,3810613,pt,Wojslawice
293417254,3810614,pt,Wojslaw
293417331,3810615,pt,Wojska
293417408,3810616,pt,Wojponie
293417485,3810617,pt,Wojny Szuby
293417562,3810618,pt,Wojny-Pogorzel
293417639,3810619,pt,Wojny
293417716,3810620,pt,Wojny
293417793,3810621,pt,Wojnowo
293417870,3810622,pt,Wojnowka
293418178,3810626,pt,Wojnowce
293418332,3810628,pt,Wojnow
293418409,3810629,pt,Wojnow
293418486,3810630,pt,Wojnicz
293418563,3810631,pt,Wojnicz
293418640,3810632,pt,Wojniaki
293418717,3810633,pt,Wojnasy
293418794,3810634,pt,Wojnarowa
293418871,3810635,pt,Wojnachy
293418948,3810636,pt,Wojkowo
293419025,3810637,pt,Wojkowka
293419102,3810638,pt,Wojkowiec
293419179,3810639,pt,Wojkowa
293419256,3810640,pt,Wojków
293419333,3810641,pt,Wojewodzin
293419410,3810642,pt,Wojewodki Gorne
293419487,3810643,pt,Wojewodki Dolne
293419564,3810644,pt,Wojeniec
293419641,3810645,pt,Wojeczka
293419718,3810646,pt,Wojdy
293419795,3810647,pt,Wojcza
293419872,3810648,pt,Wojciuliszki
293419949,3810649,pt,Wojcina
293420026,3810650,pt,Wojcin
293420103,3810651,pt,Wojcieszyn
293420180,3810652,pt,Wojcieszyce
293420257,3810653,pt,Wojcieszkow
293420334,3810654,pt,Wojciechy
293420411,3810655,pt,Wojciechowo
293420488,3810656,pt,Wojciechowo
293420565,3810657,pt,Wojciechowka
293420642,3810658,pt,Wojciechowka
293420873,3810661,pt,Comuna de Wojciechowice
293420950,3810662,pt,Comuna de Wojciechowice
293421027,3810663,pt,Wojciechowice
293421258,3810666,pt,Wojciechow
293421412,3810668,pt,Wojciechow
293421643,3810671,pt,Wojciechow
293421797,3810673,pt,Wojciechow
293421874,3810674,pt,Wojciech
293422028,3810676,pt,Wojaszowka
293422105,3810677,pt,Wojakowa
293422259,3810679,pt,Comuna de Wodzisław
293422336,3810680,pt,Comuna de Wodzisław
293422413,3810681,pt,Wodzilki
293422490,3810682,pt,Wodziczna
293422567,3810683,pt,Wodynie
293422644,3810684,pt,Wodukajmy
293422798,3810686,pt,Wodacz
293422875,3810687,pt,Wodaca
293423029,3810689,pt,Wnorow
293423106,3810690,pt,Wnetrzne
293423260,3810692,pt,Wloszczowice
293423337,3810693,pt,Wlosty-Olszanka
293423414,3810694,pt,Wlosty
293423491,3810695,pt,Wlosty
293423568,3810696,pt,Wlostowice
293423645,3810697,pt,Wlostowice
293423722,3810698,pt,Wlostow
293423799,3810699,pt,Wlosnowice
293423876,3810700,pt,Wlonice
293423953,3810701,pt,Wlonice
293424030,3810702,pt,Wloki
293424107,3810703,pt,Wloki
293424184,3810704,pt,Wlodowo
293424261,3810705,pt,Wlodki
293424338,3810706,pt,Włodawa
293424415,3810707,pt,Włodawa
293424492,3810708,pt,Wlochy
293424569,3810709,pt,Wlochy
293424646,3810710,pt,Wlochy
293424723,3810711,pt,Wlochow
293424877,3810713,pt,Wladzin
293425185,3810717,pt,Wladyslawow
293425493,3810721,pt,Wladyslawow
293425955,3810727,pt,Wladyslawow
293426032,3810728,pt,Wladyslawow
293426109,3810729,pt,Wladyslawow
293426186,3810730,pt,Wladyslawow
293426263,3810731,pt,Wizna
293426340,3810732,pt,Wizna
293426417,3810733,pt,Wizgory
293426494,3810734,pt,Wizajny
293426571,3810735,pt,Witynie
293426648,3810736,pt,Wity
293426725,3810737,pt,Witulty
293426802,3810738,pt,Witulin
293426879,3810739,pt,Witrylow
293426956,3810740,pt,Witramowo
293427033,3810741,pt,Witowy Most
293427110,3810742,pt,Witowo
293427187,3810743,pt,Witowko
293427264,3810744,pt,Witowka
293427341,3810745,pt,Witowice
293427418,3810746,pt,Witowice
293427572,3810748,pt,Witow
293427649,3810749,pt,Witoszynce
293427726,3810750,pt,Witoszyn
293427803,3810751,pt,Witoroz
293427880,3810752,pt,Witoldow
293428034,3810754,pt,Witkowo
293428188,3810756,pt,Witkowice
293428265,3810757,pt,Witkowice
293428419,3810759,pt,Witkow
293428573,3810761,pt,Witki
293428650,3810762,pt,Witki
293428881,3810765,pt,Witaszyn
293428958,3810766,pt,Witanki
293429035,3810767,pt,Witaniow
293429112,3810768,pt,Wiszowate
293429266,3810770,pt,Wisznice
293429343,3810771,pt,Wisznice
293429420,3810772,pt,Wiszenki
293429497,3810773,pt,Sábio
293429574,3810774,pt,Wistka
293429651,3810775,pt,Wisowka
293429882,3810778,pt,Wisniowka
293429959,3810779,pt,Wisniowka
293430113,3810781,pt,Wisniowek
293430190,3810782,pt,Wisniowek
293430267,3810783,pt,Wisniowa Poduchowna
293430344,3810784,pt,Wisniowa
293430421,3810785,pt,Wisniowa
293430498,3810786,pt,Wisniowa
293430575,3810787,pt,Wisniowa
293430652,3810788,pt,Wisniow
293430729,3810789,pt,Wisniewo Wielkie
293430806,3810790,pt,Wisniowo Elckie
293430960,3810792,pt,Wisniewo
293431037,3810793,pt,Wisniewo
293431114,3810794,pt,Wisniewo
293431191,3810795,pt,Wisniew
293431268,3810796,pt,Wisniew
293431345,3810797,pt,Wisnicz
293431422,3810798,pt,Wisnicz Maly
293431499,3810799,pt,Wislowiec
293431576,3810800,pt,Wislok Wielki
293431653,3810801,pt,Wislok Gorny
293431807,3810803,pt,Comuna de Wiślica
293431884,3810804,pt,Comuna de Wiślica
293431961,3810805,pt,Wiskitki
293432038,3810806,pt,Wiski
293432115,3810807,pt,Wiski
293432192,3810808,pt,Wirwilty
293432346,3810810,pt,Wirow
293432577,3810813,pt,Wir
293432654,3810814,pt,Wipsowo
293432731,3810815,pt,Wiosna
293432885,3810817,pt,Winniki
293433039,3810819,pt,Winnica
293433116,3810820,pt,Winna-Wypychy
293433270,3810822,pt,Winna-Chroly
293433347,3810823,pt,Winiary
293433424,3810824,pt,Winiary
293433578,3810826,pt,Winiary
293433655,3810827,pt,Winiary
293433732,3810828,pt,Winiary
293433886,3810830,pt,Winiarki
293434117,3810833,pt,Winda
293434194,3810834,pt,Wincentynow
293434348,3810836,pt,Wincentow
293434425,3810837,pt,Wincentow
293434502,3810838,pt,Wincentow
293434733,3810841,pt,Wincentow
293434810,3810842,pt,Wincentow
293434887,3810843,pt,Wincentow
293434964,3810844,pt,Wincentow
293435041,3810845,pt,Wincentow
293435118,3810846,pt,Wincenta
293435195,3810847,pt,Wincencin
293435272,3810848,pt,Wilunie
293435349,3810849,pt,Wiluki
293435503,3810851,pt,Wilnowo
293435657,3810853,pt,Wilkowyja
293435734,3810854,pt,Wilkowyja
293435811,3810855,pt,Wilkowyja
293435888,3810856,pt,Wilkowuje
293435965,3810857,pt,Wilkowo Wielkie
293436042,3810858,pt,Wilkowo Male
293436119,3810859,pt,Wilkowo
293436196,3810860,pt,Wilkowo
293436273,3810861,pt,Wilkowo
293436504,3810864,pt,Wilkowisko
293436581,3810865,pt,Wilkowiec
293436735,3810867,pt,Wilkowice
293436812,3810868,pt,Wilkowa
293436966,3810870,pt,Wilkow
293437120,3810872,pt,Wilkow
293437197,3810873,pt,Wilkow
293437274,3810874,pt,Wilkopedzie
293437351,3810875,pt,Wilkolaz Trzeci
293437428,3810876,pt,Wilkolaz Drugi
293437505,3810877,pt,Wilkolaz
293437659,3810879,pt,Wilknity
293437736,3810880,pt,Wilkiejmy
293437813,3810881,pt,Wilki
293438044,3810884,pt,Wilkasy
293438121,3810885,pt,Wilkasy
293438198,3810886,pt,Wilkasy
293438275,3810887,pt,Wilkaski
293438352,3810888,pt,Wilkanowo
293438429,3810889,pt,Wilkajcie
293438506,3810890,pt,Wilimy
293438583,3810891,pt,Wilhelmow
293438660,3810892,pt,Wilga
293438737,3810893,pt,Wilczy Targ
293438814,3810894,pt,Wilczyska
293438891,3810895,pt,Wilczyska
293438968,3810896,pt,Wilczyny
293439045,3810897,pt,Wilczyce
293439122,3810898,pt,Wilczyce
293439199,3810899,pt,Wilczowola
293439276,3810900,pt,Wilczoruda
293439353,3810901,pt,Wilczopole
293439430,3810902,pt,Wilczonek
293439507,3810903,pt,Wilczoch
293439584,3810904,pt,Wilczna
293439661,3810905,pt,Wilczkowo
293439738,3810906,pt,Wilczkowo
293439815,3810907,pt,Wilczkowice Gorne
293439969,3810909,pt,Wilczkowice
293440123,3810911,pt,Wilczewo
293440200,3810912,pt,Wilcze Pietki
293440277,3810913,pt,Wilczeniec
293440354,3810914,pt,Wilcza Wolka
293440431,3810915,pt,Wilczowola
293440508,3810916,pt,Wilcza Wola
293440585,3810917,pt,Wilcza Wola
293440662,3810918,pt,Wilczanka
293440739,3810919,pt,Wilcza Gora
293440893,3810921,pt,Wilcogeby
293440970,3810922,pt,Wilanowo
293441047,3810923,pt,Wilanow
293441124,3810924,pt,Wilamy
293441201,3810925,pt,Wilamowo
293441278,3810926,pt,Wilamowo
293441355,3810927,pt,Wilamowo
293441432,3810928,pt,Wilamowka
293441509,3810929,pt,Wilamowice
293441586,3810930,pt,Wiktoryn
293441740,3810932,pt,Wiktoryn
293441817,3810933,pt,Wiktorowo
293441894,3810934,pt,Wiktorowice
293441971,3810935,pt,Wiktorow
293442125,3810937,pt,Wiktoria
293442202,3810938,pt,Wiksin
293442279,3810939,pt,Wikno
293442356,3810940,pt,Wiklewo
293442433,3810941,pt,Wigwald
293442587,3810943,pt,Wigrance
293442818,3810946,pt,Wiewiorki
293442895,3810947,pt,Wiewiorka
293442972,3810948,pt,Wietrzychowo
293443126,3810950,pt,Wietrzychowice
293443203,3810951,pt,Wietrzno
293443357,3810953,pt,Wietlin
293443511,3810955,pt,Wierzejki
293443588,3810956,pt,Wierzchy
293443665,3810957,pt,Wierzchuca Nagorna
293443742,3810958,pt,Wierzchowizna
293443819,3810959,pt,Wierzchowisko
293443896,3810960,pt,Wierzchowiska Gorne
293443973,3810961,pt,Wierzchowiska
293444127,3810963,pt,Stare Wierzchowiska
293444281,3810965,pt,Wierzchowiny
293444435,3810967,pt,Wierzchowiny
293444666,3810970,pt,Wierzchowina
293444743,3810971,pt,Wierzchoslawice
293444820,3810972,pt,Wierzchoniow
293444897,3810973,pt,Wierzchlas
293444974,3810974,pt,Wierzchlas
293445128,3810976,pt,Wierzbowo
293445205,3810977,pt,Wierzbowo
293445282,3810978,pt,Wierzbowo
293445359,3810979,pt,Wierzbowo
293445436,3810980,pt,Wierzbowo
293445744,3810984,pt,Wierzbowka
293445821,3810985,pt,Koliszewo
293445898,3810986,pt,Wierzbowiec
293446052,3810988,pt,Wierzbno
293446206,3810990,pt,Wierzbno
293446283,3810991,pt,Wierzbna
293446360,3810992,pt,Wierzbka
293446437,3810993,pt,Wierzbka
293446514,3810994,pt,Wierzbiny
293446591,3810995,pt,Wierzbie
293446668,3810996,pt,Wierzbie
293446745,3810997,pt,Wierzbice-Strupki
293446822,3810998,pt,Wierzbice Gorne
293446899,3810999,pt,Wierzbice
293446976,3811000,pt,Wierzbica Panska
293447130,3811002,pt,Wierzbica
293447207,3811003,pt,Wierzbica
293447284,3811004,pt,Wierzbica
293447361,3811005,pt,Wierzbica
293447438,3811006,pt,Wierzbica
293447592,3811008,pt,Wierzbica
293447669,3811009,pt,Wierzbica
293447746,3811010,pt,Wierzbica
293447823,3811011,pt,Wierzbica
293447900,3811012,pt,Wierzbica
293448054,3811014,pt,Wierzbanowa
293448131,3811015,pt,Wierzba
293448285,3811017,pt,Wierzawice
293448362,3811018,pt,Wieruszyce
293448439,3811019,pt,Wieruchow
293448516,3811020,pt,Wiersze
293448593,3811021,pt,Wiersnie
293448670,3811022,pt,Wierciszow
293448747,3811023,pt,Wierciszewo
293448824,3811024,pt,Wierciochy
293448901,3811025,pt,Wiercien
293449132,3811028,pt,Wierchomla Wielka
293449209,3811029,pt,Wierchomla Mala
293449286,3811030,pt,Wiercany
293449363,3811031,pt,Wieprzow Tarnawacki
293449440,3811032,pt,Wieprzowe Jezioro
293449594,3811034,pt,Wieprzec
293449671,3811035,pt,Wieniec
293449825,3811037,pt,Wieniawa
293450056,3811040,pt,Wielopole Skrzynskie
293450133,3811041,pt,Wielopole
293450364,3811044,pt,Wielogora
293450441,3811045,pt,Wielogora
293450518,3811046,pt,Wieloglowy
293450595,3811047,pt,Wielodroz
293450672,3811048,pt,Wielochowo
293450749,3811049,pt,Wielobycz
293450826,3811050,pt,Wieloborowice
293450903,3811051,pt,Wielkopole
293451057,3811053,pt,Wielkolas
293451134,3811054,pt,Wielki Las
293451365,3811057,pt,Wielkie Oczy
293451442,3811058,pt,Wielkie
293451596,3811060,pt,Wielki Dol
293451673,3811061,pt,Wielka Wola
293451750,3811062,pt,Wielka Wola
293451827,3811063,pt,Wielka Wies
293451904,3811064,pt,Wielka Wies
293451981,3811065,pt,Wielka Wies
293452058,3811066,pt,Wieliszew
293452135,3811067,pt,Wieliszew
293452212,3811068,pt,Wieliczna
293452289,3811069,pt,Wieliczka
293452366,3811070,pt,Wieliczka
293452443,3811071,pt,Wielgus
293452520,3811072,pt,Wielgorz
293452597,3811073,pt,Wielgoleka
293452674,3811074,pt,Wielgolas
293452828,3811076,pt,Wielgolas
293452905,3811077,pt,Wielgolas
293453059,3811079,pt,Wielgie
293453136,3811080,pt,Wielewo
293453213,3811081,pt,Wielecin
293453290,3811082,pt,Wielebnow
293453367,3811083,pt,Wielbark
293453444,3811084,pt,Wielatki Rosochate
293453675,3811087,pt,Wieladki
293453752,3811088,pt,Wielacza
293453906,3811090,pt,Wiekszy
293453983,3811091,pt,Wiejki
293454060,3811092,pt,Wiejca
293454214,3811094,pt,Wieczfnia Koscielna
293454291,3811095,pt,Wieckowo
293454368,3811096,pt,Wieckowka
293454599,3811099,pt,Wieckow
293454676,3811100,pt,Wiecki
293454830,3811102,pt,Widzgowo
293454907,3811103,pt,Comuna de Widuchowa
293454984,3811104,pt,Widuchowa
293455061,3811105,pt,Widuch
293455138,3811106,pt,Widryny
293455292,3811108,pt,Widowo
293455369,3811109,pt,Widow
293455446,3811110,pt,Widoma
293455523,3811111,pt,Widoma
293455600,3811112,pt,Widniówka
293455677,3811113,pt,Widnica
293455831,3811115,pt,Widelki
293455908,3811116,pt,Widelka
293455985,3811117,pt,Widaczow
293456062,3811118,pt,Widacz
293456139,3811119,pt,Widacz
293456293,3811121,pt,Wiciejow
293456370,3811122,pt,Wiciejewo
293456447,3811123,pt,Wicie
293456524,3811124,pt,Wicie
293456678,3811126,pt,Wichrowice
293456832,3811128,pt,Wichradz
293456986,3811130,pt,Wiazownica
293457063,3811131,pt,Wiazowna
293457140,3811132,pt,Wiazowka
293457294,3811134,pt,Wiatrowiec
293457371,3811135,pt,Wiatrowiec
293457602,3811138,pt,Wiatowice
293457679,3811139,pt,Wiartel Maly
293457756,3811140,pt,Wiartel
293457833,3811141,pt,Wezyki
293457910,3811142,pt,Wezyczyn
293457987,3811143,pt,Wezowko
293458064,3811144,pt,Wezowka
293458141,3811145,pt,Wezewo
293458218,3811146,pt,Wezewo
293458295,3811147,pt,Wezerow Gorny
293458449,3811149,pt,Weze
293458603,3811151,pt,Wezarow
293458680,3811152,pt,Wetlina
293458834,3811154,pt,Wesolowo
293459065,3811157,pt,Wesolowo
293459142,3811158,pt,Wesolowko
293459219,3811159,pt,Wesolowka
293459373,3811161,pt,Wesolowka
293459450,3811162,pt,Wesolow
293459527,3811163,pt,Wesolka
293459604,3811164,pt,Wesola
293459681,3811165,pt,Wesola
293459758,3811166,pt,Wesola
293460066,3811170,pt,Wesola
293460143,3811171,pt,Werynia
293460220,3811172,pt,Wierszczyca
293460297,3811173,pt,Werstok
293460374,3811174,pt,Wersele
293460451,3811175,pt,Werpol
293460528,3811176,pt,Werowka
293460759,3811179,pt,Wereszyn
293460836,3811180,pt,Wereszczyn
293460913,3811181,pt,Wereszcze Male
293461067,3811183,pt,Weremowice
293461144,3811184,pt,Weremien
293461221,3811185,pt,Werejce
293461298,3811186,pt,Werchrata
293461375,3811187,pt,Werbkowice
293461529,3811189,pt,Wepily
293461606,3811190,pt,Weszelowka
293461683,3811191,pt,Welnin
293461837,3811193,pt,Welecz Oleszki
293461914,3811194,pt,Welecz
293462068,3811196,pt,Wejsuny
293462145,3811197,pt,Wejdyki
293462222,3811198,pt,Wejdo
293462299,3811199,pt,Wegrzynowo
293462453,3811201,pt,Wegrzynow
293462530,3811202,pt,Wegrzyn
293462607,3811203,pt,Węgrów
293462684,3811204,pt,Węgrów
293462761,3811205,pt,Węgorzewo
293462838,3811206,pt,Węgorzewo
293462915,3811207,pt,Wegoryty
293462992,3811208,pt,Wegoj
293463069,3811209,pt,Weglowka
293463146,3811210,pt,Weglowka
293463223,3811211,pt,Weglow
293463300,3811212,pt,Wegliska
293463377,3811213,pt,Weglinek
293463454,3811214,pt,Weglinek
293463608,3811216,pt,Weglin
293463685,3811217,pt,Wegleszyn
293463762,3811218,pt,Wegleniec
293463916,3811220,pt,Wegierskie
293463993,3811221,pt,Wegierka
293464070,3811222,pt,Wegielsztyn
293464224,3811224,pt,Wegielnia
293464301,3811225,pt,Wegielce
293464378,3811226,pt,Wegajty
293464455,3811227,pt,Wechadlow
293464609,3811229,pt,Woryny
293464686,3811230,pt,Wazyny
293464763,3811231,pt,Wawrzyszow
293464840,3811232,pt,Wawrzyszew
293464994,3811234,pt,Wawrzka
293465071,3811235,pt,Wawrzenczyce
293465148,3811236,pt,Wawrowo
293465225,3811237,pt,Wawrowice
293465302,3811238,pt,Wawrochy
293465379,3811239,pt,Waworkow
293465456,3811240,pt,Wawolnica Laki
293465610,3811242,pt,Wąwolnica
293465764,3811244,pt,Wawal
293465841,3811245,pt,Watraszew
293465918,3811246,pt,Watkowo
293465995,3811247,pt,Waszulki
293466072,3811248,pt,Waszki
293466226,3811250,pt,Wasylow
293466303,3811251,pt,Wasylow
293466380,3811252,pt,Wasy
293466534,3811254,pt,Wasosze Wielkie
293466611,3811255,pt,Wasosze
293466688,3811256,pt,Wasosz
293466919,3811259,pt,Wasniow
293466996,3811260,pt,Wasniewo-Grabowo
293467073,3811261,pt,Waskowolka
293467150,3811262,pt,Waski
293467227,3811263,pt,Waski
293467304,3811264,pt,Waski
293467381,3811265,pt,Wasily Zygny
293467458,3811266,pt,Wasilowka
293467535,3811267,pt,Wasilków
293467612,3811268,pt,Wasilków
293467689,3811269,pt,Wasilków
293467766,3811270,pt,Wasilew Szlachecki
293467843,3811271,pt,Wasilew Skrzeszewski
293467920,3811272,pt,Waswo
293467997,3811273,pt,Warzyn
293468074,3811274,pt,Warzyce
293468228,3811276,pt,Warszowka
293468305,3811277,pt,Warszowek
293468459,3811279,pt,Varsóvia
293468536,3811280,pt,Varsóvia
293468613,3811281,pt,Warpuny
293468690,3811282,pt,Warpechy Stare
293468767,3811283,pt,Warpechy Nowe
293468844,3811284,pt,Warny
293468921,3811285,pt,Warmiany
293469075,3811287,pt,Warmiak
293469152,3811288,pt,Warlity Wielkie
293469229,3811289,pt,Warkocz
293469306,3811290,pt,Warkaly
293469383,3811291,pt,Warka
293469460,3811292,pt,Warka
293469614,3811294,pt,Wargielity
293469691,3811295,pt,Stare Warele
293469768,3811296,pt,Warele Nowe
293469845,3811297,pt,Wardomy
293469922,3811298,pt,Warcholy
293470076,3811300,pt,Warchaly
293470153,3811301,pt,Wara
293470230,3811302,pt,Wapowce
293470307,3811303,pt,Wapnik
293470384,3811304,pt,Waplewo
293470538,3811306,pt,Wapienne
293470615,3811307,pt,Wantuchy
293470692,3811308,pt,Wankowa
293470769,3811309,pt,Waniewo
293470923,3811311,pt,Wandzin
293471000,3811312,pt,Wandow
293471154,3811314,pt,Wandopol
293471231,3811315,pt,Wandalin
293471308,3811316,pt,Wandajny
293471462,3811318,pt,Wanaty
293471539,3811319,pt,Wanacja
293471693,3811321,pt,Wampierzow
293471847,3811323,pt,Waly
293472001,3811325,pt,Walsnow
293472078,3811326,pt,Wal-Ruda
293472155,3811327,pt,Walowice
293472386,3811330,pt,Walne
293472463,3811331,pt,Walki
293472540,3811332,pt,Jodlowka-Walki
293472617,3811333,pt,Waliska
293472771,3811335,pt,Waliny
293472848,3811336,pt,Walinna
293472925,3811337,pt,Walim
293473002,3811338,pt,Walily
293473079,3811339,pt,Walerow
293473156,3811340,pt,Waleriany
293473233,3811341,pt,Walerianow
293473310,3811342,pt,Walercin
293473387,3811343,pt,Walenty agora
293473695,3811347,pt,Walenty agora
293473849,3811349,pt,Walentow
293474003,3811351,pt,Walendow
293474080,3811352,pt,Wale
293474157,3811353,pt,Walawa
293474234,3811354,pt,Wal
293474311,3811355,pt,Wal
293474542,3811358,pt,Waksmund
293474619,3811359,pt,Wakijow
293474696,3811360,pt,Wajsnory
293474850,3811362,pt,Wajkow
293474927,3811363,pt,Wagsty
293475081,3811365,pt,Wagrodno
293475312,3811368,pt,Wagnerowka
293475389,3811369,pt,Waglik
293475466,3811370,pt,Waglany
293475543,3811371,pt,Wagi-Gnaty
293475620,3811372,pt,Waganowice
293475697,3811373,pt,Wagan
293475774,3811374,pt,Wadzyn
293475851,3811375,pt,Wadowice Gorne
293475928,3811376,pt,Wadowice Dolne
293476236,3811380,pt,Wadag
293476313,3811381,pt,Wacyn
293476390,3811382,pt,Waclawow
293476467,3811383,pt,Wąchock
293476544,3811384,pt,Wąchock
293476621,3811385,pt,Wach
293476775,3811387,pt,Uzranki
293476852,3811388,pt,Uziebly
293477006,3811390,pt,Uzdowo
293477160,3811392,pt,Uwieliny
293477237,3811393,pt,Utrowka
293477391,3811395,pt,Utniki
293477545,3811397,pt,Uszew
293477622,3811398,pt,Usza Wielka
293477699,3811399,pt,Usza Mala
293477776,3811400,pt,Ustrzyki Dolne
293477853,3811401,pt,Ustrzyki Dolne
293478007,3811403,pt,Ustrzerz
293478084,3811404,pt,Ustrobna
293478315,3811407,pt,Ustanow
293478469,3811409,pt,Usnik
293478546,3811410,pt,Usniaki
293478623,3811411,pt,Usnarz Gorny
293478777,3811413,pt,Usciszowice
293478854,3811414,pt,Uscimow Stary
293478931,3811415,pt,Uscie Solne
293479085,3811417,pt,Uscieniec
293479162,3811418,pt,Uscie Gorlickie
293479239,3811419,pt,Uscie
293479393,3811421,pt,Usciaz
293479470,3811422,pt,Uscianki
293479547,3811423,pt,Uscianek Wielki
293479624,3811424,pt,Uscianek Debianka
293479701,3811425,pt,Uscianek
293479778,3811426,pt,Usarzow
293479855,3811427,pt,Urzuty
293479932,3811428,pt,Urzut
293480009,3811429,pt,Urzejowice
293480086,3811430,pt,Urzędów
293480163,3811431,pt,Urszulina
293480317,3811433,pt,Ursynow
293480471,3811435,pt,URL
293480548,3811436,pt,Urbanki
293480702,3811438,pt,Upalty
293480779,3811439,pt,Uniszowice
293480856,3811440,pt,Uniszowa
293480933,3811441,pt,Uniszki Zawadzkie
293481010,3811442,pt,Uniszki Gumowskie
293481087,3811443,pt,Unin
293481164,3811444,pt,Unikowo
293481241,3811445,pt,Unikowo
293481318,3811446,pt,Unikow
293481395,3811447,pt,Unieszewo
293481472,3811448,pt,Unierzyz
293481549,3811449,pt,Unieck
293481626,3811450,pt,Unewel
293481703,3811451,pt,Umieszcz
293481780,3811452,pt,Umiastow
293481857,3811453,pt,Umianowice
293481934,3811454,pt,Umer
293482011,3811455,pt,Ulucz
293482165,3811457,pt,Ulow
293482319,3811459,pt,Ulow
293482473,3811461,pt,Ulhowek
293482550,3811462,pt,Ulez
293482627,3811463,pt,Ulésia
293482781,3811465,pt,Uleniec
293482858,3811466,pt,Ulazow
293482935,3811467,pt,Ulatowo Adamy
293483089,3811469,pt,Ulaski Grzmiackie
293483166,3811470,pt,Ulaski
293483243,3811471,pt,Ulaski
293483320,3811472,pt,Ulasek
293483397,3811473,pt,Ulasek
293483551,3811475,pt,Ulanowice
293483705,3811477,pt,Ulanów
293483782,3811478,pt,Ulanica
293483859,3811479,pt,Ulan-Majorat
293483936,3811480,pt,Ukta
293484090,3811482,pt,Ujscie Jezuickie
293484167,3811483,pt,Ujrzanow
293484244,3811484,pt,Ujny
293484321,3811485,pt,Ujkowice
293484398,3811486,pt,Ujezna
293484475,3811487,pt,Ujazdow
293484552,3811488,pt,Ujazdow
293484629,3811489,pt,Ujazdow
293484706,3811490,pt,Ujazd
293484783,3811491,pt,Ujazd
293484860,3811492,pt,Ujazd
293484937,3811493,pt,Ujazd
293485014,3811494,pt,Ujanowice
293485091,3811495,pt,Uhryn
293485168,3811496,pt,Uhrusk
293485245,3811497,pt,Uhowo
293485553,3811501,pt,Uhnin
293485630,3811502,pt,Uherce Mineralne
293485707,3811503,pt,Ugoszcz
293485784,3811504,pt,Ugory
293486015,3811507,pt,Ugniewo
293486092,3811508,pt,Udzicow
293486169,3811509,pt,Udrzynek
293486246,3811510,pt,Udrzyn
293486323,3811511,pt,Udryn
293486477,3811513,pt,Uderz
293486554,3811514,pt,Uciskow
293486631,3811515,pt,Uciekajka
293486708,3811516,pt,Comuna de Uchanie
293486785,3811517,pt,Comuna de Uchanie
293486862,3811518,pt,Uchacze
293486939,3811519,pt,Ubyszow
293487016,3811520,pt,Ubrzez
293487093,3811521,pt,Ubrodowice
293487170,3811522,pt,Ublinek
293487247,3811523,pt,Ublik
293487324,3811524,pt,Ubieszyn
293487401,3811525,pt,Ubiad
293487478,3811526,pt,Tywonia
293487555,3811527,pt,Tyszowce
293487632,3811528,pt,Tyszowce
293487709,3811529,pt,Tyszki-Wadolowo
293487786,3811530,pt,Tyszki-Labno
293487863,3811531,pt,Tyszki-Bregendy
293488017,3811533,pt,Tysmienica
293488325,3811537,pt,Tyrawa Woloska
293488402,3811538,pt,Tyrawa Solna
293488479,3811539,pt,Typin
293488556,3811540,pt,Tyniowice
293488633,3811541,pt,Tyniewicze Wielkie
293488710,3811542,pt,Tyniewicze Male
293488787,3811543,pt,Tyniec
293488864,3811544,pt,Tynica
293488941,3811545,pt,Tymowa
293489018,3811546,pt,Tymin
293489095,3811547,pt,Tymienica Stara
293489249,3811549,pt,Tymianki-Moderki
293489326,3811550,pt,Tymianki-Adamy
293489480,3811552,pt,Tiahynka
293489557,3811553,pt,Tymce
293489634,3811554,pt,Tymbark
293489711,3811555,pt,Tymawa
293489788,3811556,pt,Tylwica
293489865,3811557,pt,Tylmanowa
293489942,3811558,pt,Tylkowo
293490096,3811560,pt,Tylicz
293490173,3811561,pt,Tykocin
293490250,3811562,pt,Tykocin
293490327,3811563,pt,Tyczyn
293490481,3811565,pt,Tyczek
293490558,3811566,pt,Tychow Stary
293490635,3811567,pt,Tychow Nowy
293490712,3811568,pt,Tybory-Zochy
293490789,3811569,pt,Tybory-Wolka
293490866,3811570,pt,Tybory Uszynskie
293490943,3811571,pt,Tybory-Trzcianka
293491020,3811572,pt,Tybory-Olszewo
293491097,3811573,pt,Tybory-Misztale
293491174,3811574,pt,Tybory-Kamianka
293491328,3811576,pt,Tyborow
293491405,3811577,pt,Tworyczow
293491482,3811578,pt,Twowice
293491636,3811580,pt,Tworkowa
293491713,3811581,pt,Tworki
293491790,3811582,pt,Tworki
293491944,3811584,pt,Twierdza
293492021,3811585,pt,Twarogi-Wypychy
293492098,3811586,pt,Twarogi-Trabnica
293492175,3811587,pt,Twarogi Ruskie
293492252,3811588,pt,Twarogi-Mazury
293492329,3811589,pt,Twarogi Lackie
293492406,3811590,pt,Twarogi
293492560,3811592,pt,Twarda
293492714,3811594,pt,Tuszyma
293492791,3811595,pt,Tuszow Narodowy
293492868,3811596,pt,Tuszow-Kolonia
293493022,3811598,pt,Tuszow
293493253,3811601,pt,Turzyniec
293493330,3811602,pt,Turzyn
293493484,3811604,pt,Turze Pole
293493561,3811605,pt,Turzec
293493638,3811606,pt,Turze
293493792,3811608,pt,Turza Wielka
293493869,3811609,pt,Turza Wielka
293493946,3811610,pt,Turzansk
293494023,3811611,pt,Turza Mala
293494100,3811612,pt,Turza
293494177,3811613,pt,Turza
293494254,3811614,pt,Tursko Wielkie
293494331,3811615,pt,Tursko Male
293494408,3811616,pt,Tursko
293494485,3811617,pt,Tursko
293494562,3811618,pt,Tursk
293494639,3811619,pt,Tur-Piaski
293494716,3811620,pt,Turowola
293494793,3811621,pt,Turowo
293494870,3811622,pt,Turowo
293494947,3811623,pt,Turowo
293495101,3811625,pt,Turowo
293495255,3811627,pt,Tutovka
293495332,3811628,pt,Turowka Stara
293495409,3811629,pt,Turowka
293495486,3811630,pt,Turowka
293495563,3811631,pt,Turowiec
293495640,3811632,pt,Turowice
293495717,3811633,pt,Turowice
293495794,3811634,pt,Turowice
293495871,3811635,pt,Turowa Wola
293495948,3811636,pt,Turow
293496025,3811637,pt,Turow
293496102,3811638,pt,Turosn Koscielna
293496179,3811639,pt,Turosn Dolna
293496333,3811641,pt,Turosl
293496410,3811642,pt,Turobowice
293496487,3811643,pt,Turobin-Brzozowa
293496641,3811645,pt,Turobin
293496718,3811646,pt,Turno
293496795,3811647,pt,Turnawiec
293496872,3811648,pt,Turna Mala
293496949,3811649,pt,Turna Duza
293497026,3811650,pt,Turna
293497103,3811651,pt,Turkowice
293497180,3811652,pt,Turka
293497257,3811653,pt,Turka
293497488,3811656,pt,Tur Gorny
293497565,3811657,pt,Turek
293497642,3811658,pt,Tur Dolny
293497719,3811659,pt,Turczyn
293497796,3811660,pt,Turbia
293497950,3811662,pt,Tur
293498027,3811663,pt,Tupadly
293498258,3811666,pt,Tumiany
293498335,3811667,pt,Tumanek
293498412,3811668,pt,Tulowice
293498489,3811669,pt,Tulodziad
293498566,3811670,pt,Tulniki
293498643,3811671,pt,Tulkowice
293498720,3811672,pt,Tulkowice
293498797,3811673,pt,Tulilow
293498874,3811674,pt,Tuliglowy
293498951,3811675,pt,Tulawki
293499028,3811676,pt,Tul
293499105,3811677,pt,Tuklecz
293499182,3811678,pt,Tudorow
293499259,3811679,pt,Tuczna
293499336,3811680,pt,Tuczepy
293499413,3811681,pt,Tuczepy
293499490,3811682,pt,Tuczempy
293499567,3811683,pt,Tuczapy
293499644,3811684,pt,Tuchów
293499721,3811685,pt,Tuchów
293499798,3811686,pt,Tuchlin
293499875,3811687,pt,Tuchlin
293499952,3811688,pt,Tuchla
293500029,3811689,pt,Tuchanie
293500106,3811690,pt,Trzyrzeczki
293500183,3811691,pt,Trzyrzecze
293500337,3811693,pt,Trzydnik Duzy
293500799,3811699,pt,Trzonow
293500876,3811700,pt,Trzonki
293500953,3811701,pt,Trzetrzewina
293501030,3811702,pt,Trzeszkowice
293501107,3811703,pt,Trzeszkow
293501261,3811705,pt,Trzeszczkowo
293501338,3811706,pt,Trzeszczany
293501415,3811707,pt,Trzesowka
293501492,3811708,pt,Trzesniow
293501646,3811710,pt,Trzesn
293501723,3811711,pt,Trzesn
293501800,3811712,pt,Trzesn
293501877,3811713,pt,Trzesiny
293501954,3811714,pt,Trzescianka
293502031,3811715,pt,Trzepowo
293502108,3811716,pt,Trzepieciny
293502185,3811717,pt,Trzemuszka
293502262,3811718,pt,Trzemoszna
293502416,3811720,pt,Trzemesnia
293502493,3811721,pt,Trzemesna
293502647,3811723,pt,Trzeciny
293502724,3811724,pt,Trzeciakow
293502801,3811725,pt,Trzebuska
293502878,3811726,pt,Trzebucza
293502955,3811727,pt,Trzebownisko
293503032,3811728,pt,Trzebos
293503109,3811729,pt,Trzebina
293503186,3811730,pt,Trzebieszow
293503263,3811731,pt,Trzebiesza
293503340,3811732,pt,Trzebieslawice
293503494,3811734,pt,Trzebien
293503571,3811735,pt,Trzebica
293503648,3811736,pt,Trzcinka
293503725,3811737,pt,Trzciniec
293504033,3811741,pt,Trzciniec
293504264,3811744,pt,Trzcinica
293504495,3811747,pt,Trzciany
293504572,3811748,pt,Trzcianne
293504726,3811750,pt,Trzcianna
293504803,3811751,pt,Trzcianki
293504880,3811752,pt,Trzcianka
293505265,3811757,pt,Trzcianka
293505727,3811763,pt,Trzcianka
293505804,3811764,pt,Trzcianiec
293505881,3811765,pt,Trzciane
293506035,3811767,pt,Trzciana
293506112,3811768,pt,Trzciana
293506189,3811769,pt,Trzciana
293506266,3811770,pt,Trzciana
293506343,3811771,pt,Trzaski
293506420,3811772,pt,Trzaski
293506497,3811773,pt,Trzaski
293506574,3811774,pt,Trywieza
293506651,3811775,pt,Trypucie
293506728,3811776,pt,Trynosy
293506882,3811778,pt,Tryńcha
293506959,3811779,pt,Trygort
293507036,3811780,pt,Tryczowka
293507113,3811781,pt,Trybsz
293507190,3811782,pt,Trutnowo
293507267,3811783,pt,Truszki-Zalesie
293507344,3811784,pt,Truszki-Patory
293507421,3811785,pt,Truszki
293507498,3811786,pt,Truszki
293507652,3811788,pt,Truskolasy-Lachy
293507729,3811789,pt,Truskolasy
293507806,3811790,pt,Truski
293507883,3811791,pt,Truskawka
293507960,3811792,pt,Truskaw
293508114,3811794,pt,Troszyn
293508191,3811795,pt,Troszkowo
293508345,3811797,pt,Troscianka
293508576,3811800,pt,Tros
293508653,3811801,pt,Tropiszow
293508730,3811802,pt,Tropie
293508807,3811803,pt,Tropie
293509038,3811806,pt,Trokajny
293509115,3811807,pt,Trojnia
293509192,3811808,pt,Trojczyce
293509269,3811809,pt,Trojca
293509423,3811811,pt,Trojany
293509500,3811812,pt,Trojanowo
293509577,3811813,pt,Trojanowice
293509731,3811815,pt,Trojanow
293509808,3811816,pt,Trojanow
293509885,3811817,pt,Trojanow
293509962,3811818,pt,Trojanow
293510039,3811819,pt,Trojaczkowice
293510116,3811820,pt,Trofimowka
293510193,3811821,pt,Tresta Rzadowa
293510270,3811822,pt,Trepcza
293510424,3811824,pt,Trelkowo
293510501,3811825,pt,Trekus
293510655,3811827,pt,Treblinka
293510732,3811828,pt,Trebki
293510809,3811829,pt,Trebice Stare
293510886,3811830,pt,Trebice Gorne
293510963,3811831,pt,Trebice Dolne
293511040,3811832,pt,Trebaczow
293511194,3811834,pt,Trebaczew
293511271,3811835,pt,Trawy
293511348,3811836,pt,Trawniki
293511425,3811837,pt,Trawniki
293511502,3811838,pt,Tratnowice
293511579,3811839,pt,Transbor
293511656,3811840,pt,Trakiszki
293511733,3811841,pt,Trablice
293511810,3811842,pt,Trabki
293511887,3811843,pt,Trabki
293512041,3811845,pt,Tosie
293512195,3811847,pt,Torun
293512272,3811848,pt,Torule
293512349,3811849,pt,Torki
293512426,3811850,pt,Toprzyny
293512503,3811851,pt,Toporow
293512580,3811852,pt,Toporow
293512734,3811854,pt,Toporow
293512888,3811856,pt,Toporki
293512965,3811857,pt,Toporek
293513042,3811858,pt,Topor
293513196,3811860,pt,Topolnica
293513273,3811861,pt,Topolina
293513350,3811862,pt,Topolice
293513504,3811864,pt,Topolcza
293513581,3811865,pt,Topolania
293513658,3811866,pt,Topola
293513889,3811869,pt,Topilowka
293513966,3811870,pt,Topilec
293514043,3811871,pt,Topczykaly
293514120,3811872,pt,Topczewo
293514197,3811873,pt,Tonkiele
293514274,3811874,pt,Tonia
293514351,3811875,pt,Toncza
293514428,3811876,pt,Tominy
293514505,3811877,pt,Tomice
293514582,3811878,pt,Tomczyn
293514659,3811879,pt,Tomczyce
293514813,3811881,pt,Tomaszów Mazowiecki
293514890,3811882,pt,Tomaszów Mazowiecki
293514967,3811883,pt,Tomaszów Lubelski
293515044,3811884,pt,Tomaszowka
293515198,3811886,pt,Tomaszowka
293515275,3811887,pt,Tomaszowka
293515352,3811888,pt,Tomaszowice
293515429,3811889,pt,Tomaszowek
293515506,3811890,pt,Tomaszów
293515583,3811891,pt,Tomaszów
293515891,3811895,pt,Tomaszów
293516122,3811898,pt,Tomaszkowo
293516276,3811900,pt,Tomaszew
293516353,3811901,pt,Tomasze
293516430,3811902,pt,Marynyn
293516507,3811903,pt,Tolwin
293516584,3811904,pt,Tolniki Wielkie
293516661,3811905,pt,Tolniki Wielkie
293516738,3811906,pt,Tolniki Male
293516815,3811907,pt,Tolko
293516892,3811908,pt,Tolkoey
293516969,3811909,pt,Tolejny
293517046,3811910,pt,Tolcze
293517123,3811911,pt,Tolcze
293517200,3811912,pt,Toki
293517277,3811913,pt,Toki
293517354,3811914,pt,Tokary
293517508,3811916,pt,Tokary
293517585,3811917,pt,Tokarnia
293517662,3811918,pt,Tokarnia
293517739,3811919,pt,Todzia
293517816,3811920,pt,Toczyski Srednie
293517893,3811921,pt,Toczyski Podborne
293517970,3811922,pt,Toczyska
293518047,3811923,pt,Toczylowo
293518124,3811924,pt,Tocznabiel
293518201,3811925,pt,Tocholow
293518278,3811926,pt,Tobylka
293518355,3811927,pt,Tobolowo
293518432,3811928,pt,Tłuszcz
293518509,3811929,pt,Tłuszcz
293518586,3811930,pt,Tluste
293518663,3811931,pt,Tlusciec
293518740,3811932,pt,Tlucznice
293518817,3811933,pt,Tlokowo
293518894,3811934,pt,Tloczewo
293519048,3811936,pt,Terpentyna
293519125,3811937,pt,Terlikow
293519202,3811938,pt,Terliczka
293519279,3811939,pt,Terka
293519433,3811941,pt,Tereszyn
293519510,3811942,pt,Tereszpol
293519664,3811944,pt,Terespol
293519741,3811945,pt,Terespol
293519818,3811946,pt,Comuna de Teresin
293520203,3811951,pt,Teresina
293520280,3811952,pt,Terenin
293520357,3811953,pt,Terenia
293520434,3811954,pt,Teremicki
293520588,3811956,pt,Terebiski
293520665,3811957,pt,Terebiniec
293520742,3811958,pt,Terebin
293520819,3811959,pt,Terebela
293520896,3811960,pt,Teratyn
293520973,3811961,pt,Teptiukow
293521050,3811962,pt,Teosin
293521127,3811963,pt,Teolina
293521204,3811964,pt,Teofilowka
293521281,3811965,pt,Teofilow
293521435,3811967,pt,Teofilow
293521512,3811968,pt,Teofile
293521589,3811969,pt,Teodozow
293521743,3811971,pt,Teodorowo
293521820,3811972,pt,Teodorowka
293521897,3811973,pt,Teodorowka
293521974,3811974,pt,Teodorow
293522051,3811975,pt,Teodorow
293522128,3811976,pt,Teodorow
293522359,3811979,pt,Teniatyska
293522513,3811981,pt,Temeszow
293522590,3811982,pt,Telesnica Oszwarowa
293522744,3811984,pt,Telatyn
293522898,3811986,pt,Telaki
293522975,3811987,pt,Teklinow
293523129,3811989,pt,Teklin
293523206,3811990,pt,Teklin
293523283,3811991,pt,Tegoborze
293523360,3811992,pt,Teczki
293523514,3811994,pt,Tecza
293523591,3811995,pt,Tczow
293523668,3811996,pt,Borki
293523745,3811997,pt,Tchorzowa
293523976,3812000,pt,Tchorzew
293524130,3812002,pt,Tatary
293524361,3812005,pt,Tatary
293524438,3812006,pt,Tatarowce
293524669,3812009,pt,Tarzymiechy
293524746,3812010,pt,Tártaro
293524823,3812011,pt,Tártaro
293524977,3812013,pt,Tartaczysko
293525054,3812014,pt,Tarnowska Wola
293525131,3812015,pt,Tarnowska Wola
293525208,3812016,pt,Tarnowola
293525285,3812017,pt,Tarnowo-Goski
293525362,3812018,pt,Tarnowo
293525516,3812020,pt,Tarnowiec
293525593,3812021,pt,Tarnowiec
293525670,3812022,pt,Tarnowek
293525824,3812024,pt,Tarnow
293525901,3812025,pt,Tarnów
293525978,3812026,pt,Tarnów
293526055,3812027,pt,Tarnogród
293526132,3812028,pt,Tarnogród
293526286,3812030,pt,Tarnogora
293526363,3812031,pt,Tarnobrzeg
293526440,3812032,pt,Tarnobrzeg
293526517,3812033,pt,Tarniny
293526594,3812034,pt,Tarnawka
293526671,3812035,pt,Tarnawka
293526748,3812036,pt,Tarnawka
293526825,3812037,pt,Tarnawka
293526902,3812038,pt,Tarnawiec
293526979,3812039,pt,Tarnawce
293527056,3812040,pt,Tarnawatka
293527133,3812041,pt,Tarnawa Gorna
293527210,3812042,pt,Tarnawa
293527287,3812043,pt,Tarnawa
293527441,3812045,pt,Tarnawa
293527518,3812046,pt,Tarlow
293527595,3812047,pt,Tarlo
293527672,3812048,pt,Tarkowek Maly
293527749,3812049,pt,Tarkowek Maly
293527826,3812050,pt,Tarkow
293527903,3812051,pt,Tarkawice
293527980,3812052,pt,Targowska Wolka
293528057,3812053,pt,Targowska Wola
293528134,3812054,pt,Targowo
293528211,3812055,pt,Targowka
293528288,3812056,pt,Targowisko
293528442,3812058,pt,Targowisko
293528519,3812059,pt,Targowiska
293528673,3812061,pt,Targonie-Wity
293528750,3812062,pt,Targonie Wielkie
293528827,3812063,pt,Targonie-Krytuly
293528904,3812064,pt,Tarczyn
293528981,3812065,pt,Tarczyn
293529058,3812066,pt,Tarczek
293529135,3812067,pt,Tarcze
293529289,3812069,pt,Taraskowo
293529520,3812072,pt,Tapin
293529597,3812073,pt,Tapilkajmy
293529751,3812075,pt,Tanica Gorna
293529828,3812076,pt,Tanica Dolna
293529982,3812078,pt,Tama
293530059,3812079,pt,Talusy
293530136,3812080,pt,Taluba
293530213,3812081,pt,Talty
293530290,3812082,pt,Talkowszczyzna
293530367,3812083,pt,Falar
293530521,3812085,pt,Talczyn
293530598,3812086,pt,Tajno Stare
293530675,3812087,pt,Tajno Podjeziorne
293530752,3812088,pt,Tajno Lanowe
293530829,3812089,pt,Tajenko
293530906,3812090,pt,Tajecina
293530983,3812091,pt,Tafily
293531214,3812094,pt,Tadeuszow
293531291,3812095,pt,Tadeuszow
293531368,3812096,pt,Taczow
293531445,3812097,pt,Taczki
293531522,3812098,pt,Taciewo
293531599,3812099,pt,Taborzec
293531676,3812100,pt,Taborz
293531753,3812101,pt,Tábor
293531830,3812102,pt,Tabor
293531907,3812103,pt,Tabaszowa
293531984,3812104,pt,Tabadz
293532061,3812105,pt,Szyszków
293532138,3812106,pt,Szyszki
293532292,3812108,pt,Szyszki
293532369,3812109,pt,Szyszczyce
293532523,3812111,pt,Comuna de Szypliszki
293532600,3812112,pt,Comuna de Szypliszki
293532677,3812113,pt,Szyperki
293532754,3812114,pt,Szynwald
293532831,3812115,pt,Szynowo
293532908,3812116,pt,Szynkarzyzna
293532985,3812117,pt,Szymony
293533062,3812118,pt,Szymonka
293533216,3812120,pt,Szymki
293533293,3812121,pt,Szymki
293533370,3812122,pt,Szymbory
293533447,3812123,pt,Szymbark
293533524,3812124,pt,Szymany
293533601,3812125,pt,Szymany
293533755,3812127,pt,Szymany
293533832,3812128,pt,Szymanowo
293533909,3812129,pt,Szymanowka
293533986,3812130,pt,Szymanowice
293534063,3812131,pt,Szymanow
293534140,3812132,pt,Szymanow
293534217,3812133,pt,Szymanow
293534294,3812134,pt,Szymanki
293534371,3812135,pt,Szymaki
293534448,3812136,pt,Szymaki
293534602,3812138,pt,Szyldak
293534679,3812139,pt,Szyk
293534756,3812140,pt,Szyjki
293534833,3812141,pt,Szygowek
293534910,3812142,pt,Szygi
293534987,3812143,pt,Szydlowo
293535141,3812145,pt,Szydlowka
293535295,3812147,pt,Szydłowiec
293535372,3812148,pt,Szydlowiec
293535449,3812149,pt,Szydlowek
293535526,3812150,pt,Comuna de Szydłów
293535603,3812151,pt,Comuna de Szydłów
293535680,3812152,pt,Szychowice
293535757,3812153,pt,Szyby
293535834,3812154,pt,Szwelice
293535988,3812156,pt,Szwejki
293536142,3812158,pt,Szwedy
293536219,3812159,pt,Szwedy
293536373,3812161,pt,Szwendrowy Most
293536527,3812163,pt,Szwarszowice
293536604,3812164,pt,Nowy Szwarocin
293536758,3812166,pt,Szuszalewo
293536912,3812168,pt,Szurpily
293536989,3812169,pt,Szur
293537066,3812170,pt,Szumsko
293537143,3812171,pt,Szumsk
293537220,3812172,pt,Szumowo
293537297,3812173,pt,Szumowo
293537374,3812174,pt,Szumow
293537451,3812175,pt,Szumlin
293537528,3812176,pt,Kuzumaki
293537605,3812177,pt,Szuminka
293537759,3812179,pt,Szulmierz
293537836,3812180,pt,Szulec
293537913,3812181,pt,Szulborze-Kozy
293538067,3812183,pt,Szulbory
293538221,3812185,pt,Szufnarowa
293538375,3812187,pt,Szudzialowo
293538452,3812188,pt,Szuc
293538529,3812189,pt,Sztynort Maly
293538606,3812190,pt,Sztynort
293538760,3812192,pt,Sztombergi
293538837,3812193,pt,Sztabinki
293538914,3812194,pt,Sztabin
293538991,3812195,pt,Szronka
293539068,3812196,pt,Szrensk
293539145,3812197,pt,Szreniawa
293539222,3812198,pt,Szpitary
293539376,3812200,pt,Szpikolosy
293539453,3812201,pt,Szpice Chojnowo
293539530,3812202,pt,Szpica
293539761,3812205,pt,Szpakowo
293539838,3812206,pt,Szpaki
293539915,3812207,pt,Szpaki
293540069,3812209,pt,Szozdy
293540146,3812210,pt,Szowsko
293540223,3812211,pt,Szostka
293540300,3812212,pt,Szostakowo
293540377,3812213,pt,Szostaki
293540454,3812214,pt,Szostaki
293540608,3812216,pt,Szostaki
293540762,3812218,pt,Szorcowka
293540839,3812219,pt,Szorce
293540916,3812220,pt,Szopowe
293540993,3812221,pt,Szopinek
293541070,3812222,pt,Szoltany
293541301,3812225,pt,Szmurly
293541609,3812229,pt,Szlinokiemie
293541686,3812230,pt,Szlembark
293541763,3812231,pt,Szledaki
293541917,3812233,pt,Szlatyn
293541994,3812234,pt,Szlasy Zlotki
293542148,3812236,pt,Szlasy Lozino
293542225,3812237,pt,Szlasy-Lipno
293542302,3812238,pt,Szlasy Bure
293542379,3812239,pt,Szlachtowa
293542456,3812240,pt,Szlachecki Las
293542533,3812241,pt,Szla
293542610,3812242,pt,Szkwa
293542687,3812243,pt,Szkudaj
293542764,3812244,pt,Szkucin
293542841,3812245,pt,Szkotowo
293542918,3812246,pt,Szkopy
293543072,3812248,pt,Szkody
293543149,3812249,pt,Szkodna
293543226,3812250,pt,Szkocja
293543380,3812252,pt,Szklary
293543457,3812253,pt,Szklary
293543534,3812254,pt,Szklarnia
293543688,3812256,pt,Szklarki
293543765,3812257,pt,Szklanow
293543842,3812258,pt,Szewnica
293543996,3812260,pt,Szewna
293544150,3812262,pt,Szewce
293544227,3812263,pt,Szewce
293544381,3812265,pt,Szeszyly
293544458,3812266,pt,Szeszupka
293544535,3812267,pt,Szeszki
293544689,3812269,pt,Szestno
293544766,3812270,pt,Szerzyny
293544843,3812271,pt,Szerszenie
293544920,3812272,pt,Szerokopas
293544997,3812273,pt,Szerokie
293545074,3812274,pt,Szeroki Bor
293545151,3812275,pt,Szernie
293545228,3812276,pt,Szerenosy
293545305,3812277,pt,Szepietowo-Zaki
293545382,3812278,pt,Szepietowo
293545459,3812279,pt,Szepietowo
293545536,3812280,pt,Szepietowo-Janowka
293545690,3812282,pt,Szemplino Wielkie
293545767,3812283,pt,Szemplino Czarne
293545844,3812284,pt,Szembory
293545921,3812285,pt,Szelkow
293545998,3812286,pt,Szeligi-Lesnica
293546075,3812287,pt,Szeligi
293546229,3812289,pt,Szeliga
293546460,3812292,pt,Szebnie
293546537,3812293,pt,Szczyty-Nowodwory
293546614,3812294,pt,Szczyty-Dzieciolowo
293546691,3812295,pt,Szczyty
293546845,3812297,pt,Szczytno
293546922,3812298,pt,Szczytno
293546999,3812299,pt,Szczytno
293547230,3812302,pt,Szczytniki
293547307,3812303,pt,Szczytniki
293547384,3812304,pt,Szczytnik
293547461,3812305,pt,Szczytna
293547538,3812306,pt,Szczyrzyc
293547615,3812307,pt,Szczypiorno
293547692,3812308,pt,Szczypiec
293547769,3812309,pt,Szczygly Gorne
293547846,3812310,pt,Szczygly Dolne
293547923,3812311,pt,Szczyglow
293548000,3812312,pt,Szczybaly Orlowskie
293548077,3812313,pt,Szczybaly Gizyckie
293548154,3812314,pt,Szczutkow
293548231,3812315,pt,Szczurowa
293548308,3812316,pt,Szczurow
293548539,3812319,pt,Szczupak
293548616,3812320,pt,Szczukowice
293548693,3812321,pt,Szczuki
293548770,3812322,pt,Szczuki
293548847,3812323,pt,Szczuczyn
293548924,3812324,pt,Szczuczyn
293549001,3812325,pt,Szczucin
293549078,3812326,pt,Szczucin
293549155,3812327,pt,Szczucice
293549309,3812329,pt,Szczotkowice
293549386,3812330,pt,Szczodruchy
293549540,3812332,pt,Szczodrowo
293549617,3812333,pt,Szczesnowicze
293549694,3812334,pt,Szczesniki
293549771,3812335,pt,Szczesne
293549848,3812336,pt,Szczesna
293549925,3812337,pt,Szczescie
293550002,3812338,pt,Szczerzbowo
293550079,3812339,pt,Szczerez
293550310,3812342,pt,Szczerbakow
293550464,3812344,pt,Szczepkowo-Zalesie
293550618,3812346,pt,Szczepkowo Iwany
293550695,3812347,pt,Szczepkowo Giewarty
293550772,3812348,pt,Szczepkowo-Borowe
293550849,3812349,pt,Szczepkowo
293550926,3812350,pt,Szczepki
293551003,3812351,pt,Szczepiatyn
293551080,3812352,pt,Szczepany
293551157,3812353,pt,Szczepanowice
293551234,3812354,pt,Szczepanowice
293551311,3812355,pt,Szczepanowice
293551388,3812356,pt,Szczepanow
293551465,3812357,pt,Szczepanow
293551542,3812358,pt,Szczepankowo
293551619,3812359,pt,Szczepankowo
293551696,3812360,pt,Szczepankowo
293551773,3812361,pt,Szczepanki
293551927,3812363,pt,Szczepanek
293552004,3812364,pt,Szczepancowa
293552081,3812365,pt,Szczelatyn
293552158,3812366,pt,Szczekarkow
293552235,3812367,pt,Szczekarkow
293552312,3812368,pt,Szczeka
293552389,3812369,pt,Szczeglo
293552466,3812370,pt,Szczeglin
293552543,3812371,pt,Szczeglin
293552620,3812372,pt,Szczeglice
293552697,3812373,pt,Szczeglacin
293552774,3812374,pt,Szczecyn
293552851,3812375,pt,Szczecno
293553005,3812377,pt,Szczecinowo
293553082,3812378,pt,Szczecinki
293553159,3812379,pt,Szczeciniak
293553236,3812380,pt,Szczechy Wielkie
293553313,3812381,pt,Szczechy Male
293553390,3812382,pt,Szczebrzeszyn
293553467,3812383,pt,Szczebrzeszyn
293553544,3812384,pt,Szczebra
293553621,3812385,pt,Szczeberka
293553698,3812386,pt,Szczaworyz
293553775,3812387,pt,Szczawnik
293553929,3812389,pt,Szczawnica
293554006,3812390,pt,Szczawne
293554083,3812391,pt,Szczawin
293554160,3812392,pt,Szczawin
293554314,3812394,pt,Szczawa
293554391,3812395,pt,Szczalb
293554468,3812396,pt,Szczaki
293554545,3812397,pt,Szawly
293554622,3812398,pt,Szaty Wielkie
293554699,3812399,pt,Szastarka
293554776,3812400,pt,Szastaly
293555007,3812403,pt,Szarwark
293555084,3812404,pt,Szaruty
293555161,3812405,pt,Szarow
293555315,3812407,pt,Szarlat
293555392,3812408,pt,Szarki
293555469,3812409,pt,Szarek
293555546,3812410,pt,Szarejki
293555623,3812411,pt,Szarejki
293555700,3812412,pt,Szarbkow
293555777,3812413,pt,Szara Wola
293555854,3812414,pt,Szara Wola
293555931,3812415,pt,Szara Wola
293556008,3812416,pt,Szarajowka
293556085,3812417,pt,Szapsk
293556162,3812418,pt,Szankow
293556239,3812419,pt,Szaniec
293556393,3812421,pt,Szamoty
293556547,3812423,pt,Szalstry
293556624,3812424,pt,Szalowa
293556701,3812425,pt,Szalas
293556778,3812426,pt,Szalas
293556932,3812428,pt,Szafranow
293557009,3812429,pt,Szafranki
293557086,3812430,pt,Szafranki
293557163,3812431,pt,Szafranki
293557317,3812433,pt,Zafar
293557394,3812434,pt,Szafarnia
293557471,3812435,pt,Szafarczyska
293557548,3812436,pt,Szadkowice
293557625,3812437,pt,Szacily
293557779,3812439,pt,Szacilowka
293557856,3812440,pt,Szachy
293557933,3812441,pt,Szabruk
293558010,3812442,pt,Szably Stare
293558087,3812443,pt,Szably Mlode
293558164,3812444,pt,Szablaki
293558241,3812445,pt,Szablak
293558395,3812447,pt,Sytki
293558472,3812448,pt,Syski
293558549,3812449,pt,Syry
293558626,3812450,pt,Sypow
293558703,3812451,pt,Sypniewo
293558857,3812453,pt,Sypitki
293558934,3812454,pt,Sypien
293559011,3812455,pt,Synkowce
293559088,3812456,pt,Sylwerynow
293559242,3812458,pt,Sygneczow
293559319,3812459,pt,Sydzyna
293559396,3812460,pt,Sydol
293559473,3812461,pt,Syczyn
293559550,3812462,pt,Syczow
293559627,3812463,pt,Sycze
293559704,3812464,pt,Sycina
293559858,3812466,pt,Shchyboivka
293559935,3812467,pt,Swoszowice
293560012,3812468,pt,Swoszowa
293560089,3812469,pt,Sworzyce
293560166,3812470,pt,Swory
293560243,3812471,pt,Sworon
293560397,3812473,pt,Swojkow
293560474,3812474,pt,Swobodnia
293560551,3812475,pt,Swobodna
293560628,3812476,pt,Swoboda
293560782,3812478,pt,Swisloczany
293560859,3812479,pt,Swislina
293560936,3812480,pt,Swirydy
293561013,3812481,pt,Swirna
293561167,3812483,pt,Swinki
293561244,3812484,pt,Swiniow
293561552,3812488,pt,Swinice
293561629,3812489,pt,Swinice
293561706,3812490,pt,Swiniary
293561783,3812491,pt,Swiniary
293561860,3812492,pt,Swiniary
293561937,3812493,pt,Swiniarsko
293562014,3812494,pt,Swiniarow
293562168,3812496,pt,Swilcza
293562399,3812499,pt,Swiezyca
293562476,3812500,pt,Swiety Krzyz
293562553,3812501,pt,Swietoniowa
293562630,3812502,pt,Swietomarz
293562784,3812504,pt,Swietochow Nowy
293562861,3812505,pt,Swietochow
293562938,3812506,pt,Swietnik
293563015,3812507,pt,Swietlikowa Wola
293563092,3812508,pt,Swiete Nowaki
293563169,3812509,pt,Swiete
293563323,3812511,pt,Swieta Lipka
293563400,3812512,pt,Swieta Katarzyna
293563554,3812514,pt,Swietajno
293563631,3812515,pt,Swietajno
293563708,3812516,pt,Swiesielice
293563785,3812517,pt,Swierzowa Polska
293563862,3812518,pt,Swierze Gorne
293564016,3812520,pt,Swierze
293564093,3812521,pt,Swierze
293564170,3812522,pt,Swierszczów
293564247,3812523,pt,Swierszczów
293564324,3812524,pt,Swierkowo
293564478,3812526,pt,Swierkocin
293564555,3812527,pt,Swierczyna
293564632,3812528,pt,Swierczyna
293564940,3812532,pt,Swierczyna
293565017,3812533,pt,Swierczow
293565094,3812534,pt,Swierczow
293565248,3812536,pt,Swiercze Siolki
293565325,3812537,pt,Swierczek
293565402,3812538,pt,Swierczek
293565479,3812539,pt,Swiercze
293565633,3812541,pt,Swierchowa
293565710,3812542,pt,Swieck Wielki
293565787,3812543,pt,Swieck-Strumiany
293565941,3812545,pt,Swiecienin
293566018,3812546,pt,Swieciechow
293566249,3812549,pt,Swiecice
293566326,3812550,pt,Swiecice
293566403,3812551,pt,Swiecice
293566480,3812552,pt,Swiecica
293566557,3812553,pt,Swiecica
293566634,3812554,pt,Swiecica
293566711,3812555,pt,Świebodzin
293566788,3812556,pt,Swiebodzin
293566865,3812557,pt,Swiebodna
293567019,3812559,pt,Swidwiborek
293567173,3812561,pt,Swidry Podlesne
293567327,3812563,pt,Swidrygaly
293567404,3812564,pt,Swidry-Dobrzyce
293567481,3812565,pt,Swidry-Awissa
293567558,3812566,pt,Swidry
293567943,3812571,pt,Swidrowko
293568020,3812572,pt,Swidrow
293568328,3812576,pt,Swidno
293568405,3812577,pt,Swidno
293568482,3812578,pt,Swidno
293568559,3812579,pt,Swidnik Maly
293568636,3812580,pt,Swidniki
293568713,3812581,pt,Świdnik
293568790,3812582,pt,Swidnik
293568867,3812583,pt,Świdnica
293568944,3812584,pt,Swidnica
293569021,3812585,pt,Swiderki
293569098,3812586,pt,Swider
293569175,3812587,pt,Swiatniki
293569329,3812589,pt,Swiatkowa Wielka
293569406,3812590,pt,Swiatkowa Mala
293569483,3812591,pt,Swiatki Rydzewo
293569560,3812592,pt,Swiatki
293569791,3812595,pt,Swaty
293569868,3812596,pt,Swarzow
293569945,3812597,pt,Swaryszow
293570022,3812598,pt,Swaryczow
293570099,3812599,pt,Swaderki
293570253,3812601,pt,Suwałki
293570330,3812602,pt,Suwałki
293570407,3812603,pt,Suwaki
293570484,3812604,pt,Sutno
293570561,3812605,pt,Sutkow
293570638,3812606,pt,Suszow
293570715,3812607,pt,Suszno
293570792,3812608,pt,Suszka
293570869,3812609,pt,Suszeniec
293570946,3812610,pt,Suszen
293571023,3812611,pt,Suszcza
293571100,3812612,pt,Susnik
293571177,3812613,pt,Suskrajowice
293571254,3812614,pt,Suskowola
293571408,3812616,pt,Susk
293571485,3812617,pt,Susiec
293571562,3812618,pt,Suryty
293571639,3812619,pt,Surwile
293571793,3812621,pt,Surowica
293571870,3812622,pt,Surowe
293571947,3812623,pt,Surowa
293572024,3812624,pt,Surochow
293572101,3812625,pt,Surmowka
293572178,3812626,pt,Surminy
293572255,3812627,pt,Surmaczowka
293572332,3812628,pt,Surmacze
293572409,3812629,pt,Surhow
293572486,3812630,pt,Suraż
293572563,3812631,pt,Suraż
293572640,3812632,pt,Suraly
293572794,3812634,pt,Supy
293572948,3812636,pt,Comuna de Supraśl
293573025,3812637,pt,Sumowo
293573102,3812638,pt,Sumowo
293573256,3812640,pt,Sumin
293573410,3812642,pt,Sumiezne
293573487,3812643,pt,Sulowo
293573564,3812644,pt,Sulowiec
293573641,3812645,pt,Sulowek
293573718,3812646,pt,Sulow
293573795,3812647,pt,Sulow
293573872,3812648,pt,Sulow
293573949,3812649,pt,Suloszyn
293574026,3812650,pt,Sulmice
293574103,3812651,pt,Sulkowo Polne
293574180,3812652,pt,Sulkowo Borowe
293574257,3812653,pt,Sulkowo
293574334,3812654,pt,Sulkowo
293574411,3812655,pt,Sułkowice
293574488,3812656,pt,Sulkowice
293574565,3812657,pt,Sulkow
293574719,3812659,pt,Sulkow
293574796,3812660,pt,Sulkow
293574873,3812661,pt,Sulki
293575027,3812663,pt,Suliszów
293575104,3812664,pt,Suliszów
293575181,3812665,pt,Suliszka
293575258,3812666,pt,Suliszew
293575335,3812667,pt,Sulistrowice
293575412,3812668,pt,Sulistrowa
293575489,3812669,pt,Sulislawice
293575643,3812671,pt,Sulimy
293575874,3812674,pt,Sulimow
293576028,3812676,pt,Sulgostow
293576182,3812678,pt,Sulejówek
293576259,3812679,pt,Sulejówek
293576336,3812680,pt,Sulejow
293576413,3812681,pt,Sulejow
293576490,3812682,pt,Sulejki
293576567,3812683,pt,Suleje
293576644,3812684,pt,Sulecin Szlachecki
293576721,3812685,pt,Sulechow
293576798,3812686,pt,Sulborowice
293576875,3812687,pt,Sulbiny
293576952,3812688,pt,Sukowska Wola
293577106,3812690,pt,Sukowicze
293577337,3812693,pt,Sukow
293577414,3812694,pt,Sukow
293577491,3812695,pt,Sukmanie
293577645,3812697,pt,Sufczyna
293577722,3812698,pt,Sufczyn
293577876,3812700,pt,Sufczyn
293577953,3812701,pt,Sufczyce
293578030,3812702,pt,Sudwa
293578107,3812703,pt,Sudoly
293578261,3812705,pt,Sudolek
293578338,3812706,pt,Sudol
293578569,3812709,pt,Suczki
293578723,3812711,pt,Suczki
293578800,3812712,pt,Suchy Rog
293578877,3812713,pt,Suchy Las
293578954,3812714,pt,Suchy Grunt
293579031,3812715,pt,Suchowola
293579108,3812716,pt,Suchowola
293579185,3812717,pt,Suchowola
293579339,3812719,pt,Suchowola
293579416,3812720,pt,Suchowola
293579493,3812721,pt,Suchowola
293579570,3812722,pt,Suchowola
293579801,3812725,pt,Suchowizna
293579878,3812726,pt,Suchorzow
293580032,3812728,pt,Suchoraba
293580109,3812729,pt,Sucholaski
293580263,3812731,pt,Suchodoly
293580571,3812735,pt,Suchodol Wielki
293580725,3812737,pt,Suchodolka
293580802,3812738,pt,Suchodolina
293580879,3812739,pt,Suchodol
293580956,3812740,pt,Suchodol
293581033,3812741,pt,Suchodol
293581264,3812744,pt,Suchodebie
293581341,3812745,pt,Suchocin
293581418,3812746,pt,Suchocin
293581495,3812747,pt,Suchynicze
293581726,3812750,pt,Suchedniów
293581803,3812751,pt,Suchcice
293581880,3812752,pt,Sucha Wolka
293581957,3812753,pt,Sucha Wies
293582111,3812755,pt,Suchawa
293582188,3812756,pt,Suchawa
293582265,3812757,pt,Tal
293582342,3812758,pt,Sucha Struga
293582496,3812760,pt,Sucharzow
293582573,3812761,pt,Sucha Rzeczka
293582650,3812762,pt,Sucha Nowa
293582727,3812763,pt,Sucha Gora
293582958,3812766,pt,Styrzyniec
293583035,3812767,pt,Stypulki-Szymany
293583112,3812768,pt,Stypulki-Borki
293583189,3812769,pt,Stylagi
293583266,3812770,pt,Stykow
293583420,3812772,pt,Stuzno
293583497,3812773,pt,Stupsk
293583574,3812774,pt,Stuposiany
293583651,3812775,pt,Stupniki
293583728,3812776,pt,Stulno
293583805,3812777,pt,Stulichy
293583959,3812779,pt,Studzieniec
293584036,3812780,pt,Studzieniec
293584113,3812781,pt,Studzieniec
293584190,3812782,pt,Studzieniec
293584421,3812785,pt,Studziany Las
293584498,3812786,pt,Studzianna
293584652,3812788,pt,Studzianki Pancerne
293584729,3812789,pt,Studzianki
293584806,3812790,pt,Studzianki
293585114,3812794,pt,Studzianki
293585191,3812795,pt,Studzianka
293585268,3812796,pt,Studzian
293585345,3812797,pt,Studzian
293585422,3812798,pt,Studnisko
293585499,3812799,pt,Studnie
293585576,3812800,pt,Studnica
293585730,3812802,pt,Stubno
293585807,3812803,pt,Stubienko
293585884,3812804,pt,Strzyzyna
293585961,3812805,pt,Strzyzowiec
293586038,3812806,pt,Strzyzowice
293586115,3812807,pt,Strzyzewice
293586192,3812808,pt,Strzyzowice
293586269,3812809,pt,Strzyzow
293586346,3812810,pt,Strzyżów
293586423,3812811,pt,Strzyżów
293586500,3812812,pt,Strzyzew
293586654,3812814,pt,Strzyze
293586808,3812816,pt,Strzyzowka
293586885,3812817,pt,Strzyboga
293587039,3812819,pt,Strzeszyn
293587116,3812820,pt,Strzeszyce
293587193,3812821,pt,Strzeszkowice Male
293587270,3812822,pt,Strzeszkowice
293587347,3812823,pt,Strzeszkowice
293587424,3812824,pt,Strzeszewo
293587501,3812825,pt,Strzeszkowice Duze
293587578,3812826,pt,Strzeniowka
293587655,3812827,pt,Strzemieczne Hieronimy
293587809,3812829,pt,Strzemeszna
293587963,3812831,pt,Strzembowo
293588117,3812833,pt,Strzelniki
293588194,3812834,pt,Strzelnia
293588348,3812836,pt,Strzelcowizna
293588425,3812837,pt,Strzelce Wielkie
293588502,3812838,pt,Strzelce Male
293588656,3812840,pt,Strzelce
293588733,3812841,pt,Strzegowo
293588810,3812842,pt,Strzegowo
293588887,3812843,pt,Strzegomek
293588964,3812844,pt,Strzegom
293589041,3812845,pt,Strzegocin
293589118,3812846,pt,Strzegocice
293589272,3812848,pt,Strzalkowo
293589349,3812849,pt,Strzalkow
293589426,3812850,pt,Strzalkow
293589503,3812851,pt,Strzalki
293589657,3812853,pt,Strzala
293589734,3812854,pt,Strzakly
293589888,3812856,pt,Stryszowa
293590042,3812858,pt,Strykowice Gorne
293590196,3812860,pt,Strykow
293590273,3812861,pt,Stilky
293590350,3812862,pt,Stryjow
293590504,3812864,pt,Stryjno
293590658,3812866,pt,Stryjkowo
293590812,3812868,pt,Stryjewo
293590966,3812870,pt,Stryjaki
293591043,3812871,pt,Stryj
293591120,3812872,pt,Stryczowice
293591197,3812873,pt,Strych
293591351,3812875,pt,Strugi
293591428,3812876,pt,Struza
293591505,3812877,pt,Strusy
293591582,3812878,pt,Strusin
293591659,3812879,pt,Strupin Maly
293591736,3812880,pt,Strupin Duzy
293591813,3812881,pt,Strupiechow
293591967,3812883,pt,Strupice
293592044,3812884,pt,Strumiany
293592121,3812885,pt,Strugi
293592275,3812887,pt,Struga
293592506,3812890,pt,Strubno
293592583,3812891,pt,Strubiny
293592660,3812892,pt,Strozyska
293592737,3812893,pt,Strozowka
293592814,3812894,pt,Strozna
293592891,3812895,pt,Stroze Wielkie
293592968,3812896,pt,Stroze Male
293593045,3812897,pt,Stroze
293593122,3812898,pt,Stroza
293593430,3812902,pt,Stroza
293593507,3812903,pt,Stropieszyn
293593584,3812904,pt,Stronie
293593661,3812905,pt,Stromiecka Wola
293593738,3812906,pt,Stromiec
293593815,3812907,pt,Strojnow
293593892,3812908,pt,Strojcow
293593969,3812909,pt,Strochcice
293594046,3812910,pt,Strobow
293594123,3812911,pt,Strekowo
293594200,3812912,pt,Strekowizna
293594277,3812913,pt,Stregoborzyce
293594354,3812914,pt,Stregielek
293594431,3812915,pt,Stregiel
293594508,3812916,pt,Stary Streczyn
293594585,3812917,pt,Strazow
293594662,3812918,pt,Straznica
293594739,3812919,pt,Straz
293594816,3812920,pt,Strawczynek
293594893,3812921,pt,Strawczyn
293594970,3812922,pt,Straszydle
293595047,3812923,pt,Straszowa Wola
293595124,3812924,pt,Straszow
293595201,3812925,pt,Straszewo
293595278,3812926,pt,Straszecin
293595355,3812927,pt,Straduny
293595432,3812928,pt,Stradow
293595509,3812929,pt,Stradomka
293595663,3812931,pt,Stradlice
293595740,3812932,pt,Straczkow
293595817,3812933,pt,Strachowka
293595894,3812934,pt,Strachow
293596048,3812936,pt,Strachoslaw
293596125,3812937,pt,Strachomin
293596202,3812938,pt,Strachocina
293596279,3812939,pt,Estrachocina
293596356,3812940,pt,Strabla
293596433,3812941,pt,Stpice
293596510,3812942,pt,Stozne
293596587,3812943,pt,Stopnica
293596664,3812944,pt,Stopnica
293596741,3812945,pt,Stopki
293597049,3812949,pt,Stolowacz
293597126,3812950,pt,Stolniki
293597203,3812951,pt,Stok Wisniewski
293597280,3812952,pt,Stok Ruski
293597511,3812955,pt,Torkalaki
293597588,3812956,pt,Stoki Stare
293597665,3812957,pt,Stoki Stare
293597819,3812959,pt,Stoki Duze
293597896,3812960,pt,Stoki
293598050,3812962,pt,Estoque
293598127,3812963,pt,Estoque
293598204,3812964,pt,Stok
293598358,3812966,pt,Estoque
293598435,3812967,pt,Stojowice
293598512,3812968,pt,Stojka
293598589,3812969,pt,Stojewsko
293598820,3812972,pt,Stojanowice
293598897,3812973,pt,Stojadla
293598974,3812974,pt,Stodzew
293599051,3812975,pt,Stodoly
293599128,3812976,pt,Stoczki
293599205,3812977,pt,Stoczki
293599359,3812979,pt,Stoczek Łukowski
293599436,3812980,pt,Stoczek
293599513,3812981,pt,Stoczek
293599744,3812984,pt,Stoczek
293599821,3812985,pt,Stoczek
293600206,3812990,pt,Stobierna
293600283,3812991,pt,Stobierna
293600437,3812993,pt,Stobiec
293600514,3812994,pt,Stobiec
293600591,3812995,pt,Stezyca Nadwieprzanska
293600668,3812996,pt,Stezyca
293600745,3812997,pt,Stezyca Leczynska
293600822,3812998,pt,Steznica
293600899,3812999,pt,Sternalice
293600976,3813000,pt,Sterlawki Wielkie
293601053,3813001,pt,Sterlawki Male
293601130,3813002,pt,Sterdyn
293601207,3813003,pt,Stepocice
293601284,3813004,pt,Stepna Stara
293601361,3813005,pt,Stepna Michalki
293601438,3813006,pt,Stepkow
293601515,3813007,pt,Stepina
293601592,3813008,pt,Seliatyn
293601746,3813010,pt,Stelmachowo
293601823,3813011,pt,Stelagi
293601900,3813012,pt,Stekiny
293602208,3813016,pt,Stegna
293602285,3813017,pt,Stefkowa
293602362,3813018,pt,Stefanowo
293602439,3813019,pt,Stefanowka
293602516,3813020,pt,Stefanowka
293602593,3813021,pt,Stefanowek
293602670,3813022,pt,Stefanow
293602824,3813024,pt,Stefanow
293603209,3813029,pt,Stefankowice
293603286,3813030,pt,Stefankow
293603363,3813031,pt,Stefankow
293603594,3813034,pt,Stebark
293603671,3813035,pt,Stawy
293603748,3813036,pt,Staw Ujazdowski
293603825,3813037,pt,Stawowiczki
293603902,3813038,pt,Stawówice
293603979,3813039,pt,Staworowo
293604056,3813040,pt,Staw Noakowski
293604133,3813041,pt,Stawnica
293604287,3813043,pt,Stawki
293604364,3813044,pt,Stawki
293604518,3813046,pt,Stawki
293604672,3813048,pt,Stawiszyn
293604749,3813049,pt,Stawiszyce
293604826,3813050,pt,Stawiszcze
293604903,3813051,pt,Stawiski
293604980,3813052,pt,Stawiski
293605057,3813053,pt,Stawiska
293605134,3813054,pt,Stawinoga
293605288,3813056,pt,Stawiguda
293605365,3813057,pt,Stawiany
293605442,3813058,pt,Stawiane
293605519,3813059,pt,Stawek
293605673,3813061,pt,Stawce
293605750,3813062,pt,Staw
293605981,3813065,pt,Staszów
293606058,3813066,pt,Staszkowo
293606135,3813067,pt,Staszkowka
293606212,3813068,pt,Staswiny
293606289,3813069,pt,Stasiowka
293606366,3813070,pt,Stasiowka
293606443,3813071,pt,Stasiopole
293606520,3813072,pt,Stasinow
293606597,3813073,pt,Stasin
293606905,3813077,pt,Stasin
293607290,3813082,pt,Starzyna
293607367,3813083,pt,Starachowice
293607444,3813084,pt,Starzechowice
293607521,3813085,pt,Stary Zmigrod
293607598,3813086,pt,Stary Zamosc
293607752,3813088,pt,Stary Wisnicz
293607906,3813090,pt,Stary Sącz
293607983,3813091,pt,Platerow
293608060,3813092,pt,Stary Pilczyn
293608137,3813093,pt,Stary Olsztyn
293608291,3813095,pt,Stary Majdan
293608445,3813097,pt,Stary Kornin
293608599,3813099,pt,Stary Gielad
293608676,3813100,pt,Stary Gaj
293608753,3813101,pt,Stary Folwark
293608830,3813102,pt,Stary Dwor
293608907,3813103,pt,Stary Bubel
293609061,3813105,pt,Starozynce
293609138,3813106,pt,Starowola
293609292,3813108,pt,Starowlany
293609369,3813109,pt,Starowiskitki
293609446,3813110,pt,Starowies
293609523,3813111,pt,Starosty
293609600,3813112,pt,Starosiele
293609754,3813114,pt,Starosiedlice
293609831,3813115,pt,Staroscin
293609908,3813116,pt,Staroscice
293609985,3813117,pt,Staropole
293610139,3813119,pt,Staromiescie
293610216,3813120,pt,Starokamiena
293610293,3813121,pt,Staroguby
293610370,3813122,pt,Starogrod
293610447,3813123,pt,Stare Zadybie
293610524,3813124,pt,Stare Wloki
293610678,3813126,pt,Kichary Stare
293610755,3813127,pt,Stare Siolo
293610986,3813130,pt,Stare Miasto
293611063,3813131,pt,Stare Krzywe
293611140,3813132,pt,Stare Kielbonki
293611217,3813133,pt,Stare Kiejkuty
293611294,3813134,pt,Stare Kawkowo
293611371,3813135,pt,Stare Juchy
293611448,3813136,pt,Stare Jezewo
293611525,3813137,pt,Stare Jablonki
293611602,3813138,pt,Stare Guty
293611756,3813140,pt,Stare Czajki
293611833,3813141,pt,Stare Cimochy
293611910,3813142,pt,Starocheciny
293612064,3813144,pt,Stare Berezowo
293612141,3813145,pt,Stare Babice
293612372,3813148,pt,Starczewice
293612449,3813149,pt,Starbacicha
293612526,3813150,pt,Stara Zagosc
293612603,3813151,pt,Stara Wroblina
293612988,3813156,pt,Stara Wies
293613758,3813166,pt,Stara Wies
293613835,3813167,pt,Stara Wies
293614066,3813170,pt,Stara Wies
293614143,3813171,pt,Stara Wies
293614374,3813174,pt,Stara Warka
293614451,3813175,pt,Stara Slupia
293614528,3813176,pt,Stara Rudowka
293614605,3813177,pt,Stara Rozanka
293614759,3813179,pt,Stara Rawa
293614836,3813180,pt,Stara Kuznica
293614913,3813181,pt,Stara Kaletka
293615067,3813183,pt,Stara Huta
293615144,3813184,pt,Stara Huta
293615298,3813186,pt,Stara Huta
293615452,3813188,pt,Starachowice
293615529,3813189,pt,Stąporków
293615606,3813190,pt,Comuna de Stąporków
293615683,3813191,pt,Stany Male
293615760,3813192,pt,Stany Duze
293615837,3813193,pt,Stany
293615914,3813194,pt,Stanowisko
293615991,3813195,pt,Stanowiska
293616068,3813196,pt,Stankuny
293616145,3813197,pt,Stankowo
293616222,3813198,pt,Stankowa
293616299,3813199,pt,Stankowa
293616376,3813200,pt,Staniszewskie
293616453,3813201,pt,Staniszewice
293616530,3813202,pt,Stanislawow Studzinski
293616607,3813203,pt,Stanislawowo
293616684,3813204,pt,Stanislawowo
293616761,3813205,pt,Stanislawowo
293616838,3813206,pt,Stanislawowo
293616992,3813208,pt,Stanislawow Lipski
293617069,3813209,pt,Stanislawow Duzy
293617146,3813210,pt,Stanisławów
293617223,3813211,pt,Stanisławów
293617300,3813212,pt,Stanisławów
293617377,3813213,pt,Stanisławów
293617454,3813214,pt,Stanisławów
293617531,3813215,pt,Stanisławów
293617608,3813216,pt,Stanisławów
293617839,3813219,pt,Stanisławów
293618070,3813222,pt,Stanisławów
293618147,3813223,pt,Stanisławów
293618224,3813224,pt,Stanisławów
293618301,3813225,pt,Stanisławów
293618378,3813226,pt,Stanisławów
293618455,3813227,pt,Stanisławów
293618609,3813229,pt,Stanisławów
293618686,3813230,pt,Stanislawka
293618763,3813231,pt,Stanislawice
293618840,3813232,pt,Stanislawice
293618917,3813233,pt,Stanislawczyk
293618994,3813234,pt,Stanin
293619148,3813236,pt,Staniatki
293619225,3813237,pt,Stanczyki
293619302,3813238,pt,Stanclewo
293619379,3813239,pt,Stamka
293619456,3813240,pt,Stamirowice
293619533,3813241,pt,Stalowa Wola
293619610,3813242,pt,Stalowa Wola
293619764,3813244,pt,Stale
293619841,3813245,pt,Stajne
293619995,3813247,pt,Stadniki
293620072,3813248,pt,Stadniki
293620149,3813249,pt,Stadla
293620226,3813250,pt,Stacze
293620303,3813251,pt,Stacze
293620380,3813252,pt,Czyzew-Stacja
293620457,3813253,pt,Stachy
293620534,3813254,pt,Stachura
293620611,3813255,pt,Stachlew
293620688,3813256,pt,Stacewicze
293620765,3813257,pt,Stabunity
293620842,3813258,pt,Stabrow
293620919,3813259,pt,Stabienszczyzna
293620996,3813260,pt,Sromowce Wyzne
293621073,3813261,pt,Sromowce Nizne
293621150,3813262,pt,Sromow
293621227,3813263,pt,Srokowo
293621304,3813264,pt,Sroki
293621381,3813265,pt,Śródmieście
293621612,3813268,pt,Srodka
293621766,3813270,pt,Srodborze
293621843,3813271,pt,Srodborow
293621920,3813272,pt,Sroczkow
293621997,3813273,pt,Sredziny Pierwsze
293622151,3813275,pt,Sredzinskie
293622228,3813276,pt,Sredniowka
293622305,3813277,pt,Srednilan
293622382,3813278,pt,Srednie Male
293622459,3813279,pt,Srednie Duze
293622536,3813280,pt,Srednica
293622613,3813281,pt,Srednia Wies
293622690,3813282,pt,Srednia Wies
293622767,3813283,pt,Srednia
293622844,3813284,pt,Srebrowo
293622998,3813286,pt,Srebrny Borek
293623075,3813287,pt,Srebrna
293623229,3813289,pt,Spytkowo
293623306,3813290,pt,Spytajny
293623383,3813291,pt,Spychowo
293623460,3813292,pt,Sprecowo
293623537,3813293,pt,Sportyny
293623614,3813294,pt,Sporniak Palikijski
293623691,3813295,pt,Sporniak
293623845,3813297,pt,Spoguny
293623922,3813298,pt,Splawy
293623999,3813299,pt,Splawy
293624153,3813301,pt,Spilnia
293624230,3813302,pt,Spiglowka
293624307,3813303,pt,Spieszyn
293624461,3813305,pt,Spiczyn
293624538,3813306,pt,Spiczki
293624615,3813307,pt,Spas
293624692,3813308,pt,Spaliny Wielkie
293624769,3813309,pt,Spaliny Male
293624846,3813310,pt,Spala
293624923,3813311,pt,Sowliny
293625000,3813312,pt,Sowlany
293625077,3813313,pt,Sowki
293625308,3813316,pt,Sowiniec
293625385,3813317,pt,Sowina
293625462,3813318,pt,Sowin
293625539,3813319,pt,Sowidol
293625616,3813320,pt,Sowia Wola
293625693,3813321,pt,Soszyce
293625770,3813322,pt,Sosnowo
293625847,3813323,pt,Sosnowo
293625924,3813324,pt,Sosnowo
293626001,3813325,pt,Sosnowka
293626078,3813326,pt,Sosnowka
293626155,3813327,pt,Sosnowka
293626232,3813328,pt,Sosnowka
293626386,3813330,pt,Sosnowik
293626463,3813331,pt,Sosnowiec
293626540,3813332,pt,Sosnowiec
293626694,3813334,pt,Sosnowica
293626771,3813335,pt,Sosnowe
293626848,3813336,pt,Sosnowa Wola
293627002,3813338,pt,Sosninka
293627079,3813339,pt,Sosniczany
293627233,3813341,pt,Sónica
293627310,3813342,pt,Sosnica
293627387,3813343,pt,Sósnia
293627464,3813344,pt,Sosna-Kozolki
293627541,3813345,pt,Sosna-Korabie
293627618,3813346,pt,Sosenkowo
293627695,3813347,pt,Sosenki Jajki
293627772,3813348,pt,Sortlawki
293627849,3813349,pt,Soroczy Mostek
293627926,3813350,pt,Sorkwity
293628003,3813351,pt,Sordachy
293628080,3813352,pt,Sorbin
293628234,3813354,pt,Sople
293628311,3813355,pt,Sonsk
293628388,3813356,pt,Sonina
293628465,3813357,pt,Somianka
293628542,3813358,pt,Soltysy
293628619,3813359,pt,Soltykow
293628696,3813360,pt,Soltykow
293628773,3813361,pt,Soltmany
293628850,3813362,pt,Soltmany
293628927,3813363,pt,Solotwina
293629004,3813364,pt,Solonytsia
293629081,3813365,pt,Solniki
293629158,3813366,pt,Solniki
293629235,3813367,pt,Solniki
293629312,3813368,pt,Solki
293629389,3813369,pt,Solistowka
293629466,3813370,pt,Soliny
293629543,3813371,pt,Solinka
293629620,3813372,pt,Solina
293629697,3813373,pt,Solek
293629774,3813374,pt,Solec-Zdroj
293629851,3813375,pt,Solec nad Wisłą
293629928,3813376,pt,Solec nad Wisłą
293630005,3813377,pt,Solec
293630082,3813378,pt,Soldany
293630236,3813380,pt,Solcza
293630313,3813381,pt,Solca
293630390,3813382,pt,Solanka
293630544,3813384,pt,Sol
293630621,3813385,pt,Sokule
293630775,3813387,pt,Sokule
293630852,3813388,pt,Sokoly Jeziorne
293631006,3813390,pt,Sokoly
293631160,3813392,pt,Sokoly
293631237,3813393,pt,Sokoly
293631314,3813394,pt,Sokołów Podlaski
293631391,3813395,pt,Sokołów Podlaski
293631468,3813396,pt,Sokolowo-Parcele
293631545,3813397,pt,Sokolowo
293631699,3813399,pt,Sokolowo
293631853,3813401,pt,Sokołów Małopolski
293631930,3813402,pt,Sokołów Małopolski
293632007,3813403,pt,Sokolowka
293632084,3813404,pt,Sokolowice
293632161,3813405,pt,Sokolow Gorny
293632238,3813406,pt,Sokolowek
293632315,3813407,pt,Sokołów Podlaski
293632392,3813408,pt,Sokolow
293632469,3813409,pt,Sokolow
293632546,3813410,pt,Sokolniki Suche
293632623,3813411,pt,Sokolniki Mokre
293632700,3813412,pt,Sokolniki Nowe
293632777,3813413,pt,Sokolniki
293632854,3813414,pt,Sokolniki
293632931,3813415,pt,Sokolnik
293633008,3813416,pt,Sokolki
293633085,3813417,pt,Sokółka
293633162,3813418,pt,Sokółka
293633239,3813419,pt,Sokolka
293633316,3813420,pt,Sokolina
293633393,3813421,pt,Sokolica
293633470,3813422,pt,Sokolé
293633547,3813423,pt,Sokolé
293633624,3813424,pt,Sokolé
293633701,3813425,pt,Sokolé
293633778,3813426,pt,Sokolda
293633855,3813427,pt,Sokolany
293633932,3813428,pt,Sokola
293634009,3813429,pt,Sokol
293634086,3813430,pt,Sokol
293634163,3813431,pt,Sokol
293634240,3813432,pt,Sokale
293634317,3813433,pt,Sojkowek
293634394,3813434,pt,Sojkowa
293634548,3813436,pt,Soje
293634625,3813437,pt,Sojczyn Gradowy
293634702,3813438,pt,Sojczynek
293634779,3813439,pt,Sojczyn Borowy
293634856,3813440,pt,Sofipol
293634933,3813441,pt,Soczówki
293635010,3813442,pt,Socki
293635087,3813443,pt,Sóchi
293635241,3813445,pt,Sóchi
293635318,3813446,pt,Sochocin
293635395,3813447,pt,Sochocin
293635472,3813448,pt,Sochaczew
293635549,3813449,pt,Socha
293635626,3813450,pt,Soce
293635703,3813451,pt,Sobowice
293635780,3813452,pt,Sobow
293635857,3813453,pt,Sobow
293635934,3813454,pt,Sobótka
293636011,3813455,pt,Sobotka
293636088,3813456,pt,Sobotka
293636165,3813457,pt,Soboszow
293636242,3813458,pt,Sobon
293636319,3813459,pt,Sobolow
293636396,3813460,pt,Sobolewo
293636473,3813461,pt,Sobolewo
293636550,3813462,pt,Sobolewo
293636627,3813463,pt,Sobolew
293636704,3813464,pt,Sobolew
293636781,3813465,pt,Sobole
293636858,3813466,pt,Sobole
293636935,3813467,pt,Sobol
293637012,3813468,pt,Sobokleszcz
293637089,3813469,pt,Sobniow
293637166,3813470,pt,Sobków
293637243,3813471,pt,Sobokleszcz
293637320,3813472,pt,Sobiska
293637397,3813473,pt,Sobikow
293637474,3813474,pt,Sobieszyn
293637551,3813475,pt,Sobieszczki
293637628,3813476,pt,Sobieszczany
293637782,3813478,pt,Sobienki
293637859,3813479,pt,Sobienie Szlacheckie
293638013,3813481,pt,Sobienie-Jeziory
293638090,3813482,pt,Sobienie Biskupie
293638167,3813483,pt,Sobien
293638321,3813485,pt,Sobiecin
293638398,3813486,pt,Sobiechy
293638475,3813487,pt,Sobicze
293638552,3813488,pt,Sobibor
293638629,3813489,pt,Sobatyn
293638706,3813490,pt,Sobianowice
293638783,3813491,pt,Sobawiny
293638860,3813492,pt,Sobanice
293639014,3813494,pt,Snopkow
293639091,3813495,pt,Snopki
293639168,3813496,pt,Snochowice
293639322,3813498,pt,Sniezki
293639399,3813499,pt,Snietnica
293639476,3813500,pt,Sniepie
293639553,3813501,pt,Sniekozy
293639630,3813502,pt,Sniczany
293639707,3813503,pt,Śniadowo
293639784,3813504,pt,Sniadowo
293639861,3813505,pt,Sniadowo
293639938,3813506,pt,Sniadowka
293640092,3813508,pt,Sniadkow
293640169,3813509,pt,Sniadka
293640246,3813510,pt,Snarki
293640323,3813511,pt,Smykow Katy
293640400,3813512,pt,Smykow
293640477,3813513,pt,Smykow
293640631,3813515,pt,Smykow
293640708,3813516,pt,Smykow
293640939,3813519,pt,Smykow
293641247,3813523,pt,Smuniew
293641324,3813524,pt,Smulska
293641401,3813525,pt,Smugi
293641478,3813526,pt,Serock
293641555,3813527,pt,Smrock
293641632,3813528,pt,Smoryn
293641709,3813529,pt,Smorczewo
293641786,3813530,pt,Smoniowice
293641863,3813531,pt,Smoly
293641940,3813532,pt,Smolugi
293642171,3813535,pt,Smolniki
293642248,3813536,pt,Smolnik
293642325,3813537,pt,Smolnik
293642402,3813538,pt,Smolnica
293642479,3813539,pt,Smoligow
293642787,3813543,pt,Smolenka
293642864,3813544,pt,Smolechy
293642941,3813545,pt,Smolarzyny
293643018,3813546,pt,Smolarnia
293643095,3813547,pt,Smolany Zardawy
293643172,3813548,pt,Smolany Dab
293643249,3813549,pt,Smolany
293643326,3813550,pt,Smolanka
293643403,3813551,pt,Smolanka
293643480,3813552,pt,Smolanka
293643557,3813553,pt,Smolajny
293643711,3813555,pt,Smogorzow
293643788,3813556,pt,Smogorzow
293643865,3813557,pt,Smogorzow
293643942,3813558,pt,Smogorzewo
293644250,3813562,pt,Smilowice
293644327,3813563,pt,Smilow
293644404,3813564,pt,Smigno
293644481,3813565,pt,Smietki
293644558,3813566,pt,Smietanki
293644635,3813567,pt,Smieciuchowka
293644789,3813569,pt,Smiechowice
293644866,3813570,pt,Smiarowo
293644943,3813571,pt,Smerekowiec
293645020,3813572,pt,Smerek
293645174,3813574,pt,Smerdyna
293645251,3813575,pt,Smegorzow
293645328,3813576,pt,Smarzowa
293645405,3813577,pt,Smarkow
293645482,3813578,pt,Smarklice
293645559,3813579,pt,Smardzewo
293645636,3813580,pt,Smardzewo
293645713,3813581,pt,Smardzewice
293645790,3813582,pt,Smardzew
293645867,3813583,pt,Smagow
293645944,3813584,pt,Sluzow
293646021,3813585,pt,Sluszczyn
293646098,3813586,pt,Slustowo
293646175,3813587,pt,Slupow
293646252,3813588,pt,Slupno
293646406,3813590,pt,Slupiec
293646483,3813591,pt,Slupiec
293646560,3813592,pt,Slupie
293646637,3813593,pt,Slupica
293646714,3813594,pt,Slupia Nadbrzezna
293646791,3813595,pt,Slupia
293646868,3813596,pt,Nowa Słupia
293646945,3813597,pt,Slupia
293647022,3813598,pt,Slupeczno
293647099,3813599,pt,Slupcza
293647176,3813600,pt,Slupce
293647253,3813601,pt,Slupca
293647330,3813602,pt,Slup
293647407,3813603,pt,Slugocin
293647484,3813604,pt,Slugocice
293647561,3813605,pt,Sluczanka
293647638,3813606,pt,Slucz
293647715,3813607,pt,Sluchocin
293647792,3813608,pt,Slubowo
293647869,3813609,pt,Slubow
293648023,3813611,pt,Slowikowa
293648100,3813612,pt,Slowikow
293648177,3813613,pt,Slowik
293648254,3813614,pt,Slotwiny
293648485,3813617,pt,Slotwin
293648562,3813618,pt,Slotowa
293648639,3813619,pt,Slopsk
293648716,3813620,pt,Slopnice
293648793,3813621,pt,Slopiec
293648870,3813622,pt,Slonowice
293648947,3813623,pt,Slonne
293649101,3813625,pt,Sloniawy
293649178,3813626,pt,Slonczewo
293649255,3813627,pt,Slona
293649332,3813628,pt,Słomniki
293649409,3813629,pt,Słomniki
293649486,3813630,pt,Slomkow
293649563,3813631,pt,Slomka
293649640,3813632,pt,Slomka
293649717,3813633,pt,Slomirog
293649794,3813634,pt,Slomin
293649871,3813635,pt,Slomianka
293649948,3813636,pt,Slomianka
293650025,3813637,pt,Slomianka
293650256,3813640,pt,Slomczyn
293650410,3813642,pt,Slojka Borowszczizna
293650487,3813643,pt,Slojka Borowszczyzna
293650564,3813644,pt,Sloja
293650641,3813645,pt,Slojki
293650718,3813646,pt,Slodkow Trzeci
293650795,3813647,pt,Slodków
293650872,3813648,pt,Slocina
293650949,3813649,pt,Slochy Annopolskie
293651026,3813650,pt,Slobodka
293651180,3813652,pt,Sloboda
293651334,3813654,pt,Sliwnica
293651488,3813656,pt,Slipcze
293651565,3813657,pt,Slezany
293651642,3813658,pt,Slepowrony
293651719,3813659,pt,Slepowron
293651796,3813660,pt,Slepowola
293651873,3813661,pt,Slepie
293651950,3813662,pt,Slefarnia
293652027,3813663,pt,Sledziejowice
293652104,3813664,pt,Sledzie
293652181,3813665,pt,Sledzie
293652258,3813666,pt,Sledzianow
293652335,3813667,pt,Slecin
293652489,3813669,pt,Slawogora Stara
293652720,3813672,pt,Sławno
293652797,3813673,pt,Comuna de Sławno
293652874,3813674,pt,Slawkowo
293652951,3813675,pt,Slawkowo
293653028,3813676,pt,Slawkowice
293653105,3813677,pt,Slawka Wielka
293653182,3813678,pt,Slawka Mala
293653259,3813679,pt,Slawiny
293653413,3813681,pt,Slawin
293653567,3813683,pt,Slawiec
293653644,3813684,pt,Slawice Szlacheckie
293653721,3813685,pt,Slawice Glinica
293653875,3813687,pt,Slawice
293654029,3813689,pt,Slawecin
293654183,3813691,pt,Slawecin
293654260,3813692,pt,Slawecice
293654337,3813693,pt,Slawczyn
293654414,3813694,pt,Slawatycze
293654491,3813695,pt,Slawacinek Nowy
293654645,3813697,pt,Slasko
293654722,3813698,pt,Sladow
293654799,3813699,pt,Sladow
293654876,3813700,pt,Sladkow Maly
293654953,3813701,pt,Sladkow Duzy
293655030,3813702,pt,Slabowo
293655107,3813703,pt,Slaboszowice
293655184,3813704,pt,Slaboszow
293655261,3813705,pt,Slabuszewice
293655338,3813706,pt,Slabomierz
293655415,3813707,pt,Slabkowice
293655492,3813708,pt,Skwirzowa
293655569,3813709,pt,Skwirtne
293655646,3813710,pt,Skwierczyn Lacki
293655800,3813712,pt,Skary Dabrowe
293655877,3813713,pt,Skwarne
293655954,3813714,pt,Skuszew
293656031,3813715,pt,Skustele
293656108,3813716,pt,Skurpie
293656185,3813717,pt,Skurowa
293656262,3813718,pt,Skurow
293656339,3813719,pt,Skurcza
293656416,3813720,pt,Skupowo
293656493,3813721,pt,Skupie
293656570,3813722,pt,Skupie
293656647,3813723,pt,Skuly
293656724,3813724,pt,Skubicha
293656801,3813725,pt,Skubianka
293656878,3813726,pt,Skrzyszow
293656955,3813727,pt,Skrzyszow
293657032,3813728,pt,Skrzyszow
293657109,3813729,pt,Skrzyszew
293657263,3813731,pt,Skrzypny Ostrow
293657340,3813732,pt,Skrzypki Male
293657417,3813733,pt,Skrzypki Duze
293657494,3813734,pt,Skrzypki
293657571,3813735,pt,Skrzypiow
293657648,3813736,pt,Skrzypaczowice
293657725,3813737,pt,Skrzynsko
293657802,3813738,pt,Skrzynno
293657879,3813739,pt,Skrzynka
293657956,3813740,pt,Skrzynka
293658033,3813741,pt,Skrzyniec
293658187,3813743,pt,Skrzydlna
293658264,3813744,pt,Skrzetla Rojowka
293658341,3813745,pt,Skrzeszew
293658418,3813746,pt,Skrzeszew
293658495,3813747,pt,Skrzeszew
293658572,3813748,pt,Skrzelczyce
293658649,3813749,pt,Skryhiczyn
293658726,3813750,pt,Skrybicze
293658803,3813751,pt,Skrudzina
293658880,3813752,pt,Skrudki
293659034,3813754,pt,Skruda
293659111,3813755,pt,Skruda
293659188,3813756,pt,Skroniow
293659265,3813757,pt,Skronina
293659419,3813759,pt,Skrodzkie
293659573,3813761,pt,Skroda Wielka
293659650,3813762,pt,Skroda Mala
293659727,3813763,pt,Skrobow
293659804,3813764,pt,Skroblaki
293659881,3813765,pt,Skrobaczow
293659958,3813766,pt,Skowronno Gorne
293660035,3813767,pt,Skowronno Dolne
293660112,3813768,pt,Skowronki
293660189,3813769,pt,Skowieszynek
293660266,3813770,pt,Skowieszyn
293660343,3813771,pt,Skowierzyn
293660420,3813772,pt,Skotniki Gorne
293660497,3813773,pt,Skotniki
293660574,3813774,pt,Skotniki
293660805,3813777,pt,Skorzow
293660882,3813778,pt,Skorznice
293660959,3813779,pt,Skorzeszyce
293661036,3813780,pt,Skorzec
293661113,3813781,pt,Skorzec
293661190,3813782,pt,Skorupy
293661344,3813784,pt,Skorupki
293661421,3813785,pt,Skorupki
293661498,3813786,pt,Komarovskiy
293661575,3813787,pt,Skorodnica
293661729,3813789,pt,Skorocice
293661806,3813790,pt,Skornice
293661960,3813792,pt,Skorkowice
293662037,3813793,pt,Skorkow
293662114,3813794,pt,Skorki
293662191,3813795,pt,Skordiow
293662268,3813796,pt,Skorczyce
293662345,3813797,pt,Skorczow
293662422,3813798,pt,Skopow
293662499,3813799,pt,Skopanie
293662576,3813800,pt,Skop
293662653,3813801,pt,Skomorochy Male
293662730,3813802,pt,Skomorochy Duze
293662807,3813803,pt,Skometno Wielkie
293662884,3813804,pt,Skomack Wielki
293663038,3813806,pt,Skolyszyn
293663115,3813807,pt,Skoloszow
293663192,3813808,pt,Skolity
293663269,3813809,pt,Skolin
293663346,3813810,pt,Skolimow Roguziec
293663423,3813811,pt,Skolimov Ptaszki
293663577,3813813,pt,Skoki
293663654,3813814,pt,Skoki
293663731,3813815,pt,Skoki
293663808,3813816,pt,Skoki
293663885,3813817,pt,Skoczyklody
293663962,3813818,pt,Skociszowa
293664039,3813819,pt,Skociszowa
293664116,3813820,pt,Sklody
293664270,3813822,pt,Shklo
293664347,3813823,pt,Skladziste
293664501,3813825,pt,Skladow
293664732,3813828,pt,Skitno
293664809,3813829,pt,Skierniewice
293664886,3813830,pt,Skierniewice
293664963,3813831,pt,Esquiadores
293665040,3813832,pt,Skierdy
293665117,3813833,pt,Skierbieszow
293665194,3813834,pt,Skieblewo
293665271,3813835,pt,Skiby
293665348,3813836,pt,Skibniew Sagole
293665425,3813837,pt,Skibniew-Podawce
293665502,3813838,pt,Skibniew-Kurcze
293665579,3813839,pt,Skibice
293665656,3813840,pt,Skazowka
293665733,3813841,pt,Skazdub Stary
293665964,3813844,pt,Skarzysko Ksiazece
293666041,3813845,pt,Skarżysko-Kamienna
293666118,3813846,pt,Skarżysko-Kamienna
293666195,3813847,pt,Skarzynek
293666272,3813848,pt,Skarzyn
293666503,3813851,pt,Skarzyce
293666657,3813853,pt,Skaryszew
293666811,3813855,pt,Skarzyn
293666888,3813856,pt,Skarkiszki
293666965,3813857,pt,Skarbkowa
293667042,3813858,pt,Skarbka
293667119,3813859,pt,Skarbiec
293667196,3813860,pt,Skarbiciesz
293667273,3813861,pt,Skape
293667350,3813862,pt,Skandlawki
293667427,3813863,pt,Skandawa
293667504,3813864,pt,Skaly
293667581,3813865,pt,Skalnik
293667658,3813866,pt,Skalka
293667812,3813868,pt,Skaliszki
293667889,3813869,pt,Skalisze
293668043,3813871,pt,Skalbmierz
293668120,3813872,pt,Skalbmierz
293668197,3813873,pt,Skala
293668274,3813874,pt,Skajzgiry
293668351,3813875,pt,Skaje
293668428,3813876,pt,Skajboty
293668505,3813877,pt,Skadla
293668582,3813878,pt,Siwki
293668659,3813879,pt,Siwki
293668736,3813880,pt,Siwki
293668813,3813881,pt,Siwianka
293668967,3813883,pt,Siucice
293669044,3813884,pt,Sitowa
293669121,3813885,pt,Sitno
293669198,3813886,pt,Sitno
293669275,3813887,pt,Sitno
293669352,3813888,pt,Sitno
293669429,3813889,pt,Sitno
293669506,3813890,pt,Sitnik
293669583,3813891,pt,Sitne
293669660,3813892,pt,Osiedle-Nowiny
293669737,3813893,pt,Osiedle-Nowiny
293669814,3813894,pt,Sitkowizna
293669891,3813895,pt,Sitawka
293669968,3813896,pt,Sitaniec
293670045,3813897,pt,Sisice
293670122,3813898,pt,Sieruciowce
293670276,3813900,pt,Siostrzytow
293670353,3813901,pt,Sionna
293670430,3813902,pt,Siolkowa
293670507,3813903,pt,Siolko
293670584,3813904,pt,Siodmak
293670661,3813905,pt,Siodlo
293670738,3813906,pt,Sinoleka
293670815,3813907,pt,Simuny
293670892,3813908,pt,Siliwonki
293670969,3813909,pt,Silice
293671046,3813910,pt,Silec
293671123,3813911,pt,Sikorzyce
293671200,3813912,pt,Sikory Juskie
293671277,3813913,pt,Sikory
293671508,3813916,pt,Sikory
293671585,3813917,pt,Sikorki
293671662,3813918,pt,Siewalki
293671739,3813919,pt,Siewalki
293671816,3813920,pt,Sitnica
293671893,3813921,pt,Sietesz
293671970,3813922,pt,Siestrzen
293672047,3813923,pt,Siestrzanki
293672124,3813924,pt,Sieslawice
293672201,3813925,pt,Sieski
293672355,3813927,pt,Sierzputy Zagajne
293672432,3813928,pt,Sierzputy Stare
293672509,3813929,pt,Sierzputy Mlode
293672586,3813930,pt,Sierzputy-Marki
293672663,3813931,pt,Sierzchowy
293672740,3813932,pt,Sierzchów
293672817,3813933,pt,Sierzawy
293672894,3813934,pt,Sierskowola
293672971,3813935,pt,Sieroslawice
293673048,3813936,pt,Sierki
293673125,3813937,pt,Siercza
293673202,3813938,pt,Sieburczyn
293673279,3813939,pt,Sierbowce
293673356,3813940,pt,Sierakowo
293673433,3813941,pt,Sierakowo
293673587,3813943,pt,Sierakowizna
293673664,3813944,pt,Sierakowice Prawe
293673741,3813945,pt,Sierakowice Lewe
293673818,3813946,pt,Sierakow
293673895,3813947,pt,Sierakow
293673972,3813948,pt,Sierakow
293674049,3813949,pt,Sierakow
293674126,3813950,pt,Sierakosce
293674203,3813951,pt,Sieradzice
293674280,3813952,pt,Sieradza
293674434,3813954,pt,Sieprawki
293674511,3813955,pt,Siepietnica
293674588,3813956,pt,Siepietnica
293674665,3813957,pt,Siensko
293674742,3813958,pt,Comuna de Sienno
293674819,3813959,pt,Comuna de Sienno
293674896,3813960,pt,Siennica Rozana
293674973,3813961,pt,Siennica Nadolna
293675050,3813962,pt,Siennica Krolewska
293675127,3813963,pt,Siennica Krolewska
293675204,3813964,pt,Siennica
293675281,3813965,pt,Comuna de Siennica
293675358,3813966,pt,Siena
293675435,3813967,pt,Sienkiewicze
293675512,3813968,pt,Sieniewice
293675589,3813969,pt,Sienickie
293675666,3813970,pt,Sieniawa
293675743,3813971,pt,Sieniawa
293675820,3813972,pt,Sieniawa
293675897,3813973,pt,Siemuszowa
293675974,3813974,pt,Siemnocha
293676051,3813975,pt,Siemnice
293676128,3813976,pt,Siemki
293676205,3813977,pt,Siemiradz
293676282,3813978,pt,Siemiony
293676359,3813979,pt,Siemianowka
293676436,3813980,pt,Siemionki
293676513,3813981,pt,Siemierz
293676590,3813982,pt,Siemien Rowy
293676667,3813983,pt,Siemienowo
293676744,3813984,pt,Siemien Nadrzeczny
293676821,3813985,pt,Diem GJien
293676898,3813986,pt,Siemiechow
293676975,3813987,pt,Siemiatycze
293677052,3813988,pt,Siemiatycze
293677129,3813989,pt,Comuna de Siemiątkowo
293677206,3813990,pt,Comuna de Siemiątkowo
293677283,3813991,pt,Sielun
293677360,3813992,pt,Sielpia Wielka
293677437,3813993,pt,Sielnica
293677514,3813994,pt,Sielice
293677591,3813995,pt,Sielec Szpilalny
293677668,3813996,pt,Sielec
293677899,3813999,pt,Sielec
293677976,3814000,pt,Sielec
293678053,3814001,pt,Sielec
293678207,3814003,pt,Sielec
293678284,3814004,pt,Sielec
293678438,3814006,pt,Sielec
293678592,3814008,pt,Sielczyk
293678823,3814011,pt,Sielce Prawe
293678900,3814012,pt,Sielce
293679054,3814014,pt,Sielce
293679131,3814015,pt,Sielc
293679208,3814016,pt,Sielc
293679285,3814017,pt,Sielc
293679362,3814018,pt,Sielachowskie
293679439,3814019,pt,Siekluki
293679516,3814020,pt,Siekluki
293679670,3814022,pt,Sieklowka Gorna
293679901,3814025,pt,Siekierki
293680055,3814027,pt,Siekierka
293680209,3814029,pt,Siekierczyna
293680286,3814030,pt,Siekierczyna
293680363,3814031,pt,Siedzow
293680440,3814032,pt,Siedlow
293680517,3814033,pt,Siedliszowice
293680594,3814034,pt,Siedliszczki
293680748,3814036,pt,Siedliszcze
293680825,3814037,pt,SiedliszczeSiedliszcze
293680902,3814038,pt,Siedliszcze
293680979,3814039,pt,Siedlisko
293681133,3814041,pt,Siedliska Pierwsze
293681210,3814042,pt,Siedliska-Bogusz
293681287,3814043,pt,Siedliska
293681364,3814044,pt,Siedliska
293681518,3814046,pt,Siedliska
293681672,3814048,pt,Siedliska
293681903,3814051,pt,Siedliska
293681980,3814052,pt,Siedliska
293682134,3814054,pt,Siedliska
293682211,3814055,pt,Siedliska
293682365,3814057,pt,Siedliska
293682673,3814061,pt,Siedlin
293682750,3814062,pt,Siedliki
293682827,3814063,pt,Siedlec
293682904,3814064,pt,Siedleszczany
293682981,3814065,pt,Siedleczka
293683058,3814066,pt,Siedlece
293683135,3814067,pt,Siedlce
293683212,3814068,pt,Siedlce
293683289,3814069,pt,Siedlce
293683366,3814070,pt,Siedlce
293683443,3814071,pt,Siedlanow
293683520,3814072,pt,Siedlanka
293683597,3814073,pt,Siedlanka
293683751,3814075,pt,Sieczychy
293683828,3814076,pt,Sieczkow
293683905,3814077,pt,Sieciechow
293683982,3814078,pt,Sieciaszka Pierwsza
293684059,3814079,pt,Sieciaszka Druga
293684136,3814080,pt,Sidra
293684213,3814081,pt,Sidory
293684367,3814083,pt,Sidorowka
293684521,3814085,pt,Siderka
293684598,3814086,pt,Siczki
293684675,3814087,pt,Sichow Maly
293684752,3814088,pt,Sichow Duzy
293684906,3814090,pt,Siabry
293685060,3814092,pt,Siarcza Laka
293685137,3814093,pt,Sedziejowice
293685214,3814094,pt,Sewerynowo
293685291,3814095,pt,Sewerynowka
293685368,3814096,pt,Sewerynowka
293685445,3814097,pt,Sewerynowka
293685522,3814098,pt,Esgoto agora
293685753,3814101,pt,Esgoto agora
293685830,3814102,pt,Esgoto agora
293685984,3814104,pt,Esgoto agora
293686138,3814106,pt,Setropie
293686215,3814107,pt,Setki
293686292,3814108,pt,Setal
293686369,3814109,pt,Serwy
293686446,3814110,pt,Serwis
293686523,3814111,pt,Serwatki
293686600,3814112,pt,Serpelice
293686677,3814113,pt,Serokomla
293686754,3814114,pt,Seroczyn
293686831,3814115,pt,Seroczyn
293686908,3814116,pt,Serock
293686985,3814117,pt,Serock
293687062,3814118,pt,Serock
293687139,3814119,pt,Serniki
293687216,3814120,pt,Ğabdraxman
293687293,3814121,pt,Sarnetki
293687370,3814122,pt,Seredzice
293687447,3814123,pt,Serednie Wielkie
293687524,3814124,pt,Serednica
293687601,3814125,pt,Serebryszcze
293687678,3814126,pt,Serbinow
293687755,3814127,pt,Sępopol
293687832,3814128,pt,Sępopol
293687909,3814129,pt,Sepochow
293687986,3814130,pt,Sepno
293688140,3814132,pt,Sepichow
293688217,3814133,pt,Sep
293688371,3814135,pt,Senislawice
293688525,3814137,pt,Selwa
293688602,3814138,pt,Sekowa
293688679,3814139,pt,Sekow
293688756,3814140,pt,Sekocin Stary
293688833,3814141,pt,Sekocin Nowy
293688910,3814142,pt,Sekocin
293688987,3814143,pt,Sejny
293689064,3814144,pt,Sędziszów Małopolski
293689141,3814145,pt,Sędziszów Małopolski
293689218,3814146,pt,Sedziszowice
293689295,3814147,pt,Sędziszów
293689372,3814148,pt,Sędziszów
293689449,3814149,pt,Sedrowo
293689526,3814150,pt,Sedranki
293689603,3814151,pt,Sedowice
293689680,3814152,pt,Sedowice
293689757,3814153,pt,Sedow
293689834,3814154,pt,Sedki
293689911,3814155,pt,Sedek
293689988,3814156,pt,Sedansk
293690065,3814157,pt,Secymin Polski
293690219,3814159,pt,Sechna
293690296,3814160,pt,Sciony
293690373,3814161,pt,Scieki
293690450,3814162,pt,Sciegna
293690527,3814163,pt,Scieciel
293690758,3814166,pt,Sawki
293690835,3814167,pt,Sawity
293690912,3814168,pt,Comuna de Sawin
293690989,3814169,pt,Comuna de Sawin
293691143,3814171,pt,Sawaly
293691220,3814172,pt,Sawa
293691297,3814173,pt,Satrzaska
293691374,3814174,pt,Satopy-Samulewo
293691451,3814175,pt,Satopy
293691528,3814176,pt,Satop
293691605,3814177,pt,Satoczno
293691682,3814178,pt,Sasiny
293691759,3814179,pt,Sasiny
293691836,3814180,pt,Sasiny
293691913,3814181,pt,Sasiadka
293691990,3814182,pt,Sasek Wielki
293692067,3814183,pt,Sasek Maly
293692144,3814184,pt,Sasek
293692221,3814185,pt,Sarny
293692298,3814186,pt,Sarnowo
293692375,3814187,pt,Sarnowo
293692452,3814188,pt,Sarnowo
293692606,3814190,pt,Sarnowek Maly
293692683,3814191,pt,Sarnowek
293692760,3814192,pt,Sarnow
293692914,3814194,pt,Sarnow
293693068,3814196,pt,Sarnow
293693145,3814197,pt,Sarnia Zwola
293693222,3814198,pt,Comuna de Sarnaki
293693299,3814199,pt,Comuna de Sarnaki
293693376,3814200,pt,Sarkajmy
293693453,3814201,pt,Sarbiewo
293693607,3814203,pt,Sarbice
293693684,3814204,pt,Sapy
293693761,3814205,pt,Sapowo
293693838,3814206,pt,Saplaty
293693915,3814207,pt,Sapiehow
293693992,3814208,pt,Sanok
293694069,3814209,pt,Sanok
293694146,3814210,pt,Sanogoszcz
293694223,3814211,pt,Sanoczek
293694300,3814212,pt,Sanniki
293694454,3814214,pt,Sankury
293694531,3814215,pt,Sandomierz
293694608,3814216,pt,Sandomierz
293694762,3814218,pt,Sancygniow
293694839,3814219,pt,Sanborz
293694916,3814220,pt,Samwodzie
293694993,3814221,pt,Samulki
293695070,3814222,pt,Samule
293695147,3814223,pt,Samsonow
293695224,3814224,pt,Samowicze
293695301,3814225,pt,Samotnia
293695378,3814226,pt,Samostrzalow
293695455,3814227,pt,Samorzadki
293695609,3814229,pt,Samolubie
293695686,3814230,pt,Samokleski
293695763,3814231,pt,Samokleski
293695840,3814232,pt,Samogoszcz
293695917,3814233,pt,Samocice
293695994,3814234,pt,Samlawki
293696071,3814235,pt,Saminek
293696148,3814236,pt,Sani
293696225,3814237,pt,Samice
293696302,3814238,pt,Samborzec
293696379,3814239,pt,Sambory
293696456,3814240,pt,Samborek
293696533,3814241,pt,Samagowo
293696610,3814242,pt,Salpik
293696687,3814243,pt,Salomin
293696995,3814247,pt,Salki
293697072,3814248,pt,Salata
293697149,3814249,pt,Salachowy Bor
293697226,3814250,pt,Sakinowka
293697303,3814251,pt,Saki
293697380,3814252,pt,Saki
293697457,3814253,pt,saquê
293697534,3814254,pt,saquê
293697611,3814255,pt,Sajzy
293697688,3814256,pt,Sajowka
293697765,3814257,pt,Sajczyce
293697842,3814258,pt,Sahryn
293697919,3814259,pt,Sagnity
293697996,3814260,pt,Safronka
293698150,3814262,pt,Sadzawki
293698227,3814263,pt,Sadykierz
293698381,3814265,pt,Sadykierz
293698612,3814268,pt,Triste
293698689,3814269,pt,Triste
293698766,3814270,pt,Triste
293698843,3814271,pt,Triste
293698920,3814272,pt,Triste
293698997,3814273,pt,Sadurki
293699074,3814274,pt,Saduny
293699151,3814275,pt,Sadry
293699228,3814276,pt,Sadowo
293699305,3814277,pt,Comuna de Sadowne
293699382,3814278,pt,Comuna de Sadowne
293699459,3814279,pt,Comuna de Sadowie
293699536,3814280,pt,Comuna de Sadowie
293699690,3814282,pt,Sadowice
293699767,3814283,pt,Sadowiczów
293699844,3814284,pt,Sadowa
293699921,3814285,pt,Sadoles
293699998,3814286,pt,Sadlowina
293700075,3814287,pt,Sadlowice
293700152,3814288,pt,Sadkowka
293700229,3814289,pt,Comuna de Sadkowice
293700306,3814290,pt,Sadkowice
293700383,3814291,pt,Sadkowa-Gora
293700460,3814292,pt,Sadkowa
293700537,3814293,pt,Sadkow
293700614,3814294,pt,Sadkow
293700691,3814295,pt,Sadkow
293700768,3814296,pt,Sadek
293700922,3814298,pt,Sadek
293700999,3814299,pt,Sadek
293701076,3814300,pt,Sadek
293701153,3814301,pt,Saczkowce
293701230,3814302,pt,Sacin
293701307,3814303,pt,Comuna de Sabnie
293701384,3814304,pt,Comuna de Sabnie
293701461,3814305,pt,Sabinow
293701538,3814306,pt,Sabaudia
293701615,3814307,pt,Sabaudia
293701692,3814308,pt,Rzyska
293701846,3814310,pt,Rzymki
293701923,3814311,pt,Rzymiec
293702000,3814312,pt,Rzym
293702077,3814313,pt,Rzyczyna
293702154,3814314,pt,Rzy
293702231,3814315,pt,Rzucow
293702308,3814316,pt,Rzuchowa
293702385,3814317,pt,Rzuchow
293702462,3814318,pt,Rzodkiewnica
293702616,3814320,pt,Rzezawa
293702693,3814321,pt,Rzewuszki
293702770,3814322,pt,Rzewuski Zawady
293702847,3814323,pt,Olhar de Rzewuski
293702924,3814324,pt,Rzewnie
293703001,3814325,pt,Rzewin Stary
293703078,3814326,pt,Rzewin Pienki
293703155,3814327,pt,Rzewin
293703232,3814328,pt,Rzeszutki
293703309,3814329,pt,Rzeszów
293703386,3814330,pt,Rzeszów
293703463,3814331,pt,Rzeszotkow
293703540,3814332,pt,Rzeszotko
293703617,3814333,pt,Rzepniki
293703694,3814334,pt,Rzepnik
293703771,3814335,pt,Rzepniewo
293703848,3814336,pt,Rzepki Nowe
293704002,3814338,pt,Rzepki Nowe
293704079,3814339,pt,Rzepki Nowe
293704156,3814340,pt,Rzepiska
293704233,3814341,pt,Rzepiska
293704310,3814342,pt,Rzepiska
293704387,3814343,pt,Rzepinek
293704464,3814344,pt,Rzepin Pierwszy
293704541,3814345,pt,Rzepiennik Suchy
293704618,3814346,pt,Rzepiennik Strzyzewski
293704695,3814347,pt,Rzepiennik Marciszewski
293704772,3814348,pt,Rzepiennik Biskupi
293704849,3814349,pt,Rzepedz
293704926,3814350,pt,Rzemienowice
293705003,3814351,pt,Rzemien
293705080,3814352,pt,Rzekun
293705234,3814354,pt,Rzegocin
293705311,3814355,pt,Rzegocin
293705388,3814356,pt,Rzegnowo
293705542,3814358,pt,Rzedziany
293705619,3814359,pt,Rzedzianowice
293705696,3814360,pt,Rzedowice
293705850,3814362,pt,Rzedow
293705927,3814363,pt,Rzedków Nowy
293706004,3814364,pt,Rzedków
293706081,3814365,pt,Rzeczyca Ziemianska
293706158,3814366,pt,Rzeczyca Okragla
293706235,3814367,pt,Rzeczyca Ksieza
293706312,3814368,pt,Rzeczyca Dluga
293706389,3814369,pt,Comuna de Rzeczyca
293706466,3814370,pt,Comuna de Rzeczyca
293706697,3814373,pt,Rzeczyce
293706774,3814374,pt,Rzeczyca
293706851,3814375,pt,Rzeczniowek
293706928,3814376,pt,Rzeczniow
293707005,3814377,pt,Rzeczków
293707159,3814379,pt,Rzeck
293707236,3814380,pt,Rzechowo Wielkie
293707313,3814381,pt,Rzechowo Gac
293707467,3814383,pt,Rzchowiec
293707544,3814384,pt,Rzazew
293707621,3814385,pt,Rzasnik Szlachecki
293707698,3814386,pt,Rzasnik
293707852,3814388,pt,Rzasnik
293707929,3814389,pt,Rzaniec
293708006,3814390,pt,Rzakta
293708160,3814392,pt,Rzadza
293708237,3814393,pt,Rzadza
293708314,3814394,pt,Rzachowa
293708391,3814395,pt,Rzace
293708468,3814396,pt,Rzabiec
293708545,3814397,pt,Ryzki
293708622,3814398,pt,Rywociny
293708699,3814399,pt,Rytwiany
293708776,3814400,pt,Rytro
293708853,3814401,pt,Rytomoczydla
293708930,3814402,pt,Rytlow
293709084,3814404,pt,Ryszkowa Wola
293709161,3814405,pt,Ryszki
293709238,3814406,pt,Rysie
293709315,3814407,pt,Rysie
293709392,3814408,pt,Ryn Reszelski
293709469,3814409,pt,Rynolty
293709546,3814410,pt,Rynki
293709623,3814411,pt,Rynie
293709700,3814412,pt,Rynia
293709854,3814414,pt,Rynek
293709931,3814415,pt,Ryn
293710008,3814416,pt,Ryn
293710239,3814419,pt,Rymanów
293710316,3814420,pt,Rymanów
293710393,3814421,pt,Rylsk Maly
293710470,3814422,pt,Rylsk Duzy
293710547,3814423,pt,Rylowice
293710624,3814424,pt,Rylowa
293710701,3814425,pt,Rykow
293710778,3814426,pt,Rykoszyn
293710932,3814428,pt,Ryki
293711009,3814429,pt,Ryki
293711086,3814430,pt,Ryki
293711163,3814431,pt,Rykaly
293711240,3814432,pt,Rykaczewo
293711317,3814433,pt,Rykacze
293711394,3814434,pt,Ryglice
293711471,3814435,pt,Ryglice
293711548,3814436,pt,Rygalowka
293711702,3814438,pt,Rydzyn Szlachecki
293711779,3814439,pt,Rydzowka
293711856,3814440,pt,Rydzow
293711933,3814441,pt,Rydzewo Szlacheckie
293712010,3814442,pt,Rydzewo Pieniazek
293712087,3814443,pt,Rydzewo
293712241,3814445,pt,Rydzewo
293712395,3814447,pt,Rydzewo
293712472,3814448,pt,Rydwagi
293712549,3814449,pt,Ryczywol
293712626,3814450,pt,Ryczyska
293712703,3814451,pt,Ryczyca
293712780,3814452,pt,Ryczolek
293712857,3814453,pt,Ryczki
293712934,3814454,pt,Rycza
293713011,3814455,pt,Rycice
293713165,3814457,pt,Rycica
293713242,3814458,pt,Rychwald
293713396,3814460,pt,Rychtyn
293713473,3814461,pt,Rychnowska Wola
293713550,3814462,pt,Rychnowo
293713627,3814463,pt,Rybotycze
293713704,3814464,pt,Comuna de Rybno
293713781,3814465,pt,Rybno
293713858,3814466,pt,Rybno
293713935,3814467,pt,Rybno
293714012,3814468,pt,Rybno
293714089,3814469,pt,Bni Oukil
293714243,3814471,pt,Rybnica
293714320,3814472,pt,Rybitwy Kokoszki
293714397,3814473,pt,Rybitwy
293714474,3814474,pt,Rybitwy
293714551,3814475,pt,Rybitwy
293714628,3814476,pt,Rybitwy
293714859,3814479,pt,Rybitew
293714936,3814480,pt,Rybionek
293715013,3814481,pt,Rybie Nowe
293715090,3814482,pt,Rybie Nowe
293715167,3814483,pt,Rybienko
293715398,3814486,pt,Rybie
293715475,3814487,pt,Rybie
293715552,3814488,pt,Rybiczyzna
293715629,3814489,pt,Rybical
293715706,3814490,pt,Rybianka
293715783,3814491,pt,Rybczyzna
293715860,3814492,pt,Rybczewice
293715937,3814493,pt,Rybalty
293716014,3814494,pt,Rybaki
293716091,3814495,pt,Rybaki
293716168,3814496,pt,Rybaki
293716245,3814497,pt,Rybaki
293716630,3814502,pt,Ruziesk
293716707,3814503,pt,Rutkowskie Masculino
293716784,3814504,pt,Rutkowskie Duze
293716861,3814505,pt,Rutkowskie
293716938,3814506,pt,Rutkowo
293717015,3814507,pt,Rutkowo
293717092,3814508,pt,Rutkowice
293717169,3814509,pt,Rutki Marszewice
293717246,3814510,pt,Rutki Glowice
293717400,3814512,pt,Rutki Borki
293717477,3814513,pt,Rutki
293717631,3814515,pt,Rutki
293717708,3814516,pt,Rutka-Tartak
293717785,3814517,pt,Rutka
293717862,3814518,pt,Ruszów
293717939,3814519,pt,Ruszkowo
293718170,3814522,pt,Ruszkowiec
293718247,3814523,pt,Ruszkowice
293718401,3814525,pt,Ruszków
293718478,3814526,pt,Ruszenice
293718555,3814527,pt,Ruszelczyce
293718632,3814528,pt,Ruszczyzna
293718709,3814529,pt,Ruszcza Plaszczyzna
293718786,3814530,pt,Ruszczany
293718863,3814531,pt,Ruszcza
293718940,3814532,pt,Ruszajny
293719017,3814533,pt,Rússia Stara
293719248,3814536,pt,Ruskow
293719479,3814539,pt,Ruskie Piaski
293719556,3814540,pt,Ruski Brod
293719633,3814541,pt,Ruska Wies
293719710,3814542,pt,Ruska Wies
293719941,3814545,pt,Rusinow
293720018,3814546,pt,Rusinow
293720095,3814547,pt,Rusinow
293720172,3814548,pt,Rusily
293720480,3814552,pt,Rusaki
293720557,3814553,pt,Rus
293720788,3814556,pt,Rupniow
293720865,3814557,pt,Rupin
293721096,3814560,pt,Runowo
293721173,3814561,pt,Runow
293721250,3814562,pt,Runice
293721327,3814563,pt,Korumdy
293721404,3814564,pt,Rumoka
293721558,3814566,pt,Rumejki
293721635,3814567,pt,Ruklawki
293721712,3814568,pt,Puchacze
293721789,3814569,pt,Rudziszki
293721866,3814570,pt,Rudzisko
293721943,3814571,pt,Rudziska
293722020,3814572,pt,Rudzienko
293722174,3814574,pt,Rudzienko
293722251,3814575,pt,Rudzieniec
293722328,3814576,pt,Rudzie
293722405,3814577,pt,Rudy-Rysie
293722482,3814578,pt,Rudy
293722636,3814580,pt,Rudowo
293722790,3814582,pt,Rudolowice
293722867,3814583,pt,Rudolfin
293722944,3814584,pt,Rudno Kosily
293723021,3814585,pt,Rudno Jeziorowe
293723098,3814586,pt,Rudno Gorne
293723175,3814587,pt,Rudno Dolne
293723329,3814589,pt,Rudno
293723483,3814591,pt,Rudno
293723714,3814594,pt,Rudnik Szlachecki
293724022,3814598,pt,Rudniki
293724176,3814600,pt,Rudniki
293724407,3814603,pt,Rudnik
293724484,3814604,pt,Rudnik Duzy
293724561,3814605,pt,Rudnik
293724715,3814607,pt,Rudnik
293724792,3814608,pt,Rudnik
293724869,3814609,pt,Rudnik Pierwszy
293724946,3814610,pt,Rudnik nad Sanem
293725023,3814611,pt,Rudnik nad Sanem
293725100,3814612,pt,Rudnik
293725177,3814613,pt,Rudnia
293725331,3814615,pt,Rudna Wielka
293725408,3814616,pt,Rudna Mala
293725485,3814617,pt,Rudkowszczyzna
293725639,3814619,pt,Rudki
293725870,3814622,pt,Rudki
293726101,3814625,pt,Rudka-Skroda
293726178,3814626,pt,Rudka Lowiecka
293726255,3814627,pt,Rudka Kozlowiecka
293726332,3814628,pt,Rudka Kijanska
293726409,3814629,pt,Rudka Golebska
293726563,3814631,pt,Rudka Baltowska
293726640,3814632,pt,Comuna de Rudka
293726717,3814633,pt,Comuna de Rudka
293726794,3814634,pt,Rudka
293727641,3814645,pt,Rudka
293727872,3814648,pt,Rudenka
293727949,3814649,pt,Ruda Zurawiecka
293728026,3814650,pt,Ruda Zelazna
293728103,3814651,pt,Ruda-Zagrody
293728180,3814652,pt,Ruda Woloska
293728257,3814653,pt,Rudawka Rymanowska
293728411,3814655,pt,Rudawka
293728488,3814656,pt,Rudawka
293728642,3814658,pt,Rudawka
293728719,3814659,pt,Ruda Wielka
293728796,3814660,pt,Rudawa
293728873,3814661,pt,Ruda Tarnowska
293728950,3814662,pt,Ruda Talubska
293729104,3814664,pt,Ruda Strawczynska
293729181,3814665,pt,Ruda Solska
293729258,3814666,pt,Ruda Rozaniecka
293729335,3814667,pt,Ruda-Pniewnik
293729412,3814668,pt,Ruda Pilczycka
293729489,3814669,pt,Ruda Osowiecka
293729566,3814670,pt,Ruda Maleniecka
293729643,3814671,pt,Ruda Mala
293729720,3814672,pt,Ruda Maciejowska
293729797,3814673,pt,Ruda Koscielna
293729874,3814674,pt,Rudaki
293729951,3814675,pt,Ruda Kameralna
293730105,3814677,pt,Ruda Godowska
293730182,3814678,pt,Ruda Czernik
293730259,3814679,pt,Ruda Bialaczowska
293730336,3814680,pt,Ruda
293730413,3814681,pt,Ruda
293730490,3814682,pt,Ruda
293730567,3814683,pt,Ruda
293731029,3814689,pt,Ruda
293731183,3814691,pt,Ruda
293731491,3814695,pt,Ruda
293731722,3814698,pt,Ruda
293732030,3814702,pt,Ruda
293732107,3814703,pt,Ruda
293732646,3814710,pt,Ruczynow
293732723,3814711,pt,Ruciane-Nida
293732800,3814712,pt,Ruciane-Nida
293732877,3814713,pt,Ruchna
293732954,3814714,pt,Ruchenka
293733108,3814716,pt,Rubcowo
293733185,3814717,pt,Rozynsk Wielki
293733262,3814718,pt,Rozynsk Wielki
293733339,3814719,pt,Rozynsk Maly
293733493,3814721,pt,Rozynsk
293733570,3814722,pt,Rozynsk
293733647,3814723,pt,Hruzyanka
293733724,3814724,pt,Rozyna
293733801,3814725,pt,Rozsypne
293733878,3814726,pt,Rozwory
293733955,3814727,pt,Rozwienica
293734032,3814728,pt,Rozwady
293734109,3814729,pt,Rozwadowka
293734186,3814730,pt,Rozwadow
293734263,3814731,pt,Rozwadow
293734340,3814732,pt,Rozubowice
293734417,3814733,pt,Roztoki
293734571,3814735,pt,Roztoka Wielka
293734648,3814736,pt,Roztoka
293734802,3814738,pt,Roztoka
293734879,3814739,pt,Roztoka
293734956,3814740,pt,Rozpucie
293735110,3814742,pt,Rozopole
293735264,3814744,pt,Rozogi
293735341,3814745,pt,Rozogi
293735418,3814746,pt,Roznowo
293735572,3814748,pt,Rożnowice
293735649,3814749,pt,Roznowa
293735726,3814750,pt,Roznow
293735803,3814751,pt,Rozniszew
293735880,3814752,pt,Roznica
293735957,3814753,pt,Rozniaty
293736034,3814754,pt,Rozniatow
293736111,3814755,pt,Rozlopy
293736188,3814756,pt,Rozkopaczew
293736265,3814757,pt,Rozki
293736342,3814758,pt,Rozki
293736419,3814759,pt,Rozki
293736496,3814760,pt,Roziecin
293736573,3814761,pt,Rozgity
293736650,3814762,pt,Rozenek
293736804,3814764,pt,Rozedranka Stara
293736958,3814766,pt,Roze
293737035,3814767,pt,Rozdziele
293737112,3814768,pt,Rozdziele
293737189,3814769,pt,Rozdzialy
293737266,3814770,pt,Rozdzalow
293737343,3814771,pt,Rozce
293737420,3814772,pt,Rozborz Okragly
293737497,3814773,pt,Rozborz Dlugi
293737574,3814774,pt,Rozborz
293737651,3814775,pt,Rozbity Kamien
293737728,3814776,pt,Rozbitowka
293737882,3814778,pt,Różanystok
293737959,3814779,pt,Różanystok
293738036,3814780,pt,Rozanow
293738190,3814782,pt,Rozanna
293738267,3814783,pt,Rozanka
293738344,3814784,pt,Rozanka
293738498,3814786,pt,Rozaniec
293738575,3814787,pt,Rozaniec
293738652,3814788,pt,Różan
293738729,3814789,pt,Różan
293738883,3814791,pt,Rozajny Wielkie
293738960,3814792,pt,Rozajny Wielkie
293739037,3814793,pt,Rozajny Wielkie
293739114,3814794,pt,Rozajny Wielkie
293739268,3814796,pt,Roza
293739345,3814797,pt,Roza
293739499,3814799,pt,Rownianki
293739576,3814800,pt,Rownianki
293739653,3814801,pt,Rownia
293739730,3814802,pt,Rowne
293739807,3814803,pt,Rowne
293739961,3814805,pt,Rowiska
293740115,3814807,pt,Rowiny
293740192,3814808,pt,Rowele
293740269,3814809,pt,Rowce
293740346,3814810,pt,Roszkowice
293740423,3814811,pt,Roszkowa Wola
293740500,3814812,pt,Roszki
293740577,3814813,pt,Roszczep
293740654,3814814,pt,Rosy
293740808,3814816,pt,Roztylice
293740885,3814817,pt,Rostolty
293741116,3814820,pt,Rostkowo
293741193,3814821,pt,Rostki Wielkie
293741424,3814824,pt,Rostki Bajtkowskie
293741501,3814825,pt,Rostki
293741578,3814826,pt,Rostki
293741655,3814827,pt,Rostki
293741886,3814830,pt,Rostki
293742040,3814832,pt,Rossosz
293742117,3814833,pt,Rospuda
293742194,3814834,pt,Rososzka
293742271,3814835,pt,Rososz
293742579,3814839,pt,Rososz
293742810,3814842,pt,Rosochy
293742964,3814844,pt,Rosochaty Rog
293743041,3814845,pt,Rosochate Koscielne
293743118,3814846,pt,Rosochackie
293743195,3814847,pt,Rosocha
293743272,3814848,pt,Roslawowice
293743426,3814850,pt,Roskosz
293743503,3814851,pt,Roskajmy
293743580,3814852,pt,Rosiejow
293743657,3814853,pt,Ropki
293743734,3814854,pt,Ropienka
293743811,3814855,pt,Ropica Gorna
293743965,3814857,pt,Ropianka
293744042,3814858,pt,Ropele
293744119,3814859,pt,Ropczyce
293744196,3814860,pt,Ropczyce
293744350,3814862,pt,Ropa
293744427,3814863,pt,Ronsko
293744504,3814864,pt,Romualdow
293744581,3814865,pt,Romoty
293744658,3814866,pt,Romejki
293744735,3814867,pt,Romaszki
293744812,3814868,pt,Romany Sedzieta
293744889,3814869,pt,Romany Sebory
293745043,3814871,pt,Romany Janowieta
293745197,3814873,pt,Romany Fuszki
293745274,3814874,pt,Romany
293745351,3814875,pt,Romany
293745428,3814876,pt,Romanowo
293745659,3814879,pt,Romanowka
293745736,3814880,pt,Romanowka
293745890,3814882,pt,Romanowce
293745967,3814883,pt,Romanow
293746660,3814892,pt,Romanow
293746814,3814894,pt,Romankowo
293746891,3814895,pt,Romanco
293746968,3814896,pt,Romaniuki
293747045,3814897,pt,Rolki
293747122,3814898,pt,Role
293747199,3814899,pt,Rokszyce
293747276,3814900,pt,Rokszyce
293747353,3814901,pt,Rokotow
293747430,3814902,pt,Roklas
293747507,3814903,pt,Rokitow
293747584,3814904,pt,Rokitno
293747661,3814905,pt,Rokitno
293747738,3814906,pt,Rokitno
293747815,3814907,pt,Rokitno
293747892,3814908,pt,Rokitnik
293747969,3814909,pt,Rokitnia Stara
293748046,3814910,pt,Rokitnia Stara
293748200,3814912,pt,Rokietnica
293748277,3814913,pt,Roje
293748431,3814915,pt,Roguszyn
293748508,3814916,pt,Rogozyn Nowy
293748585,3814917,pt,Rogozyn Nowy
293748662,3814918,pt,Rogozyniec
293748739,3814919,pt,Rogozno
293748816,3814920,pt,Rogozno
293748893,3814921,pt,Rogozno
293748970,3814922,pt,Rogozniczka
293749047,3814923,pt,Rogoznica
293749201,3814925,pt,Rogoznia
293749278,3814926,pt,Rogoznia
293749355,3814927,pt,Rogozno
293749432,3814928,pt,Rogozek
293749586,3814930,pt,Rogozajny Wielkie
293749663,3814931,pt,Rogozajny Male
293749740,3814932,pt,Rogoz
293749817,3814933,pt,Rogoz
293749971,3814935,pt,Rogowko
293750279,3814939,pt,Rogówko
293750356,3814940,pt,Rogowiec
293750433,3814941,pt,Rogowice
293750510,3814942,pt,Rogowek
293750587,3814943,pt,Rogowek
293750664,3814944,pt,Rogowa
293750741,3814945,pt,Rogow
293750895,3814947,pt,Rogow
293750972,3814948,pt,Rogow
293751049,3814949,pt,Rogow
293751126,3814950,pt,Rogow
293751203,3814951,pt,Rogow
293751280,3814952,pt,Rogotworsk
293751357,3814953,pt,Rogolin
293751434,3814954,pt,Rogojny
293751511,3814955,pt,Rogienice-Wypychy
293751588,3814956,pt,Rogienice Wielkie
293751665,3814957,pt,Rogienice Piaseczne
293751742,3814958,pt,Rogienice
293751819,3814959,pt,Rogielkajmy
293751896,3814960,pt,Rogiedle
293751973,3814961,pt,Rogi
293752050,3814962,pt,Rogawka
293752127,3814963,pt,Rogatka
293752204,3814964,pt,Rogalow
293752281,3814965,pt,Rogalow
293752358,3814966,pt,Rogale Wielkie
293752512,3814968,pt,Rogale
293752666,3814970,pt,Rogale
293752820,3814972,pt,Rogale
293752897,3814973,pt,Rogajny
293752974,3814974,pt,Rogacze
293753051,3814975,pt,Rog
293753128,3814976,pt,Rodnowo
293753205,3814977,pt,Rodnowo
293753282,3814978,pt,Rodele
293753359,3814979,pt,Rochnia
293753590,3814982,pt,Robercin
293753667,3814983,pt,Robawy
293753744,3814984,pt,Retowy
293753821,3814985,pt,Retkow
293753898,3814986,pt,Retkow
293753975,3814987,pt,Retka
293754052,3814988,pt,Reszkowce
293754129,3814989,pt,Reszel
293754206,3814990,pt,Reszel
293754360,3814992,pt,Repki
293754514,3814994,pt,Remiszew
293754668,3814996,pt,Rembow
293754745,3814997,pt,Rembieszyce
293754822,3814998,pt,Rembielin
293754899,3814999,pt,Rembiechowa
293754976,3815000,pt,Rembertow
293755053,3815001,pt,Rembertow
293755130,3815002,pt,Rembelszczyzna
293755207,3815003,pt,Rekusy
293755284,3815004,pt,Rekownica
293755361,3815005,pt,Rekowka
293755438,3815006,pt,Rekowice
293755515,3815007,pt,Rekle
293755592,3815008,pt,Rekawiec
293755823,3815011,pt,Rejsztokiemie
293755977,3815013,pt,Rejowiec Fabryczny
293756054,3815014,pt,Rejowiec
293756208,3815016,pt,Rejow
293756285,3815017,pt,Rejterowka
293756439,3815019,pt,Regut
293756516,3815020,pt,Reguly
293756593,3815021,pt,Regow Stary
293756670,3815022,pt,Regow
293756747,3815023,pt,Regnow
293756824,3815024,pt,Regimin
293756901,3815025,pt,Regiele
293756978,3815026,pt,Regiel
293757055,3815027,pt,Regietow
293757132,3815028,pt,Redzynskie
293757209,3815029,pt,Redziny Zbigalskie
293757286,3815030,pt,Redziny
293757363,3815031,pt,Redykajny
293757440,3815032,pt,Redy
293757517,3815033,pt,Reduty
293757594,3815034,pt,Reducin
293757671,3815035,pt,Redocin
293757748,3815036,pt,Redlin
293757825,3815037,pt,Redlanka
293757902,3815038,pt,Reczyn
293757979,3815039,pt,Reczul
293758056,3815040,pt,Reczpol
293758287,3815043,pt,Reczaje
293758441,3815045,pt,Rebowola
293758518,3815046,pt,Rebowo
293758595,3815047,pt,Rebowo
293758672,3815048,pt,Rebow
293758749,3815049,pt,Rebkowo
293758826,3815050,pt,Rebkow
293758903,3815051,pt,Rebizanty
293759134,3815054,pt,Rdzuchow
293759211,3815055,pt,Rdzow
293759288,3815056,pt,Rdziostow
293759442,3815058,pt,Rdzawa
293759519,3815059,pt,Razny
293759596,3815060,pt,Rawy Gaczkowo
293759673,3815061,pt,Rawy
293759750,3815062,pt,Rawki
293759827,3815063,pt,Rawiczow
293759904,3815064,pt,Rawica Stara
293759981,3815065,pt,Rawica Nowa
293760212,3815068,pt,Rawa Mazowiecka
293760289,3815069,pt,Rawa
293760443,3815071,pt,Ratyniec
293760597,3815073,pt,Ratyczow
293760674,3815074,pt,Olhar de Ratowo
293760751,3815075,pt,Ratowo-Piotrowo
293760828,3815076,pt,Ratowo
293760905,3815077,pt,Ratoszyn
293760982,3815078,pt,Ratoszyn
293761136,3815080,pt,Ratnawica
293761213,3815081,pt,Rataj Poduchowny
293761290,3815082,pt,Rataj Ordynacki
293761367,3815083,pt,Ratajewicze
293761444,3815084,pt,Rataje Slupskie
293761521,3815085,pt,Comuna de Raszyn
293761598,3815086,pt,Raszyn
293761675,3815087,pt,Rasztow
293761829,3815089,pt,Raszowl
293761906,3815090,pt,Raszowek
293762060,3815092,pt,Raszag
293762137,3815093,pt,Rapy Dylanskie
293762368,3815096,pt,Rapaty Zachy
293762445,3815097,pt,Rapaty
293762522,3815098,pt,Ranty
293762599,3815099,pt,Ransk
293762676,3815100,pt,Rankowskie
293762753,3815101,pt,Ranizow
293762830,3815102,pt,Ranachow B
293762984,3815104,pt,Ramsowo
293763061,3815105,pt,Ramsowko
293763138,3815106,pt,Ramoty
293763215,3815107,pt,Ramiona
293763292,3815108,pt,Rakszawa
293763446,3815110,pt,Rakowo Piskie
293763523,3815111,pt,Rakowo-Czachy
293763677,3815113,pt,Rakowo-Boginie
293763754,3815114,pt,Rakowo
293763831,3815115,pt,Rakowo
293763985,3815117,pt,Rakowo
293764062,3815118,pt,Rakowko
293764139,3815119,pt,Rakowka
293764216,3815120,pt,Rakowka
293764293,3815121,pt,Rakowka
293764370,3815122,pt,Rakowiska
293764447,3815123,pt,Rakowiec
293764524,3815124,pt,Rakowicze
293764601,3815125,pt,Rakowicze
293764678,3815126,pt,Rakowek
293764755,3815127,pt,Rakowek
293764832,3815128,pt,Rakowa
293764909,3815129,pt,Rakow
293764986,3815130,pt,Rakow
293765063,3815131,pt,Rakoszyn
293765140,3815132,pt,Rakolupy
293765217,3815133,pt,Raki
293765294,3815134,pt,Rakcice
293765371,3815135,pt,Rajszew
293765448,3815136,pt,Rajsko
293765602,3815138,pt,Rajsk
293765679,3815139,pt,Rajgród
293765756,3815140,pt,Rajgród
293765833,3815141,pt,Rajec
293765910,3815142,pt,Rajbrot
293765987,3815143,pt,Rafaly
293766064,3815144,pt,Rafalowka Borowiki
293766141,3815145,pt,Radzyń Podlaski
293766218,3815146,pt,Radzyń Podlaski
293766295,3815147,pt,Radzyminek
293766372,3815148,pt,Radzymin
293766449,3815149,pt,Radzymin
293766526,3815150,pt,Radziwillowka
293766603,3815151,pt,Radziwillow
293766757,3815153,pt,Radziwilka
293766834,3815154,pt,Radziwie
293766911,3815155,pt,Radziuszki
293766988,3815156,pt,Radziucie
293767065,3815157,pt,Radziłów
293767142,3815158,pt,Radziłów
293767296,3815160,pt,Radzików
293767373,3815161,pt,Radzików
293767450,3815162,pt,Radziemice
293767681,3815165,pt,Radziejowice
293767835,3815167,pt,Radziejow
293767912,3815168,pt,Radziejewo
293767989,3815169,pt,Radzieje
293768066,3815170,pt,Radziecin
293768143,3815171,pt,Radzie
293768374,3815174,pt,Radzanow
293768451,3815175,pt,Radzanow
293768528,3815176,pt,Radzanow
293768682,3815178,pt,Radymno
293768759,3815179,pt,Radwany
293768836,3815180,pt,Radwanowka
293768990,3815182,pt,Radwanow
293769067,3815183,pt,Radwankow Szlachecki
293769144,3815184,pt,Radwankow Krolewski
293769221,3815185,pt,Radwanka
293769298,3815186,pt,Hadhadah
293769375,3815187,pt,Hadhadah
293769452,3815188,pt,Hadhadah
293769606,3815190,pt,Radule
293769683,3815191,pt,Raducz
293769760,3815192,pt,Radruz
293769914,3815194,pt,Radoszyce
293769991,3815195,pt,Radoszyce
293770068,3815196,pt,Radoszyce
293770145,3815197,pt,Radoszki
293770222,3815198,pt,Radosze
293770299,3815199,pt,Radosty
293770376,3815200,pt,Radostowo
293770453,3815201,pt,Radostowo
293770530,3815202,pt,Radostow
293770607,3815203,pt,Radostow
293770684,3815204,pt,Radoska
293770761,3815205,pt,Radosc
293770992,3815208,pt,Radonie
293771069,3815209,pt,Radonice
293771146,3815210,pt,Radônia
293771223,3815211,pt,Radomyśl Wielki
293771300,3815212,pt,Radomyśl Wielki
293771377,3815213,pt,Radomysl
293771454,3815214,pt,Radomysl
293771531,3815215,pt,Radomka
293771608,3815216,pt,Radomin
293771685,3815217,pt,Radom
293771762,3815218,pt,Radom
293771839,3815219,pt,Radocyna
293771993,3815221,pt,Radłów
293772070,3815222,pt,Grupo Dolna
293772147,3815223,pt,Radlin
293772224,3815224,pt,Radlin
293772301,3815225,pt,Radkowice
293772378,3815226,pt,Radkowice
293772455,3815227,pt,Radkow
293772532,3815228,pt,Radkiejmy
293772609,3815229,pt,Radgoszcz
293772686,3815230,pt,Radgoszcz
293772763,3815231,pt,Radestow
293772840,3815232,pt,Radecznica
293772917,3815233,pt,Radcze
293772994,3815234,pt,Radawiec Maly
293773071,3815235,pt,Radawiecki
293773148,3815236,pt,Radawiec Duzy
293773302,3815238,pt,Radawczyk
293773379,3815239,pt,Radawa
293773533,3815241,pt,Raczyna
293773610,3815242,pt,Raczyna
293773687,3815243,pt,Raczyce
293773764,3815244,pt,Raczkowa
293773841,3815245,pt,Raczki Wielkie
293774072,3815248,pt,Raczki
293774149,3815249,pt,Raczki
293774303,3815251,pt,Raclawowka
293774457,3815253,pt,Raclawice
293774534,3815254,pt,Raclawice
293774611,3815255,pt,Raclawice
293774688,3815256,pt,Raciszewo
293774765,3815257,pt,Raciechowice
293774919,3815259,pt,Racibory Nowe
293774996,3815260,pt,Racibory Jurgi
293775073,3815261,pt,Raciborsko
293775150,3815262,pt,Raciborowice
293775227,3815263,pt,Raciborowice
293775381,3815265,pt,Raciąż
293775458,3815266,pt,Rachwalowice
293775535,3815267,pt,Rachujka
293775612,3815268,pt,Raców
293775689,3815269,pt,Rachodoszcze
293775766,3815270,pt,Rachocin
293775843,3815271,pt,Comuna de Rachanie
293775920,3815272,pt,Comuna de Rachanie
293775997,3815273,pt,Stacja Racewo
293776074,3815274,pt,Racewo
293776151,3815275,pt,Rablow
293776228,3815276,pt,Rabiez
293776382,3815278,pt,Rabierz
293776459,3815279,pt,Rabi'ah
293776536,3815280,pt,Rabedy
293776690,3815282,pt,Rabe
293776844,3815284,pt,Raba Nizna
293776921,3815285,pt,Rabalina
293777075,3815287,pt,Pysznica
293777306,3815290,pt,Puznowka
293777460,3815292,pt,Puzdrowizna
293777691,3815295,pt,Putnowice Gorne
293777845,3815297,pt,Putnovice
293777922,3815298,pt,Putkowice Nagorne
293777999,3815299,pt,Putkowice Nadolne
293778153,3815301,pt,Puszki
293778230,3815302,pt,Comuna de Puszcza Mariańska
293778307,3815303,pt,Comuna de Puszcza Mariańska
293778384,3815304,pt,Puszcza
293778461,3815305,pt,Pustynia
293778538,3815306,pt,Pustniki
293778615,3815307,pt,Pustkow
293778692,3815308,pt,Pustki
293778769,3815309,pt,Pustelnik
293778846,3815310,pt,Pustelnik
293779000,3815312,pt,Pusta Wola
293779077,3815313,pt,Purzyce Rozwory
293779154,3815314,pt,Purzec
293779231,3815315,pt,Purgalki
293779308,3815316,pt,Comuna de Purda
293779385,3815317,pt,Comuna de Purda
293779462,3815318,pt,Pupkowizna
293779539,3815319,pt,Pupki
293779616,3815320,pt,Pupki
293779693,3815321,pt,Pułtusk
293779770,3815322,pt,Pułtusk
293779847,3815323,pt,Pulsze
293779924,3815324,pt,Pulki
293780001,3815325,pt,Pulczynow
293780078,3815326,pt,Puławy
293780155,3815327,pt,Puławy
293780232,3815328,pt,Pulawy
293780309,3815329,pt,Pulawska Wies
293780540,3815332,pt,Pulankowice
293780617,3815333,pt,Pulanki
293780694,3815334,pt,Pulaczow
293780771,3815335,pt,Pukinin
293780848,3815336,pt,Pukarzow
293780925,3815337,pt,Puiski
293781156,3815340,pt,Pudlag
293781233,3815341,pt,Puczyce
293781310,3815342,pt,Pucilki
293781387,3815343,pt,Puchowka
293781464,3815344,pt,Puchowa Gora
293781541,3815345,pt,Puchaly
293781849,3815349,pt,Puchaly
293781926,3815350,pt,Puchalowo
293782003,3815351,pt,Puchaczow
293782080,3815352,pt,Puchacze
293782157,3815353,pt,Ptaszkowa
293782234,3815354,pt,Ptaki
293782388,3815356,pt,Pszczolczyn
293782465,3815357,pt,Pszczeliny
293782542,3815358,pt,Psucin
293782696,3815360,pt,Pstrazne
293782773,3815361,pt,Pstragowka
293782850,3815362,pt,Pstragowa
293782927,3815363,pt,Psary-Stara Wies
293783004,3815364,pt,Psário-Stara Wies
293783081,3815365,pt,Psário
293783158,3815366,pt,Psário
293783235,3815367,pt,Psário
293783312,3815368,pt,Psário
293783389,3815369,pt,Sarykamys
293783466,3815370,pt,Przywozki
293783543,3815371,pt,Przywory
293783620,3815372,pt,Przywilcz
293783697,3815373,pt,Przytyki
293783774,3815374,pt,Przytyk
293783851,3815375,pt,Przytuly-Kolonia
293783928,3815376,pt,Przytuly
293784082,3815378,pt,Przytuly
293784236,3815380,pt,Przytuly
293784313,3815381,pt,Przytuly
293784390,3815382,pt,Przytulki
293784467,3815383,pt,Przytulanka
293784621,3815385,pt,Przytoczno
293784698,3815386,pt,Przyszowa
293784775,3815387,pt,Przysucha
293784852,3815388,pt,Przysucha
293784929,3815389,pt,Przystawka
293785006,3815390,pt,Przystawance
293785083,3815391,pt,Przystan
293785160,3815392,pt,Przystan
293785237,3815393,pt,Przystalowice Male
293785314,3815394,pt,Przystalowice Duze
293785391,3815395,pt,Przystajne
293785468,3815396,pt,Przysowy
293785545,3815397,pt,Przyslup
293785622,3815398,pt,Przyslup
293785776,3815400,pt,Przyslop
293785853,3815401,pt,Przyslop
293786084,3815404,pt,Przysiolek
293786161,3815405,pt,Przysieki
293786238,3815406,pt,Przysietnica
293786315,3815407,pt,Przysietnica
293786392,3815408,pt,Przysieka
293786469,3815409,pt,Przyrab
293786546,3815410,pt,Przypki
293786623,3815411,pt,Przypisowka
293786700,3815412,pt,Przymy
293786777,3815413,pt,Przymus
293786854,3815414,pt,Przymiarki
293786931,3815415,pt,Przymiarki
293787008,3815416,pt,Przymiarki
293787085,3815417,pt,Przymiarki
293787162,3815418,pt,Przymiarki
293787239,3815419,pt,Przymiarka Strozyska
293787393,3815421,pt,Przyluski
293787470,3815422,pt,Przyluski
293787547,3815423,pt,Przylot
293787624,3815424,pt,Przylom
293787701,3815425,pt,Przylogi
293787778,3815426,pt,Przylek
293787855,3815427,pt,Przylek
293787932,3815428,pt,Przylek
293788009,3815429,pt,Przylek
293788086,3815430,pt,Przylek
293788163,3815431,pt,Przyleczek
293788240,3815432,pt,Przylasek
293788317,3815433,pt,Przykwa
293788394,3815434,pt,Przykory
293788548,3815436,pt,Przykopka
293788625,3815437,pt,Przykop
293788702,3815438,pt,Przykop
293788779,3815439,pt,Przykop
293788856,3815440,pt,Przyjmy
293789087,3815443,pt,Przyjmo
293789164,3815444,pt,Przygradow
293789241,3815445,pt,Przygody
293789318,3815446,pt,Przydworzyce
293789395,3815447,pt,Przydonica
293789472,3815448,pt,Przychojec
293789626,3815450,pt,Przychody
293789703,3815451,pt,Przychod
293789780,3815452,pt,Przychod
293789934,3815454,pt,Przybyszyn
293790011,3815455,pt,Przybyszowy
293790165,3815457,pt,Przybyszew
293790242,3815458,pt,Przybyslawice
293790319,3815459,pt,Przybyslawice
293790396,3815460,pt,Przybyslawice
293790473,3815461,pt,Przybyslawice
293790550,3815462,pt,Przybyslawice
293790627,3815463,pt,Przybyslawice
293790781,3815465,pt,Przybowka
293790858,3815466,pt,Przyborowo
293790935,3815467,pt,Przyborowie
293791012,3815468,pt,Przyborowice Gorne
293791089,3815469,pt,Przyborowice
293791166,3815470,pt,Przyborow
293791243,3815471,pt,Przyborow
293791397,3815473,pt,Przybenice
293791474,3815474,pt,Przezwody
293791628,3815476,pt,Przezwody
293791782,3815478,pt,Przezdziek Wielki
293791859,3815479,pt,Przezdziek Maly
293792090,3815482,pt,Przewrotne
293792244,3815484,pt,Przewoz
293792475,3815487,pt,Przewoz
293792552,3815488,pt,Przewoz
293792629,3815489,pt,Przewoz
293792783,3815491,pt,Przeworsk
293792860,3815492,pt,Przewodowo-Parcele
293792937,3815493,pt,Przewodowice
293793014,3815494,pt,Przewodow
293793091,3815495,pt,Przewloka
293793168,3815496,pt,Przewloka
293793245,3815497,pt,Przewloka
293793322,3815498,pt,Przewarszyty
293793399,3815499,pt,Przewale
293793476,3815500,pt,Przeuszyn
293793707,3815503,pt,Przestansko
293793784,3815504,pt,Przesmyki
293793861,3815505,pt,Przeslawki
293793938,3815506,pt,Przesławice
293794015,3815507,pt,Przesławice
293794092,3815508,pt,Przesławice
293794169,3815509,pt,Przesławice
293794246,3815510,pt,Przeryty Bor
293794323,3815511,pt,Przerwanki
293794400,3815512,pt,Przerosl Mala
293794477,3815513,pt,Przerosl Mala
293794554,3815514,pt,Przerosl Goldapska
293794631,3815515,pt,Przerośl
293794708,3815516,pt,Przerosl
293794785,3815517,pt,Przeradowo
293794862,3815518,pt,Przepychy
293794939,3815519,pt,Przepiorow
293795170,3815522,pt,Przeorsk
293795247,3815523,pt,Przemyśl
293795324,3815524,pt,Przemyśl
293795401,3815525,pt,Przemykow
293795478,3815526,pt,Przemiarowo
293795555,3815527,pt,Przemeczany
293795632,3815528,pt,Przemeczanki
293795709,3815529,pt,Przelomka
293795863,3815531,pt,Przejma Wysoka
293795940,3815532,pt,Przejma Wielka
293796017,3815533,pt,Przejazd
293796094,3815534,pt,Przegrody
293796248,3815536,pt,Przegaliny Male
293796325,3815537,pt,Przegaliny Duze
293796402,3815538,pt,Przedzel
293796479,3815539,pt,Przedwojewo
293796556,3815540,pt,Przedswit
293796787,3815543,pt,Przedmiescie Kludzie
293796864,3815544,pt,Przedmiescie Dubieckie
293796941,3815545,pt,Przedmiescie Bukowina
293797095,3815547,pt,Przedmiescie
293797326,3815550,pt,Przededworze
293797403,3815551,pt,Przedborz
293797480,3815552,pt,Przedborz
293797557,3815553,pt,Przeczyca
293797634,3815554,pt,Przeczow
293797865,3815557,pt,Przecław
293797942,3815558,pt,Przecław
293798019,3815559,pt,Przechodzisko
293798096,3815560,pt,Przechody
293798173,3815561,pt,Przechody
293798250,3815562,pt,Przechod
293798327,3815563,pt,Przebrod
293798404,3815564,pt,Przebieczany
293798481,3815565,pt,Przasnysz
293798558,3815566,pt,Przasnysz
293798635,3815567,pt,Przaslaw
293798712,3815568,pt,Pryszczowa Gora
293798789,3815569,pt,Prynowo
293798866,3815570,pt,Prymusowa Wola
293798943,3815571,pt,Pruszyn-Pienki
293799020,3815572,pt,Pruszyn
293799097,3815573,pt,Pruszków
293799174,3815574,pt,Pruszków
293799251,3815575,pt,Pruszków
293799328,3815576,pt,Pruszki Wielkie
293799405,3815577,pt,Pruszki
293799482,3815578,pt,Pruszki
293799636,3815580,pt,Prusy
293799713,3815581,pt,Prusy
293799790,3815582,pt,Prusy
293799944,3815584,pt,Prusy
293800021,3815585,pt,Prusy
293800098,3815586,pt,Prusowy Borek
293800175,3815587,pt,Prusocin
293800252,3815588,pt,Pruskoleka
293800329,3815589,pt,Pruska Wielka
293800406,3815590,pt,Pruska Mala
293800483,3815591,pt,Pruska
293800560,3815592,pt,Prusinowo
293800637,3815593,pt,Prusinowice
293800714,3815594,pt,Prusinowice
293800791,3815595,pt,Prusiek
293800868,3815596,pt,Prusie
293800945,3815597,pt,Prudziszki
293801099,3815599,pt,Pruchnik
293801176,3815600,pt,Protasy
293801253,3815601,pt,Proszowice
293801330,3815602,pt,Proszowice
293801407,3815603,pt,Proszkowo
293801484,3815604,pt,Proszew A
293801561,3815605,pt,Povstyn
293801638,3815606,pt,Prostki
293801715,3815607,pt,Prosna
293801792,3815608,pt,Prosna
293801869,3815609,pt,Prosity
293801946,3815610,pt,Prosienica
293802023,3815611,pt,Proniewicze
293802100,3815612,pt,Promyk
293802177,3815613,pt,Promnik
293802254,3815614,pt,Promnik
293802331,3815615,pt,Promna
293802408,3815616,pt,Promiski
293802485,3815617,pt,Prole
293802562,3815618,pt,Prokocim
293802639,3815619,pt,Prokocice
293802716,3815620,pt,Procwin
293802793,3815621,pt,Procisne
293802870,3815622,pt,Prochenki
293802947,3815623,pt,Proboszczewice
293803024,3815624,pt,Probolowice
293803255,3815627,pt,Probark
293803332,3815628,pt,Pretlawki
293803409,3815629,pt,Preluki
293803486,3815630,pt,Prejlowo
293803563,3815631,pt,Prehoryle
293803640,3815632,pt,Pregowo
293803871,3815635,pt,Prbybyszyce
293803948,3815636,pt,Prazmow Nowy
293804025,3815637,pt,Prazmów Nowy
293804102,3815638,pt,Prazmow
293804179,3815639,pt,Prawy Las
293804256,3815640,pt,Prawno
293804333,3815641,pt,Prawiedniki
293804410,3815642,pt,Prawecin
293804487,3815643,pt,Prawdziska
293804564,3815644,pt,Prawdowo
293804641,3815645,pt,Prawda
293804718,3815646,pt,Pratulin
293804795,3815647,pt,Praslity
293804872,3815648,pt,Prandocin-Ily
293804949,3815649,pt,Prandocin
293805026,3815650,pt,Prandocin
293805103,3815651,pt,Pralkowce
293805180,3815652,pt,Praga Gorna
293805257,3815653,pt,Praga
293805334,3815654,pt,Praga
293805411,3815655,pt,Praczka
293805642,3815658,pt,Prace Duze
293805719,3815659,pt,Prabuty
293805796,3815660,pt,Pozogi
293805873,3815661,pt,Pozog
293805950,3815662,pt,Poznan
293806027,3815663,pt,Poznachowice Gorne
293806104,3815664,pt,Poznachowice Dolne
293806181,3815665,pt,Pozezdrze
293806489,3815669,pt,Pozarow
293806566,3815670,pt,Pozarki
293806643,3815671,pt,Powroznik
293806720,3815672,pt,Powierz
293806797,3815673,pt,Powielin
293806874,3815674,pt,Powazki
293806951,3815675,pt,Powazki
293807028,3815676,pt,Powaze
293807105,3815677,pt,Powalczyn
293807182,3815678,pt,Potyry
293807259,3815679,pt,Comuna de Potworów
293807336,3815680,pt,Comuna de Potworów
293807413,3815681,pt,Poturzynska Wolka
293807490,3815682,pt,Poturzyn
293807567,3815683,pt,Potryty
293807644,3815684,pt,Potopy
293807721,3815685,pt,Polom Maly
293807798,3815686,pt,Comuna de Potok Wielki
293807875,3815687,pt,Potok Wielki
293807952,3815688,pt,Potok Senderski
293808029,3815689,pt,Potok Rzadowy
293808106,3815690,pt,Potok Mały
293808183,3815691,pt,Potoki
293808260,3815692,pt,Potok Gorny
293808414,3815694,pt,Potoka
293808568,3815696,pt,Potok
293808722,3815698,pt,Potok
293808876,3815700,pt,Potok
293808953,3815701,pt,Potod
293809107,3815703,pt,Potoczek
293809184,3815704,pt,Potoczek
293809261,3815705,pt,Potoczek
293809338,3815706,pt,Potkanna
293809415,3815707,pt,Potásnia
293809492,3815708,pt,Potaszniki
293809569,3815709,pt,Potasznia
293809646,3815710,pt,Potasie
293809723,3815711,pt,Potakowka
293809800,3815712,pt,Poszyna
293809877,3815713,pt,Poszewka
293809954,3815714,pt,Poszeszupie
293810031,3815715,pt,Poswietne
293810108,3815716,pt,Poswietne
293810185,3815717,pt,Poswietne
293810339,3815719,pt,Poswietne
293810416,3815720,pt,Poswietne
293810493,3815721,pt,Posuchy
293810570,3815722,pt,Postruz
293810647,3815723,pt,Postronna
293810724,3815724,pt,Postolow
293810801,3815725,pt,Postawale
293810878,3815726,pt,Postawale
293811109,3815729,pt,Poskwitow
293811263,3815731,pt,Posioleque
293811340,3815732,pt,Posilow
293811417,3815733,pt,Sejny
293811494,3815734,pt,Posejny
293811571,3815735,pt,Posejnele
293811648,3815736,pt,Posejanka
293811725,3815737,pt,Poscisze
293811879,3815739,pt,Posadza
293811956,3815740,pt,Posady
293812033,3815741,pt,Posadowa
293812110,3815742,pt,Posadow
293812187,3815743,pt,Posada Zarszynska
293812264,3815744,pt,Posada Rybotycka
293812341,3815745,pt,Posada Olchowska
293812495,3815747,pt,Posada Jasliska
293812572,3815748,pt,Posada Jacmierska
293812649,3815749,pt,Posada Gorna
293812726,3815750,pt,Posada Dolna
293812880,3815752,pt,Posada
293812957,3815753,pt,Porzowo
293813034,3815754,pt,Porzewnica
293813111,3815755,pt,Porzecze
293813188,3815756,pt,Porzadzie
293813265,3815757,pt,Poryte-Jablon
293813342,3815758,pt,Porite
293813419,3815759,pt,Porosly
293813496,3815760,pt,Porosl-Wojslawy
293813573,3815761,pt,Porosiuki
293813650,3815762,pt,Poronin
293813727,3815763,pt,Poredy
293813804,3815764,pt,Poreby Wolskie
293814035,3815767,pt,Poreby Kupienskie
293814112,3815768,pt,Poreby Kamienskie
293814189,3815769,pt,Poreby Dymarskie
293814343,3815771,pt,Poreby Cyranowskie
293814420,3815772,pt,Pohreby
293814497,3815773,pt,Pohreby
293814574,3815774,pt,Pohreby
293815344,3815784,pt,Poreba Wielka
293815421,3815785,pt,Poreba Spytkowska
293815498,3815786,pt,Poreba Radlna
293815575,3815787,pt,Poreba Mala
293815729,3815789,pt,Poreba
293815883,3815791,pt,Poreba
293815960,3815792,pt,Poreba
293816114,3815794,pt,Poreba
293816191,3815795,pt,Porbady
293816268,3815796,pt,Poraz
293816345,3815797,pt,Poradow
293816422,3815798,pt,Porabki
293816499,3815799,pt,Porabka Uszewska
293816576,3815800,pt,Porabka Iwkowska
293816653,3815801,pt,Poprzeczna
293816730,3815802,pt,Popowo Saleckie
293816884,3815804,pt,Popowo Borowe
293816961,3815805,pt,Popowo
293817192,3815808,pt,Popowlany
293817269,3815809,pt,Popowice
293817346,3815810,pt,Popowice
293817423,3815811,pt,Popowice
293817500,3815812,pt,Popowice
293817577,3815813,pt,Popowa Wola
293817654,3815814,pt,Popow
293817731,3815815,pt,Poplin
293817808,3815816,pt,Poplawy
293817962,3815818,pt,Poplawy
293818039,3815819,pt,Poplawy
293818116,3815820,pt,Poplawy
293818270,3815822,pt,Poplawce
293818347,3815823,pt,Popkowice Ksieze
293818424,3815824,pt,Popkowice
293818501,3815825,pt,Popki
293818578,3815826,pt,Popioly
293818655,3815827,pt,Popiolowka
293818732,3815828,pt,Popiolki
293818809,3815829,pt,Popiolki
293818886,3815830,pt,Popielzyn Zawady
293818963,3815831,pt,Popielzyn Gorny
293819040,3815832,pt,Popielzyn Dolny
293819117,3815833,pt,Popielow
293819194,3815834,pt,Popielárnia
293819425,3815837,pt,Popielarka
293819502,3815838,pt,Popiel
293819579,3815839,pt,Poperczyn
293819656,3815840,pt,Popedzyna
293819733,3815841,pt,Popardowa
293819810,3815842,pt,Ponurzyca
293819887,3815843,pt,Ponizie
293819964,3815844,pt,Ponikwy
293820041,3815845,pt,Ponikwa
293820118,3815846,pt,Poniklica
293820195,3815847,pt,Ponikla
293820349,3815849,pt,Ponikiew Wielka
293820503,3815851,pt,Ponikiew
293820580,3815852,pt,Ponik
293820657,3815853,pt,Ponik
293820734,3815854,pt,Poniaty Wielkie
293820888,3815856,pt,Poniaty Cibory
293820965,3815857,pt,Poniaty
293821042,3815858,pt,Poniatowka
293821119,3815859,pt,Poniatowa
293821196,3815860,pt,Poniatowa
293821273,3815861,pt,Poniatow
293821350,3815862,pt,Poniat
293821427,3815863,pt,Ponary
293821504,3815864,pt,Ponarlica
293821581,3815865,pt,Pomykow
293821658,3815866,pt,Pomykow
293821735,3815867,pt,Pomykow
293821812,3815868,pt,Pomorze
293821889,3815869,pt,Pomorzany
293822043,3815871,pt,Pomorowo
293822120,3815872,pt,Pomocnia
293822197,3815873,pt,Pomiechowek
293822274,3815874,pt,Pomiário
293822351,3815875,pt,Pomiany
293822428,3815876,pt,Pomian
293822505,3815877,pt,Pomaski Wielkie
293822582,3815878,pt,Polunce
293822659,3815879,pt,Polule
293822736,3815880,pt,Polubicze Wiejskie
293822813,3815881,pt,Polubicze Dworskie
293822890,3815882,pt,Polskowola
293822967,3815883,pt,Polônia Wies
293823044,3815884,pt,Polsierakow
293823121,3815885,pt,Polrzeczki
293823352,3815888,pt,Poloski
293823506,3815890,pt,Polon
293823583,3815891,pt,Polomin
293823660,3815892,pt,Polomia
293823737,3815893,pt,Polomeja
293823814,3815894,pt,Polom Duzy
293823891,3815895,pt,Polom
293824045,3815897,pt,Polom
293824122,3815898,pt,Polna
293824199,3815899,pt,Polkow-Sagaly
293824276,3815900,pt,Pobratimia de Polkow
293824353,3815901,pt,Polkowo
293824430,3815902,pt,Polkow Dacbogi
293824507,3815903,pt,Polkoty
293824661,3815905,pt,Polki-Teklin
293824738,3815906,pt,Polkajny
293824815,3815907,pt,Polkajmy
293824969,3815909,pt,Politow
293825046,3815910,pt,Polinow
293825123,3815911,pt,Política
293825200,3815912,pt,Policzyzna
293825277,3815913,pt,Comuna de Policzna
293825354,3815914,pt,Comuna de Policzna
293825431,3815915,pt,Polichty
293825508,3815916,pt,Polichno
293825662,3815918,pt,Polichna
293825739,3815919,pt,Poletyly
293826201,3815925,pt,Polícia Duze
293826278,3815926,pt,Polesie
293826355,3815927,pt,Polesie
293826586,3815930,pt,Polekarcice
293826663,3815931,pt,Polejki
293826894,3815934,pt,Polazie
293826971,3815935,pt,Polazie
293827048,3815936,pt,Polatycze
293827125,3815937,pt,Polapin
293827279,3815939,pt,Polany
293827356,3815940,pt,Polany
293827433,3815941,pt,Polany
293827510,3815942,pt,Polany
293827587,3815943,pt,Polanowka
293827664,3815944,pt,Polanowka
293827818,3815946,pt,Polanowka
293827895,3815947,pt,Polanów
293827972,3815948,pt,Polanow
293828049,3815949,pt,Polanki
293828280,3815952,pt,Comuna de Połaniec
293828357,3815953,pt,Polanczyk
293828511,3815955,pt,Polana
293828588,3815956,pt,polaco
293828665,3815957,pt,Polagiew
293828742,3815958,pt,Pokrzywy
293828896,3815960,pt,Pokrzywnica Wielka
293828973,3815961,pt,Pokrzywnica
293829050,3815962,pt,Pokrzywnica
293829127,3815963,pt,Pokrzywnica
293829204,3815964,pt,Pokrzywnica
293829281,3815965,pt,Pokrzywianka
293829358,3815966,pt,Pokrzywianka
293829435,3815967,pt,Pokrytki
293829589,3815969,pt,Pokrowka
293829666,3815970,pt,Pokosna
293829743,3815971,pt,Pokomsze
293829820,3815972,pt,Pokoje
293829974,3815974,pt,Pokaniewo
293830128,3815976,pt,Pojawie
293830205,3815977,pt,Pojalowice
293830282,3815978,pt,Poizdow
293830359,3815979,pt,Pohulanka
293830436,3815980,pt,Pohulanka
293830667,3815983,pt,Pogwizdow
293831052,3815988,pt,Pogroszyn
293831129,3815989,pt,Pogroszew
293831206,3815990,pt,Pogreby
293831283,3815991,pt,Pogranicze
293831360,3815992,pt,Pogorzel Wielka
293831437,3815993,pt,Pogorzel Mala
293831514,3815994,pt,Pogorzelec
293831591,3815995,pt,Pogorzelec
293831668,3815996,pt,Pogorzelec
293831899,3815999,pt,Pogorzelce
293832053,3816001,pt,Pogorzel
293832207,3816003,pt,Pogorzel
293832284,3816004,pt,Pogorzel
293832361,3816005,pt,Pogorzel
293832438,3816006,pt,Pogorzany
293832515,3816007,pt,Pogorzalki
293832592,3816008,pt,Pogorzalka
293832669,3816009,pt,Pogorzale
293832823,3816011,pt,Pogorska Wola
293832900,3816012,pt,Pogonow
293832977,3816013,pt,Pogonow
293833131,3816015,pt,Poganica
293833285,3816017,pt,Podzamcze
293833362,3816018,pt,Podzamcze
293833439,3816019,pt,Podzamcze
293833593,3816021,pt,Podzaluki
293833670,3816022,pt,Podzagajnik
293833747,3816023,pt,Podwysokie Jeleniewskie
293833824,3816024,pt,Podwysokie
293833901,3816025,pt,Podwysokie
293834055,3816027,pt,Podwole
293834132,3816028,pt,Podwojponie
293834209,3816029,pt,Podwierzbie
293834286,3816030,pt,Podwierzbie
293834363,3816031,pt,Podwale
293834440,3816032,pt,Podwale
293834517,3816033,pt,Podtrzcianna
293834594,3816034,pt,Podszyn
293834748,3816036,pt,Podszkodzie
293834825,3816037,pt,Podsusze
293834979,3816039,pt,Podsuliszka
293835056,3816040,pt,Podsudki
293835133,3816041,pt,Podstolice
293835210,3816042,pt,Podstola
293835287,3816043,pt,Podstary Zamose
293835518,3816046,pt,Podskarbice Szlacheckie
293835595,3816047,pt,Podskarbice Krolewskie
293835672,3816048,pt,Podskale
293835826,3816050,pt,Podrzecze
293835903,3816051,pt,Podrzeczany
293836057,3816053,pt,Podrudzie
293836288,3816056,pt,Podpolichno
293836442,3816058,pt,Podpalecznica
293836519,3816059,pt,Podozierany
293836596,3816060,pt,Podostrowek
293836750,3816062,pt,Podosowa
293836827,3816063,pt,Podosie
293836904,3816064,pt,Podosie
293837058,3816066,pt,Podolszynka Plebanska
293837289,3816069,pt,Podolszyn
293837366,3816070,pt,Podole Nowe
293837443,3816071,pt,Podole
293837520,3816072,pt,Podole
293837597,3816073,pt,Podole
293837674,3816074,pt,Podole
293837751,3816075,pt,Podolczaki
293837828,3816076,pt,Podolany
293837982,3816078,pt,Podolany
293838059,3816079,pt,Podolany
293838136,3816080,pt,Podoblocie
293838213,3816081,pt,Podoblin
293838290,3816082,pt,Podobin
293838367,3816083,pt,Podniesno
293838444,3816084,pt,Podniebyle
293838598,3816086,pt,Podmyszadla
293838752,3816088,pt,Podmiescie
293838906,3816090,pt,Podmarszczyn
293839137,3816093,pt,Podmachocice
293839214,3816094,pt,Podmacharce
293839445,3816097,pt,Podlodowka
293839522,3816098,pt,Podlodowek
293839599,3816099,pt,Podlodow
293839676,3816100,pt,Podlipie
293839753,3816101,pt,Podleze Brzeskie
293839830,3816102,pt,Podleze
293839907,3816103,pt,Podleze
293839984,3816104,pt,Podleze
293840061,3816105,pt,Podlez
293840138,3816106,pt,Podlewkowie
293840215,3816107,pt,Podleszany
293840369,3816109,pt,Podlesne
293840446,3816110,pt,Podlesna Wola
293840523,3816111,pt,Podlesna
293840600,3816112,pt,Podlesko
293840677,3816113,pt,Podlesina
293840831,3816115,pt,Podlesie Duze
293840985,3816117,pt,Podlesie
293841062,3816118,pt,Podlesie
293841139,3816119,pt,Podlesie
293841216,3816120,pt,Podlesie
293841293,3816121,pt,Podlesie
293841601,3816125,pt,Podlesie
293841678,3816126,pt,Podlesie
293841832,3816128,pt,Podlesie
293841909,3816129,pt,Podlesie
293842063,3816131,pt,Podlesie
293842217,3816133,pt,Podlesie
293842448,3816136,pt,Podlesie
293842602,3816138,pt,Podlesie
293842679,3816139,pt,Podlesie
293842833,3816141,pt,Podlesie
293842910,3816142,pt,Podlesie
293842987,3816143,pt,Podlesie
293843064,3816144,pt,Podlesie
293843141,3816145,pt,Podlence
293843218,3816146,pt,Podlejki
293843372,3816148,pt,Podlechy
293843449,3816149,pt,Podlechy
293843526,3816150,pt,Podlázie
293843603,3816151,pt,Podlawki
293843680,3816152,pt,Podlatki Male
293843757,3816153,pt,Podlatki Duze
293843834,3816154,pt,Podlaszcze
293843911,3816155,pt,Podlasek
293843988,3816156,pt,Podlasek
293844142,3816158,pt,Podlasek
293844219,3816159,pt,Podlas
293844373,3816161,pt,Podkranow
293844450,3816162,pt,Podkowa Leśna
293844527,3816163,pt,Podkowa Leśna
293844681,3816165,pt,Podkonice Miejskie
293844758,3816166,pt,Podkonice Male
293844835,3816167,pt,Podkonice Duze
293844912,3816168,pt,Podkonce
293844989,3816169,pt,Podklasztor
293845143,3816171,pt,Podkamionka
293845220,3816172,pt,Podhorodnianka
293845297,3816173,pt,Podhorce
293845374,3816174,pt,Podhorce
293845451,3816175,pt,Podhajczyki
293845528,3816176,pt,Podhajce
293845605,3816177,pt,Podgrodzie
293845682,3816178,pt,Podgrodzie
293845759,3816179,pt,Podgorzyce
293845836,3816180,pt,Podgorzno
293845913,3816181,pt,Podgorze-Gazdy
293845990,3816182,pt,Podgorze
293846067,3816183,pt,Podgorze
293846298,3816186,pt,Podgorze
293846452,3816188,pt,Podgorze
293846606,3816190,pt,Podgorz
293846683,3816191,pt,Podgórz
293846760,3816192,pt,Podgorne
293846837,3816193,pt,Podgorki
293846914,3816194,pt,Podgora
293847068,3816196,pt,Podglebokie
293847145,3816197,pt,Podgajek
293847222,3816198,pt,Podgaje
293847299,3816199,pt,Podgaje
293847376,3816200,pt,Podewsie
293847453,3816201,pt,Podemszczyzna
293847607,3816203,pt,Podegrodzie
293847684,3816204,pt,Podedworze
293847761,3816205,pt,Pod Dworem
293847838,3816206,pt,Poddubowek
293847915,3816207,pt,Poddebowiec
293847992,3816208,pt,Poddebina
293848069,3816209,pt,Podczasza Wola
293848146,3816210,pt,Podcisowek
293848223,3816211,pt,Podciernie
293848300,3816212,pt,Podquilina
293848377,3816213,pt,Podchojny
293848454,3816214,pt,Podbuszyce
293848531,3816215,pt,Podbukowina
293848685,3816217,pt,Podborze
293848762,3816218,pt,Podborze
293848839,3816219,pt,Podborze
293848916,3816220,pt,Podborze
293848993,3816221,pt,Podborze
293849070,3816222,pt,Podborek
293849147,3816223,pt,Podborcze
293849224,3816224,pt,Podborcze
293849301,3816225,pt,Podbor
293849532,3816228,pt,Podbielko
293849609,3816229,pt,Podbiele
293849686,3816230,pt,Podbiel
293849763,3816231,pt,Podberwy
293849840,3816232,pt,Podbale
293849917,3816233,pt,Podawce
293849994,3816234,pt,Poczesle
293850071,3816235,pt,Poczernia
293850148,3816236,pt,Poczekajka
293850225,3816237,pt,Pockuny
293850379,3816239,pt,Pociecha
293850533,3816241,pt,Pochodaje
293850610,3816242,pt,Pobylkowo Male
293850687,3816243,pt,Pobylkowo Duze
293850764,3816244,pt,Poborowo
293850918,3816246,pt,Pobondzie
293850995,3816247,pt,Pobolowice
293851072,3816248,pt,Pobledzie
293851226,3816250,pt,Pobikry
293851303,3816251,pt,Pobiedno
293851380,3816252,pt,Pobiednik Wielki
293851457,3816253,pt,Pobiedna
293851688,3816256,pt,Pniowno
293851765,3816257,pt,Pniowek
293851842,3816258,pt,Pniewy
293851919,3816259,pt,Pniewy
293851996,3816260,pt,Pniewo Wielkie
293852073,3816261,pt,Pniewo-Czeruchy
293852150,3816262,pt,Pniewo
293852227,3816263,pt,Pniewo
293852304,3816264,pt,Pniewo
293852381,3816265,pt,Pniewnik
293852458,3816266,pt,Pniewiski
293852535,3816267,pt,Pnie
293852612,3816268,pt,Plycwia
293852689,3816269,pt,Plutycze
293852766,3816270,pt,Pluty
293852843,3816271,pt,Pluty
293852997,3816273,pt,Pluty
293853074,3816274,pt,Plutki
293853151,3816275,pt,Pluszkiejmy
293853228,3816276,pt,Plusy
293853382,3816278,pt,Plusy
293853459,3816279,pt,Pluski
293853536,3816280,pt,Stare Pludy
293853613,3816281,pt,Pludy
293853690,3816282,pt,Pludy
293853767,3816283,pt,Pludnica
293853844,3816284,pt,Plucki
293853921,3816285,pt,Plozy
293853998,3816286,pt,Plowizna
293854075,3816287,pt,Plowce
293854152,3816288,pt,Ploszyce
293854229,3816289,pt,Plosnica
293854306,3816290,pt,Plosnia
293854383,3816291,pt,Ploskow
293854460,3816292,pt,Ploskie
293854537,3816293,pt,Ploski
293854845,3816297,pt,Płońsk
293854922,3816298,pt,Płońsk
293854999,3816299,pt,Plonowo
293855076,3816300,pt,Plonna
293855153,3816301,pt,Plonki
293855230,3816302,pt,Plonka
293855384,3816304,pt,Ploniawy-Bramura
293855461,3816305,pt,Plomieniec
293855538,3816306,pt,Plocochowo
293855615,3816307,pt,Plociczno
293855692,3816308,pt,Plociczno
293855769,3816309,pt,Plochowo
293855846,3816310,pt,Plochocin
293855923,3816311,pt,Plizin
293856000,3816312,pt,Pliszki
293856077,3816313,pt,Pliszczyn
293856154,3816314,pt,Pliskowola
293856231,3816315,pt,Pliskow
293856308,3816316,pt,Plichta
293856385,3816317,pt,Plewki
293856462,3816318,pt,Plewki
293856616,3816320,pt,Plewki
293856693,3816321,pt,Plewica
293856770,3816322,pt,Pleszow
293856847,3816323,pt,Plesy
293856924,3816324,pt,Plesno
293857001,3816325,pt,Plesna
293857078,3816326,pt,Plenna
293857232,3816328,pt,Plechow
293857309,3816329,pt,Plecewice
293857386,3816330,pt,Plec
293857463,3816331,pt,Plebanoszczyzna
293857540,3816332,pt,Plebanowo
293857617,3816333,pt,Plebanowce
293857694,3816334,pt,Plebanowce
293857771,3816335,pt,Plebanka
293857848,3816336,pt,Plebania Wola
293857925,3816337,pt,Plazowka
293858002,3816338,pt,Plazow
293858079,3816339,pt,Plawowice
293858156,3816340,pt,Plawo
293858233,3816341,pt,Plawo
293858310,3816342,pt,Plawna
293858387,3816343,pt,Plawanice
293858464,3816344,pt,Platyny
293858618,3816346,pt,Platkownica
293858695,3816347,pt,Platkow
293858772,3816348,pt,Plaskowice
293858849,3816349,pt,Plaskow
293858926,3816350,pt,Plaskocin
293859003,3816351,pt,Plaska
293859080,3816352,pt,Planty
293859157,3816353,pt,Planteczka
293859234,3816354,pt,planta
293859311,3816355,pt,planta
293859465,3816357,pt,Placzkowice
293859542,3816358,pt,Placzkow
293859773,3816361,pt,Placiszewo
293859850,3816362,pt,Placiszewko
293859927,3816363,pt,Plachty
293860081,3816365,pt,Piwowary
293860158,3816366,pt,Piwonin
293860235,3816367,pt,Piwniczna-Zdrój
293860312,3816368,pt,Piwniczna-Zdrój
293860389,3816369,pt,Piwnice Wielkie
293860466,3816370,pt,Piwki
293860543,3816371,pt,Pityny
293860620,3816372,pt,Piszewo
293860774,3816374,pt,Piszczaty-Piotrowieta
293860851,3816375,pt,Piszczaty-Konczany
293860928,3816376,pt,Piszczatka
293861005,3816377,pt,Piszczac
293861082,3816378,pt,Pisz
293861159,3816379,pt,Piskrzyn
293861313,3816381,pt,Piskorzeniec
293861390,3816382,pt,Piskorzec
293861467,3816383,pt,Piskorowice
293861544,3816384,pt,Piskorow
293861621,3816385,pt,Piskornica
293861698,3816386,pt,Piskornia
293861775,3816387,pt,Pisklaki
293861852,3816388,pt,Piski
293861929,3816389,pt,Pisarzowa
293862006,3816390,pt,Hisarkoey
293862083,3816391,pt,Pisarowce
293862160,3816392,pt,Pisanki
293862237,3816393,pt,Pisanica
293862314,3816394,pt,Pirog
293862468,3816396,pt,Piotrowszczyzna
293862545,3816397,pt,Piotrowo-Trojany
293862622,3816398,pt,Piotrowo-Krzywokoly
293862699,3816399,pt,Piotrowo
293862776,3816400,pt,Piotrowka
293862853,3816401,pt,Piotrowka
293862930,3816402,pt,Piotrowin
293863007,3816403,pt,Piotrowiec
293863084,3816404,pt,Piotrowiec
293863161,3816405,pt,Piotrowice
293863315,3816407,pt,Piotrowice
293863392,3816408,pt,Piotrowice
293863469,3816409,pt,Piotrowice
293863546,3816410,pt,Piotrowice
293863623,3816411,pt,Piotrowice
293863854,3816414,pt,Piotrowek
293863931,3816415,pt,Piotrowa Dabrowa
293864008,3816416,pt,Piotrow
293864085,3816417,pt,Piotrow
293864162,3816418,pt,Piotrow
293864239,3816419,pt,Piotrkowo
293864316,3816420,pt,Piotrkowice Wielkie
293864393,3816421,pt,Piotrkowice Male
293864470,3816422,pt,Piotrkowice
293864624,3816424,pt,Piotrkowice
293864701,3816425,pt,Piotrkowice
293864778,3816426,pt,Piotrkowice
293864855,3816427,pt,Piotrkowice
293864932,3816428,pt,Piotrkowek Duzy
293865009,3816429,pt,Piotrkowek
293865163,3816431,pt,Piotrawin
293865240,3816432,pt,Piotraszewo
293865317,3816433,pt,Piory Wielkie
293865394,3816434,pt,Piory-Pytki
293865471,3816435,pt,Piorunow
293865548,3816436,pt,Piorunka
293865625,3816437,pt,Pionki
293865702,3816438,pt,Pionki
293865779,3816439,pt,Comuna de Pińczów
293865856,3816440,pt,Pińczów
293866010,3816442,pt,Pilzno
293866087,3816443,pt,Pilwa
293866164,3816444,pt,Pilipki
293866241,3816445,pt,Piliki
293866318,3816446,pt,Piliki
293866395,3816447,pt,Pilicowo Romanowo
293866472,3816448,pt,Pilichowko
293866549,3816449,pt,Pilichowice
293866626,3816450,pt,Pilica
293866703,3816451,pt,Pilec
293866780,3816452,pt,Pilczyca
293866934,3816454,pt,Pilchy
293867011,3816455,pt,Comuna de Pilawa
293867088,3816456,pt,Pilawa
293867165,3816457,pt,Pilawa
293867242,3816458,pt,Pilatka
293867319,3816459,pt,Pilatka
293867396,3816460,pt,Pilaszkowice
293867473,3816461,pt,Pilaszkow
293867550,3816462,pt,Pilaki Wielkie
293867627,3816463,pt,Pila
293867704,3816464,pt,Pila
293867935,3816467,pt,Pikuly
293868012,3816468,pt,Pikulice
293868089,3816469,pt,Pikule
293868243,3816471,pt,Pijawnia
293868320,3816472,pt,Pijawne Ruskie
293868397,3816473,pt,Pijawne Polskie
293868474,3816474,pt,Pigany
293868551,3816475,pt,Piedade
293868628,3816476,pt,Pietrzykowo
293868705,3816477,pt,Pietrzyki
293868782,3816478,pt,Pietrzejowice
293868859,3816479,pt,Pietrzejowa
293868936,3816480,pt,Pietrzakowizna
293869013,3816481,pt,Pietrusza Wola
293869090,3816482,pt,Pietrusy
293869244,3816484,pt,Pietrele
293869321,3816485,pt,Pietraszki
293869398,3816486,pt,Pietraszki
293869475,3816487,pt,Pietrasze
293869629,3816489,pt,Pietkowo
293869706,3816490,pt,Pietki-Zebry
293869783,3816491,pt,Pietki-Szeligi
293869860,3816492,pt,Pietki-Grezki
293869937,3816493,pt,Pietki-Basie
293870014,3816494,pt,Pietki
293870091,3816495,pt,Pietki
293870168,3816496,pt,Pieszowola
293870245,3816497,pt,Pieszkowo
293870322,3816498,pt,Pieszczaniki
293870399,3816499,pt,Piestrzec
293870476,3816500,pt,Piescirogi Nowe
293870553,3816501,pt,Piescirogi Nowe
293870630,3816502,pt,Piescidla
293870784,3816504,pt,Pierzchow
293870861,3816505,pt,Pierzchnica
293870938,3816506,pt,Pierzchnianka
293871015,3816507,pt,Pierzchnia
293871169,3816509,pt,Pierzchaly
293871246,3816510,pt,Pierwagi
293871323,3816511,pt,Piertanie
293871400,3816512,pt,Pierszyce
293871477,3816513,pt,Pierslawek
293871554,3816514,pt,Pierscien
293871631,3816515,pt,Pierozki
293871708,3816516,pt,Pierog
293871785,3816517,pt,Pierocice
293871862,3816518,pt,Piernoczki
293871939,3816519,pt,Pierlawki
293872016,3816520,pt,Pierkunowo
293872093,3816521,pt,Pienkow
293872170,3816522,pt,Pienki Zarebskie
293872247,3816523,pt,Pienki-Zaki
293872324,3816524,pt,Pienki Wielkie
293872401,3816525,pt,Pienki-Sobotki
293872478,3816526,pt,Pienki Slubickie
293872555,3816527,pt,Pienki Psuckie
293872632,3816528,pt,Pienki Kazanowskie
293872709,3816529,pt,Pienki-Grodzisko
293872786,3816530,pt,Pienki Borowe
293872863,3816531,pt,Pienki
293872940,3816532,pt,Pienki
293873017,3816533,pt,Pienki
293873171,3816535,pt,Pieniężno
293873248,3816536,pt,Pieniężno
293873325,3816537,pt,Pienice
293873402,3816538,pt,Pieniazki
293873479,3816539,pt,Pieniany
293873556,3816540,pt,Pienczykowo
293873633,3816541,pt,Pienczykowek
293873710,3816542,pt,Pielnia
293873787,3816543,pt,Pielnia
293873864,3816544,pt,Pielgrzymowo
293873941,3816545,pt,Pielgrzymowice
293874018,3816546,pt,Pielgrzymka
293874095,3816547,pt,Pielgrzymka
293874172,3816548,pt,Piele
293874249,3816549,pt,Pielaszow
293874326,3816550,pt,Pielaki
293874403,3816551,pt,Nowe Piekuty
293874480,3816552,pt,Piekutowo
293874557,3816553,pt,Piekut
293874634,3816554,pt,Piekoszów
293874711,3816555,pt,Pieklo
293874788,3816556,pt,Piekielko
293874865,3816557,pt,Piekielko
293874942,3816558,pt,Piekary
293875019,3816559,pt,Piekary
293875096,3816560,pt,Piekary
293875173,3816561,pt,Pieglowo
293875404,3816564,pt,Pieczyski
293875481,3816565,pt,Pieczyska Lowickie
293875558,3816566,pt,Pieczyska Ilowskie
293875635,3816567,pt,Pieczyska
293875866,3816570,pt,Pieczyska
293875943,3816571,pt,Pieczurki
293876020,3816572,pt,Pieczonogi
293876097,3816573,pt,Pieczonogi
293876174,3816574,pt,Pieczonki
293876251,3816575,pt,Pieczologi
293876328,3816576,pt,Pieczewo
293876482,3816578,pt,Pieczarki
293876559,3816579,pt,Piecuchy
293876636,3816580,pt,Pieckowo
293876713,3816581,pt,Comuna de Piecki
293876790,3816582,pt,Comuna de Piecki
293876867,3816583,pt,Piechy
293876944,3816584,pt,Piechoty
293877021,3816585,pt,Piece
293877098,3816586,pt,Piatnica
293877175,3816587,pt,Piatnica
293877252,3816588,pt,Piatkowizna
293877329,3816589,pt,Piatkowiec
293877406,3816590,pt,Piatkowa
293877483,3816591,pt,Piatkowa
293877637,3816593,pt,Piatkow
293877714,3816594,pt,Piatki
293877791,3816595,pt,Piatak
293878022,3816598,pt,Piasutno-Labmanki
293878099,3816599,pt,Piasutno Gietki
293878176,3816600,pt,Piasutno
293878253,3816601,pt,Piastów
293878330,3816602,pt,Piastów
293878407,3816603,pt,Piastów
293878484,3816604,pt,Piastow
293878638,3816606,pt,Piaskow
293878715,3816607,pt,Piaski Uhruskie
293878792,3816608,pt,Piaski Szlacheckie
293878946,3816610,pt,Piaski
293879023,3816611,pt,Piaski
293879100,3816612,pt,Piaski Krolewskie
293879177,3816613,pt,Piaski Duchowne
293879254,3816614,pt,Piaski-Druzkow
293879331,3816615,pt,Piaski
293879408,3816616,pt,Piaski
293879485,3816617,pt,Piaski
293879716,3816620,pt,Piaski
293879793,3816621,pt,Piaski
293879947,3816623,pt,Piaski
293880101,3816625,pt,Piaski
293880178,3816626,pt,Piaski
293880948,3816636,pt,Piasek Wielki
293881025,3816637,pt,Piasek Maly
293881102,3816638,pt,Piasek
293881256,3816640,pt,Piaski
293881410,3816642,pt,Piaseczno
293881487,3816643,pt,Piaseczno
293881564,3816644,pt,Piaseczno
293881641,3816645,pt,Piaseczno
293881718,3816646,pt,Piaseczno
293881949,3816649,pt,Piasecznia
293882026,3816650,pt,pianowo
293882103,3816651,pt,Pijanow
293882180,3816652,pt,Pianki
293882257,3816653,pt,Pianki
293882334,3816654,pt,Peza
293882411,3816655,pt,Petrynow
293882488,3816656,pt,Petrylow
293882565,3816657,pt,Petrykozy
293882642,3816658,pt,Petrykozy
293882719,3816659,pt,Petna
293882873,3816661,pt,Petkowo Wielkie
293882950,3816662,pt,Petkowice
293883027,3816663,pt,Pesy-Lipno
293883181,3816665,pt,Pesy
293883258,3816666,pt,Perzanowo
293883335,3816667,pt,Perzanki Borek
293883412,3816668,pt,Perly
293883489,3816669,pt,Perlejewo
293883566,3816670,pt,Perlaki
293883643,3816671,pt,Perla
293883720,3816672,pt,Perkujki
293883797,3816673,pt,Perkowice
293883874,3816674,pt,Perki-Wypychy
293883951,3816675,pt,Perki-Mazowsze
293884028,3816676,pt,Perki-Lachy
293884105,3816677,pt,Perki-Franki
293884182,3816678,pt,Perki
293884259,3816679,pt,Pereszczowka
293884336,3816680,pt,Perespa
293884413,3816681,pt,Peresolowice
293884490,3816682,pt,Pereloty
293884567,3816683,pt,Peplowo
293884644,3816684,pt,Peplowek
293884721,3816685,pt,Pepice
293884798,3816686,pt,Penskie
293884875,3816687,pt,Pelty
293884952,3816688,pt,Pelty
293885029,3816689,pt,Pelnik
293885106,3816690,pt,Pelnatycze
293885183,3816691,pt,Pelkinie
293885260,3816692,pt,Pelele
293885337,3816693,pt,Pelczyska
293885414,3816694,pt,Pelczyn
293885491,3816695,pt,Pelczyce
293885568,3816696,pt,Pelczanka
293885645,3816697,pt,Pelch
293885799,3816699,pt,Pekowo
293885876,3816700,pt,Pekoszew
293885953,3816701,pt,Pekoslaw
293886030,3816702,pt,Pekawka
293886107,3816703,pt,Peglity
293886184,3816704,pt,Peczyna Nowa
293886261,3816705,pt,Peczyna
293886338,3816706,pt,Peczelice
293886492,3816708,pt,Peclin
293886569,3816709,pt,Peclawice
293886646,3816710,pt,Peclaw
293886723,3816711,pt,Pecice
293886877,3816713,pt,Pechow
293886954,3816714,pt,Pechery
293887031,3816715,pt,Pechcin
293887108,3816716,pt,Pcin
293887185,3816717,pt,Pawly
293887262,3816718,pt,Pawly
293887339,3816719,pt,Pawlow Stary
293887416,3816720,pt,Pawlow Stary
293887493,3816721,pt,Pawlowo Nowe
293887570,3816722,pt,Pawlowo Koscielne
293887647,3816723,pt,Pawlowo
293887724,3816724,pt,Pawlowo
293887801,3816725,pt,Pawlowo
293887878,3816726,pt,Pawlowo
293888032,3816728,pt,Pawlow agora
293888109,3816729,pt,Pawlowko
293888186,3816730,pt,Pawlowko
293888263,3816731,pt,Pawlowka
293888340,3816732,pt,Pawlowka
293888417,3816733,pt,Pawlowka
293888571,3816735,pt,Pawlowicze
293888648,3816736,pt,Pawlowice
293888802,3816738,pt,Pawlowice
293888879,3816739,pt,Pawlowice
293888956,3816740,pt,Pawlowice
293889110,3816742,pt,Pawlowice
293889187,3816743,pt,Pawlowice
293889264,3816744,pt,Pawlowek
293889341,3816745,pt,Pawlowek
293889418,3816746,pt,Pawlowa
293889495,3816747,pt,Pawlow
293889572,3816748,pt,Pawlow
293889649,3816749,pt,Comuna de Pawłów
293889726,3816750,pt,Comuna de Pawłów
293889803,3816751,pt,Pawlow
293889880,3816752,pt,Pawlow
293889957,3816753,pt,Pawlosiow
293890111,3816755,pt,Pawlokoma
293890188,3816756,pt,Pawlocin
293890265,3816757,pt,Pawlinowo
293890342,3816758,pt,Pawlikowice
293890419,3816759,pt,Pawliki
293890573,3816761,pt,Pawliczka
293890727,3816763,pt,Pawezow
293890804,3816764,pt,Pawelki
293890881,3816765,pt,Pawelki
293890958,3816766,pt,Pawelki
293891035,3816767,pt,Paulinow
293891112,3816768,pt,Paulinow
293891189,3816769,pt,Patrykozy
293891266,3816770,pt,Patryki
293891343,3816771,pt,Patoki
293891420,3816772,pt,Patoki
293891497,3816773,pt,Patok
293891574,3816774,pt,Patkow
293891728,3816776,pt,Paszyn
293891805,3816777,pt,Pasztowa Wola
293891882,3816778,pt,Paszowa
293891959,3816779,pt,Paszkowszczyzna
293892036,3816780,pt,Paszkowice
293892113,3816781,pt,Paszki Male
293892190,3816782,pt,Paszki Duze
293892267,3816783,pt,Paszenki
293892344,3816784,pt,Paszczyna
293892421,3816785,pt,Vasylenky
293892498,3816786,pt,Pasym
293892575,3816787,pt,Pasym
293892652,3816788,pt,Pastwiska
293892883,3816791,pt,Pasturka
293892960,3816792,pt,Pasterzewo
293893037,3816793,pt,Pasternik
293893114,3816794,pt,Pasternik
293893191,3816795,pt,Pasmiechy
293893268,3816796,pt,Paskudy
293893422,3816798,pt,Pasierbiec
293893499,3816799,pt,Pasieki
293893576,3816800,pt,Pasieki
293893653,3816801,pt,Pasieki
293893730,3816802,pt,Pasieki
293893884,3816804,pt,Pasieka Walowska
293893961,3816805,pt,Pasieka Otfinowska
293894115,3816807,pt,Pasieka
293894269,3816809,pt,Pasieczniki Wielkie
293894423,3816811,pt,Pasichy
293894577,3816813,pt,Parzniew
293894654,3816814,pt,Parznice
293894731,3816815,pt,Parysow
293894808,3816816,pt,Parys
293894885,3816817,pt,Parypse
293894962,3816818,pt,Patar
293895039,3816819,pt,Parwolki
293895116,3816820,pt,Paruchy
293895193,3816821,pt,Partynia
293895424,3816824,pt,Parszow
293895501,3816825,pt,Parowki
293895578,3816826,pt,Parosla
293895655,3816827,pt,Parole
293895732,3816828,pt,Parma
293895809,3816829,pt,Parlin
293895886,3816830,pt,Parkoszowice
293895963,3816831,pt,Parkosz
293896040,3816832,pt,Parkoczewo
293896117,3816833,pt,Parezki
293896194,3816834,pt,Pardolow
293896271,3816835,pt,Parczowek
293896348,3816836,pt,Parczowce
293896425,3816837,pt,Parczew
293896502,3816838,pt,Parczew
293896579,3816839,pt,Parcz
293896656,3816840,pt,Parciaki
293896810,3816842,pt,Parchocin
293896887,3816843,pt,Parchatka
293896964,3816844,pt,Parcela Wilczoruda
293897041,3816845,pt,Pacote Wilczoruda
293897349,3816849,pt,Parcele Gumino
293897580,3816852,pt,Pacote Bromierzyk
293897734,3816854,pt,Parafianka
293897811,3816855,pt,Paradyz
293897888,3816856,pt,Paprotno
293897965,3816857,pt,Paprotnia
293898042,3816858,pt,Paprotnia
293898119,3816859,pt,Paprotnia
293898196,3816860,pt,Paprotnia
293898273,3816861,pt,Paprotnia
293898350,3816862,pt,Paprotki
293898427,3816863,pt,Paproc Mala
293898504,3816864,pt,Paprocina
293898581,3816865,pt,Paprocice
293898658,3816866,pt,Paproc Duza
293898735,3816867,pt,Paplinek
293898812,3816868,pt,Paplin
293898889,3816869,pt,Paplin
293898966,3816870,pt,Papierny Borek
293899043,3816871,pt,Papiernia
293899120,3816872,pt,Papiernia
293899197,3816873,pt,Papiernia
293899274,3816874,pt,Pantalowice
293899351,3816875,pt,Panska Wola
293899428,3816876,pt,Pankow
293899582,3816878,pt,Panki
293899659,3816879,pt,Panistruga
293899813,3816881,pt,Pancerzyn
293899967,3816883,pt,Pamry
293900044,3816884,pt,Pamietna
293900198,3816886,pt,Pamiecice
293900275,3816887,pt,Paluzy
293900352,3816888,pt,Paluszyce
293900429,3816889,pt,Paluki
293900506,3816890,pt,Paluchy
293900660,3816892,pt,Palmiry
293900737,3816893,pt,Palmiry
293900814,3816894,pt,Palki
293900891,3816895,pt,Palikowka
293900968,3816896,pt,Palikije
293901122,3816898,pt,Palesnica
293901430,3816902,pt,Palecznica
293901507,3816903,pt,Palecznica
293901584,3816904,pt,Palczew
293901661,3816905,pt,Palapo
293901738,3816906,pt,Pakuly
293901815,3816907,pt,Pakoszowka
293901892,3816908,pt,Pakosze
293901969,3816909,pt,Pakoslaw
293902046,3816910,pt,Pajtuny
293902123,3816911,pt,Pajtuny
293902200,3816912,pt,Pajewo
293902277,3816913,pt,Pajakow
293902354,3816914,pt,Pagowiec
293902431,3816915,pt,Pagowiec
293902508,3816916,pt,Pagorzyna
293902662,3816918,pt,Padew Narodowa
293902739,3816919,pt,Paderewek
293902816,3816920,pt,Padarz
293902893,3816921,pt,Paczuszki
293903047,3816923,pt,Paczkowo
293903201,3816925,pt,Pacoltowko
293903278,3816926,pt,Pacoltowko
293903432,3816928,pt,Pachuczyn
293903509,3816929,pt,Pachole
293903586,3816930,pt,Pachnowola
293903663,3816931,pt,Pacew
293903740,3816932,pt,Pace
293903817,3816933,pt,Pacanowka
293903894,3816934,pt,Pacanów
293903971,3816935,pt,Pabierowice
293904048,3816936,pt,Ozumiech
293904125,3816937,pt,Ozorow
293904202,3816938,pt,Ozierskie
293904356,3816940,pt,Ozierany Male
293904433,3816941,pt,Oziemkowka
293904510,3816942,pt,Ozieblow
293904587,3816943,pt,Oziably
293904664,3816944,pt,Ozenna
293904741,3816945,pt,Ozenna
293904818,3816946,pt,Ozary
293904972,3816948,pt,Ożarów Mazowiecki
293905049,3816949,pt,Ożarów
293905126,3816950,pt,Ożarów
293905203,3816951,pt,Ozarki-Olszanka
293905280,3816952,pt,Ozansk
293905357,3816953,pt,Ownia
293905434,3816954,pt,Owieczki
293905511,3816955,pt,Owieczka
293905588,3816956,pt,Owczary
293905742,3816958,pt,Owczarnia
293905819,3816959,pt,Owczarnia
293905973,3816961,pt,Owadow
293906050,3816962,pt,Otwock Wielki
293906127,3816963,pt,Otwock
293906204,3816964,pt,Otwock
293906281,3816965,pt,Otry
293906358,3816966,pt,Otrocz
293906435,3816967,pt,Otrebusy
293906512,3816968,pt,Otrebusy
293906666,3816970,pt,Otoka Grabinska
293906743,3816971,pt,Otok
293906820,3816972,pt,Otocznia Nowa
293906897,3816973,pt,Otocznia Nowa
293906974,3816974,pt,Otfinow
293907051,3816975,pt,Otalez
293907128,3816976,pt,Praia de Otaki
293907205,3816977,pt,Otalaz
293907282,3816978,pt,Oszkinie
293907436,3816980,pt,Oszczywilk
293907513,3816981,pt,Oszczow
293907590,3816982,pt,Oszczerze
293907667,3816983,pt,Oszczepalina
293907744,3816984,pt,Osuchy
293907898,3816986,pt,Osuchowo Nowe
293907975,3816987,pt,Osuchow
293908052,3816988,pt,Osuchow
293908129,3816989,pt,Osuchow
293908206,3816990,pt,Ostrzeniewo
293908360,3816992,pt,Ostrzykowizna
293908437,3816993,pt,Ostrzyca
293908591,3816995,pt,Ostrynka
293908668,3816996,pt,Ostrykol
293908822,3816998,pt,Ostry Kamien
293908976,3817000,pt,Ostrusza
293909053,3817001,pt,Ostrozne
293909284,3817004,pt,Ostrozany
293909361,3817005,pt,Ostrozanka
293909438,3817006,pt,Ostrowy Tuszowskie
293909592,3817008,pt,Ostrowy Baranowskie
293909823,3817011,pt,Ostrowy
293909900,3817012,pt,Ostrow Szlachecki
293909977,3817013,pt,Ostrowsko
293910054,3817014,pt,Ostrow Poludniowy
293910131,3817015,pt,Ostrow Polnocny
293910285,3817017,pt,Ostrowie
293910439,3817019,pt,Ostrów Mazowiecka
293910516,3817020,pt,Ostrów Mazowiecka
293910593,3817021,pt,Ostrów Lubelski
293910670,3817022,pt,Ostrow Krupski
293910747,3817023,pt,Ostrow Krolewski
293910824,3817024,pt,Ostrówki
293910901,3817025,pt,Ostrówki
293911055,3817027,pt,Ostrow Kania
293911132,3817028,pt,Ostrowka
293911209,3817029,pt,Ostrowite
293911286,3817030,pt,Ostrowin
293911363,3817031,pt,Ostrowiec Świętokrzyski
293911440,3817032,pt,Ostrowiec Swietokrzyski
293911517,3817033,pt,Ostrowiec
293911594,3817034,pt,Ostrowiec
293911748,3817036,pt,Ostrowek
293911825,3817037,pt,Ostrowek
293911902,3817038,pt,Ostrowek
293911979,3817039,pt,Ostrowek
293912056,3817040,pt,Przylubie
293912133,3817041,pt,Ostrowek
293912210,3817042,pt,Ostrowek
293912287,3817043,pt,Ostrowek
293912364,3817044,pt,Ostrowek
293912441,3817045,pt,Ostrowek
293912518,3817046,pt,Ostrowek Podyski
293912595,3817047,pt,Ostrowek
293912672,3817048,pt,Ostrowce
293912749,3817049,pt,Ostrowce
293912826,3817050,pt,Ostrow
293912980,3817052,pt,Ostrow
293913134,3817054,pt,Ostrow
293913211,3817055,pt,Ostrow
293913365,3817057,pt,Ostrow
293913442,3817058,pt,Ostrow
293913596,3817060,pt,Ostrow
293913673,3817061,pt,Ostrow
293914135,3817067,pt,Ostrow
293914212,3817068,pt,Ostrow
293914289,3817069,pt,Ostrow
293914366,3817070,pt,Ostrow
293914443,3817071,pt,Ostrow
293914520,3817072,pt,Ostrow
293914597,3817073,pt,Ostrołęka
293914674,3817074,pt,Ostrołęka
293914751,3817075,pt,Ostroleka
293914905,3817077,pt,Ostroleka
293914982,3817078,pt,Ostrezna
293915059,3817079,pt,Ostre Bardo
293915136,3817080,pt,Ostra Gora
293915213,3817081,pt,Ostojow
293915290,3817082,pt,Ostoja
293915367,3817083,pt,Ostaszewo-Panki
293915444,3817084,pt,Ostalow
293915521,3817085,pt,Ossowno
293915598,3817086,pt,Osowno
293915675,3817087,pt,Ossowice
293915829,3817089,pt,Ossowa
293915906,3817090,pt,Ossowa
293916060,3817092,pt,Ossow
293916137,3817093,pt,Ossolin
293916214,3817094,pt,Ossolin
293916291,3817095,pt,Ossala
293916368,3817096,pt,Ossa
293916445,3817097,pt,Ossa
293916522,3817098,pt,Ossa
293916599,3817099,pt,Osowy Grad
293916676,3817100,pt,Osowo
293916753,3817101,pt,Osowka
293916830,3817102,pt,Osowka
293916984,3817104,pt,Osowka
293917138,3817106,pt,Osowka
293917292,3817108,pt,Osowiec Szlachecki
293917369,3817109,pt,Osowiec Kmiecy
293917446,3817110,pt,Osowiec
293917677,3817113,pt,Osowiec
293917754,3817114,pt,Osowiec
293917831,3817115,pt,Osowie
293917908,3817116,pt,Osowek
293917985,3817117,pt,Osowce
293918139,3817119,pt,Osowa
293918370,3817122,pt,Osowa
293918447,3817123,pt,Osow
293918524,3817124,pt,Osobnica
293918601,3817125,pt,Osobne
293918755,3817127,pt,Osnowka
293918832,3817128,pt,Osnica
293918909,3817129,pt,Osmolice
293918986,3817130,pt,Osmola
293919063,3817131,pt,Oslowo
293919140,3817132,pt,Oslawica
293919294,3817134,pt,Osipy-Kolonia
293919371,3817135,pt,Osiny-Majorat
293919448,3817136,pt,Osiny Gorne
293919525,3817137,pt,Osiny Dolne
293919679,3817139,pt,Osiny
293919756,3817140,pt,Osiny
293919833,3817141,pt,Osiny
293920064,3817144,pt,Osiny
293920449,3817149,pt,Osiny
293920526,3817150,pt,Osinska Buda
293920603,3817151,pt,Osinki
293920680,3817152,pt,Osinki
293920757,3817153,pt,Osinki
293920834,3817154,pt,Osiniak-Piotrowo
293920911,3817155,pt,Osiki
293920988,3817156,pt,Osiemborow
293921065,3817157,pt,Osiekowo
293921142,3817158,pt,Osiek Jasielski
293921219,3817159,pt,Osiek
293921296,3817160,pt,Comuna de Osiek
293921373,3817161,pt,Osiek
293921527,3817163,pt,Osieczany
293921604,3817164,pt,Osieck
293921681,3817165,pt,Osiczyna
293921835,3817167,pt,Osetno
293921912,3817168,pt,Oseredek
293922066,3817170,pt,Oserdow
293922220,3817172,pt,Oseczyzna
293922297,3817173,pt,Oscislowo
293922528,3817176,pt,Orzysz
293922605,3817177,pt,Orynyn
293922682,3817178,pt,Orzyc
293922759,3817179,pt,Orzeszyn
293922836,3817180,pt,Orzeszkowo
293922913,3817181,pt,Orzeszowka
293922990,3817182,pt,Orzeszki
293923067,3817183,pt,Orzelek
293923221,3817185,pt,Orzelec Maly
293923298,3817186,pt,Orzelec Duzy
293923375,3817187,pt,Orzel
293923606,3817190,pt,Orzechowo
293923683,3817191,pt,Orzechowo
293923914,3817194,pt,Orzechów Nowy
293923991,3817195,pt,Orzechowko
293924068,3817196,pt,Orzechowka
293924145,3817197,pt,Orzechowka
293924222,3817198,pt,Orzechowicze
293924299,3817199,pt,Orzechowce
293924376,3817200,pt,Orzechów
293924453,3817201,pt,Orzechów
293924530,3817202,pt,Oryszew Nowy
293924761,3817205,pt,Ortel
293924838,3817206,pt,Orszymowo
293924915,3817207,pt,Orsy
293924992,3817208,pt,Oronsko
293925069,3817209,pt,Orneta
293925146,3817210,pt,Orneta
293925223,3817211,pt,Ornatowice
293925300,3817212,pt,Orly
293925377,3817213,pt,Orlowo
293925762,3817218,pt,Orlow Murowany
293925839,3817219,pt,Orlowko
293925916,3817220,pt,Orlowiny
293925993,3817221,pt,Orlowicze
293926070,3817222,pt,Orlow Drewniany
293926147,3817223,pt,Orlow
293926224,3817224,pt,Orlow
293926301,3817225,pt,Orlow
293926378,3817226,pt,Orlo
293926609,3817229,pt,Orlinek
293926686,3817230,pt,Orlikowo
293926840,3817232,pt,Comuna de Orla
293926917,3817233,pt,Comuna de Orla
293927071,3817235,pt,Orelec
293927148,3817236,pt,Orchowiec
293927225,3817237,pt,Oracze
293927302,3817238,pt,Opypy
293927379,3817239,pt,Opozdzew
293927610,3817242,pt,Comuna de Opole Lubelskie
293927687,3817243,pt,Opole
293927764,3817244,pt,Opoka Duza
293927841,3817245,pt,Opoka
293927918,3817246,pt,Opoczno
293927995,3817247,pt,Opoczka Mala
293928072,3817248,pt,Opinogora Gorna
293928226,3817250,pt,Opin
293928380,3817252,pt,Comuna de Opatowiec
293928457,3817253,pt,Comuna de Opatowiec
293928534,3817254,pt,Opatów
293928611,3817255,pt,Opatkowiczki
293928688,3817256,pt,Opatkowice Pojalowskie
293928765,3817257,pt,Opatkowice Murowane
293928842,3817258,pt,Opatkowice Drewniane
293928919,3817259,pt,Opatkowice
293928996,3817260,pt,Opatkowice
293929227,3817263,pt,Oparowka
293929304,3817264,pt,Opaleniska
293929381,3817265,pt,Opaleniec
293929535,3817267,pt,Opaka Duza
293929612,3817268,pt,Opaka
293929689,3817269,pt,Opacz
293929766,3817270,pt,Opacz
293929843,3817271,pt,Opactwo
293929920,3817272,pt,Opacionka
293929997,3817273,pt,Opacie
293930151,3817275,pt,Pomygacze
293930228,3817276,pt,Omiecin
293930305,3817277,pt,Oltarzew
293930382,3817278,pt,Oltarze-Golacze
293930613,3817281,pt,Olszyny
293930767,3817283,pt,Olszyny
293930921,3817285,pt,Olszyny
293931075,3817287,pt,Olszynka
293931152,3817288,pt,Olszyn
293931306,3817290,pt,Olsztynek
293931383,3817291,pt,Olsztyn
293931460,3817292,pt,Olszownica
293931537,3817293,pt,Olszowka Stara
293931614,3817294,pt,Olszowka
293931691,3817295,pt,Olszowka
293931845,3817297,pt,Olszowka
293931922,3817298,pt,Olszowiec
293932230,3817302,pt,Olszowice
293932461,3817305,pt,Olszowa Wola
293932538,3817306,pt,Olszowa Dabrowa
293932615,3817307,pt,Olszowa
293932692,3817308,pt,Olszowa
293932769,3817309,pt,Olszowa
293932846,3817310,pt,Olszewo Wegorzewskie
293932923,3817311,pt,Olszewo-Gora
293933000,3817312,pt,Olszewo-Borki
293933077,3817313,pt,Olszewo
293933231,3817315,pt,Olszewo
293933770,3817322,pt,Olszewnik
293933847,3817323,pt,Olszewnica Stara
293933924,3817324,pt,Olszewnica Nowa
293934078,3817326,pt,Olszewnica
293934309,3817329,pt,Olszewko
293934386,3817330,pt,Olszewki
293934463,3817331,pt,Olszewka
293934617,3817333,pt,Olszewka
293934694,3817334,pt,Olszewiec
293934771,3817335,pt,Olszewice
293934848,3817336,pt,Olszew
293935002,3817338,pt,Olszany
293935079,3817339,pt,Olszany
293935156,3817340,pt,Olszany
293935233,3817341,pt,Olszanki
293935464,3817344,pt,Olszanka
293935695,3817347,pt,Olszanka
293935772,3817348,pt,Olszanka
293935926,3817350,pt,Olszanka
293936003,3817351,pt,Olszanka
293936080,3817352,pt,Olszanka
293936157,3817353,pt,Olszanka
293936234,3817354,pt,Olszanka
293936311,3817355,pt,Olszanka
293936388,3817356,pt,Olszanka
293936465,3817357,pt,Olszanica
293936542,3817358,pt,Olszanica
293936619,3817359,pt,Olszana
293936696,3817360,pt,Olszamowice
293936773,3817361,pt,Olszaki
293936850,3817362,pt,Olsza
293936927,3817363,pt,Olpiny
293937004,3817364,pt,Olownik
293937081,3817365,pt,Olmonty
293937158,3817366,pt,Olkowo
293937235,3817367,pt,Olkowice
293937312,3817368,pt,Olki Kurzatki
293937389,3817369,pt,Oliszki
293937466,3817370,pt,Olimpow
293937543,3817371,pt,Oleszyce Stare
293937620,3817372,pt,Oleszyce
293937697,3817373,pt,Oleszyce
293937774,3817374,pt,Oleszno
293937851,3817375,pt,Olesno
293937928,3817376,pt,Olesno
293938005,3817377,pt,Olesniki
293938082,3817378,pt,Olesnik
293938159,3817379,pt,Oleśnica
293938236,3817380,pt,Oleśnica (Santa Cruz)
293938313,3817381,pt,Olesnica
293938390,3817382,pt,Olesin
293938467,3817383,pt,Olesin
293938621,3817385,pt,Olenskie
293938698,3817386,pt,Olenowka
293938775,3817387,pt,Olendria
293938929,3817389,pt,Olempin
293939083,3817391,pt,Oleksow
293939160,3817392,pt,Oleksina
293939314,3817394,pt,Oleksianka
293939391,3817395,pt,Oledzkie
293939468,3817396,pt,Oledy Orlice
293939545,3817397,pt,Oledy
293939622,3817398,pt,Oledry
293939699,3817399,pt,Oledry
293939853,3817401,pt,Olecko
293940084,3817404,pt,Olechow
293940161,3817405,pt,Oldaki Polônia
293940238,3817406,pt,Oldaki-Magna Brok
293940315,3817407,pt,Oldaki
293940392,3817408,pt,Oldaki
293940469,3817409,pt,Olchowka
293940546,3817410,pt,Olchowka
293940623,3817411,pt,Olchowiec
293940700,3817412,pt,Olchowiec
293940777,3817413,pt,Olchowiec
293940854,3817414,pt,Olchowiec
293941085,3817417,pt,Olchawa
293941162,3817418,pt,Olchowa
293941239,3817419,pt,Olchowa
293941316,3817420,pt,Olbrachcice
293941393,3817421,pt,Olbrachcice
293941470,3817422,pt,Olbierzowice
293941547,3817423,pt,Olbiecin
293941624,3817424,pt,Okurowo
293941701,3817425,pt,Okuniowiec
293941778,3817426,pt,Okuninka
293941855,3817427,pt,Okunin
293941932,3817428,pt,Okuniew
293942009,3817429,pt,Okulice
293942086,3817430,pt,Okszow
293942240,3817432,pt,Oksa
293942317,3817433,pt,Okrzeszyn
293942394,3817434,pt,Okrzeja
293942471,3817435,pt,Okreznica
293942548,3817436,pt,Okreg
293942625,3817437,pt,Okrasin
293942702,3817438,pt,Okrajki
293942779,3817439,pt,Okraglik
293942856,3817440,pt,Okrálica
293942933,3817441,pt,Okragle
293943087,3817443,pt,Okragle
293943164,3817444,pt,Okragla
293943241,3817445,pt,Okowizna
293943395,3817447,pt,Okopy
293943472,3817448,pt,Okopanki
293943549,3817449,pt,Okonin
293943626,3817450,pt,Okolisko
293943703,3817451,pt,Okgok
293943780,3817452,pt,Okol
293943857,3817453,pt,Okol
293943934,3817454,pt,Okocim
293944088,3817456,pt,Okliny
293944242,3817458,pt,Okczyn
293944319,3817459,pt,Okartowo
293944396,3817460,pt,Okalina
293944473,3817461,pt,Okalew
293944627,3817463,pt,Ojrzen
293944704,3817464,pt,Ojrzanow
293944781,3817465,pt,Ojrzanow
293944858,3817466,pt,Ojcowizna
293944935,3817467,pt,Ojcewo
293945089,3817469,pt,Ogrodziska
293945320,3817472,pt,Ogrodnik masculino
293945397,3817473,pt,Ogrodniki
293945705,3817477,pt,Ogrodniki
293945782,3817478,pt,Ogrodniki
293945859,3817479,pt,Ogrodniki
293946013,3817481,pt,Ogrodniki
293946090,3817482,pt,Ogrodniczki
293946167,3817483,pt,Ogrodniczki
293946244,3817484,pt,Ogrodki
293946321,3817485,pt,Ogrodek
293946398,3817486,pt,Ogorki
293946475,3817487,pt,Ogony
293946552,3817488,pt,Ogonowo
293946629,3817489,pt,Ogonowice
293946706,3817490,pt,Ogonow
293946783,3817491,pt,Ogonki
293946860,3817492,pt,Ogniwo
293946937,3817493,pt,Ogleda Szlachecka
293947014,3817494,pt,Ogleda Szlachecka
293947091,3817495,pt,Ogarka
293947168,3817496,pt,Oficjalow
293947245,3817497,pt,Odwisle
293947322,3817498,pt,Odrzywolek
293947399,3817499,pt,Odrzywol
293947476,3817500,pt,Odrzywół
293947630,3817502,pt,Odrzykon
293947707,3817503,pt,Odrzechowa
293947784,3817504,pt,Odryty
293947861,3817505,pt,Odrynki
293947938,3817506,pt,Odrowazek
293948092,3817508,pt,Odrowaz
293948246,3817510,pt,Odporyszow
293948323,3817511,pt,Odonow
293948400,3817512,pt,Odoje
293948477,3817513,pt,Odnoga
293948554,3817514,pt,Odmet
293948631,3817515,pt,Odletajka
293948708,3817516,pt,Odechowiec
293948785,3817517,pt,Odechow
293948862,3817518,pt,Oddzial
293948939,3817519,pt,Oczczerze
293949016,3817520,pt,Ocinek
293949093,3817521,pt,Ociete
293949170,3817522,pt,Ocieszyn
293949247,3817523,pt,Ocieseki
293949324,3817524,pt,Ociesc
293949401,3817525,pt,Ocieka
293949478,3817526,pt,Ocice
293949555,3817527,pt,Ochudno
293949632,3817528,pt,Ochrymy
293949709,3817529,pt,Ochremowicze
293949786,3817530,pt,Ochoza
293949863,3817531,pt,Ochotnica Gorna
293949940,3817532,pt,Ochotnica Dolna
293950017,3817533,pt,Ochota
293950094,3817534,pt,Ochodno
293950171,3817535,pt,Ochodne
293950248,3817536,pt,Ochmanow
293950325,3817537,pt,Ochenki
293950479,3817539,pt,Obszarniki
293950556,3817540,pt,Obsza
293950633,3817541,pt,Obrytki
293950710,3817542,pt,Obrytki
293950787,3817543,pt,Obryte
293950864,3817544,pt,Obryte
293950941,3817545,pt,Obrubniki
293951018,3817546,pt,Obrowka
293951095,3817547,pt,Obrowiec
293951172,3817548,pt,Obrocz
293951249,3817549,pt,Obreczna
293951326,3817550,pt,Obrebiec
293951403,3817551,pt,Obreb
293951480,3817552,pt,Obreb
293951557,3817553,pt,Obrazow
293951634,3817554,pt,Obrazejowice
293951711,3817555,pt,Obrab
293951788,3817556,pt,Obrab
293951865,3817557,pt,Obrab
293952019,3817559,pt,Obory
293952096,3817560,pt,Oborki
293952173,3817561,pt,Oborki
293952250,3817562,pt,Oborzyska Stare
293952327,3817563,pt,Obojna
293952404,3817564,pt,Obnize
293952481,3817565,pt,Obludzin
293952558,3817566,pt,Oblizniak
293952635,3817567,pt,Oblin
293952712,3817568,pt,Oblewo
293952789,3817569,pt,Oblekon
293952866,3817570,pt,Oblegorek
293952943,3817571,pt,Oblegor
293953020,3817572,pt,Oble
293953097,3817573,pt,Oblasy
293953174,3817574,pt,Oblasek
293953251,3817575,pt,Oblas
293953328,3817576,pt,Obiedzino Gorne
293953405,3817577,pt,Obiedzino
293953482,3817578,pt,Obiecanowo
293953559,3817579,pt,Obidza
293953713,3817581,pt,Obidowa
293953790,3817582,pt,Obice
293953867,3817583,pt,Obierwia
293954098,3817586,pt,Obarzym
293954175,3817587,pt,Nuzewo
293954252,3817588,pt,Nuzewko
293954329,3817589,pt,Nurzyna
293954406,3817590,pt,Nurzec
293954483,3817591,pt,Comuna de Nurzec-Stacja
293954560,3817592,pt,Nurzec-Stacja
293954637,3817593,pt,Nur
293954714,3817594,pt,Kariz
293954791,3817595,pt,Nuny
293954868,3817596,pt,Nuna
293954945,3817597,pt,Nozdrzec
293955022,3817598,pt,Nowy Zyzdroj
293955099,3817599,pt,Nowy Zhmigród
293955253,3817601,pt,Nowy Wiśnicz
293955407,3817603,pt,Nowy Targ
293955484,3817604,pt,Nowy Swiat
293955561,3817605,pt,Nowy Swiat
293955792,3817608,pt,Nowy Suchoros
293955869,3817609,pt,Nowy Staw
293955946,3817610,pt,Nowy Staw
293956023,3817611,pt,Nowy Sącz
293956100,3817612,pt,Nowy Sącz
293956254,3817614,pt,Nowy Probark
293956331,3817615,pt,Nowy Odrowazek
293956408,3817616,pt,Nowy Most
293956485,3817617,pt,Nowy Modlin
293956562,3817618,pt,Nowy Lupkow
293956716,3817620,pt,Nowy Korczyn
293956793,3817621,pt,Jedrzejow Nowy
293956870,3817622,pt,Nowy Janowiec
293956947,3817623,pt,Nowy Janow
293957101,3817625,pt,Nowy Glinnik
293957255,3817627,pt,Nowy Garwarz
293957332,3817628,pt,Nowy Gaj
293957409,3817629,pt,Nowy Dwór Mazowiecki
293957486,3817630,pt,Nowy Dwór Mazowiecki
293957563,3817631,pt,Agora Dwor
293957640,3817632,pt,Agora Dwor
293957717,3817633,pt,Agora Dwor
293957794,3817634,pt,Agora Dwor
293957871,3817635,pt,Agora Dwor
293957948,3817636,pt,Nowodwor
293958025,3817637,pt,Agora Dwor
293958179,3817639,pt,Nowo Wies Wielka
293958256,3817640,pt,Nowotaniec
293958333,3817641,pt,Nowostawskie
293958487,3817643,pt,Nowosiolki Kardynalskie
293958564,3817644,pt,Nowosiolki Dydynskie
293958641,3817645,pt,Nowosiolki
293958795,3817647,pt,Nowosiolki
293958872,3817648,pt,Nowosiolki
293958949,3817649,pt,Nowosiolki
293959026,3817650,pt,Nowosiolki
293959103,3817651,pt,Nowosiolki
293959180,3817652,pt,Nowosiolki
293959334,3817654,pt,Nowosiolki
293959411,3817655,pt,Nowosielec
293959488,3817656,pt,Nowosielec
293959565,3817657,pt,Nowosielce-Gniewosz
293959642,3817658,pt,Nowosielce-Gniewosz
293959719,3817659,pt,Nowosielce
293959796,3817660,pt,Nowosiedliny
293959873,3817661,pt,Nowosady
293960181,3817665,pt,Nowosady
293960258,3817666,pt,Noorablow
293960335,3817667,pt,Nowopole
293960412,3817668,pt,Nowomodna
293960489,3817669,pt,Nowokolno
293960643,3817671,pt,Comuna de Nowogród
293960720,3817672,pt,Nowogród
293960797,3817673,pt,Nowogrod
293960874,3817674,pt,Nowodziel
293960951,3817675,pt,Nowodworze
293961028,3817676,pt,Nowodwory
293961105,3817677,pt,Nowodworce
293961182,3817678,pt,Nowodwor
293961259,3817679,pt,Nowoberezowo
293961336,3817680,pt,Nowe Aleksandrowo
293961413,3817681,pt,Nowki
293961567,3817683,pt,Nowiny-Zdroje
293961721,3817685,pt,Nowiny Pokarczmiska
293961952,3817688,pt,Nowiny Kasjerskie
293962029,3817689,pt,Nowiny Horynieckie
293962106,3817690,pt,Nowiny Barglowskie
293962183,3817691,pt,Nowiny
293962337,3817693,pt,Nowiny
293962645,3817697,pt,Nowiny
293962799,3817699,pt,Nowiny
293962953,3817701,pt,Nowiny
293963030,3817702,pt,Nowiny
293963107,3817703,pt,Nowiny
293963184,3817704,pt,Nowiny
293963261,3817705,pt,Nowiniki
293963338,3817706,pt,Nowinnik
293963415,3817707,pt,Nowinki
293963492,3817708,pt,Nowinki
293963569,3817709,pt,Nowinka
293963800,3817712,pt,Nowinka
293963877,3817713,pt,Nowinka
293964031,3817715,pt,Novica
293964108,3817716,pt,Nowe Wloki
293964262,3817718,pt,Nowe Stojlo
293964339,3817719,pt,Nowe Siolo
293964493,3817721,pt,Nowe Sady
293964570,3817722,pt,Nowe Raczki
293964647,3817723,pt,Nowe Racibory
293964724,3817724,pt,Nowe Przytuly
293964878,3817726,pt,Nowe Miasto nad Pilicą
293964955,3817727,pt,Nowe Miasto nad Pilicą
293965109,3817729,pt,Nowe Miasto
293965186,3817730,pt,Nowe Marksoby
293965263,3817731,pt,Nowe Marcinkowo
293965340,3817732,pt,Nowe Krzywe
293965417,3817733,pt,Nowe Kielbonki
293965494,3817734,pt,Nowe Kiejkuty
293965571,3817735,pt,Nowe Kawkowo
293965802,3817738,pt,Nowe Guty
293965879,3817739,pt,Nowe Gajdzie
293965956,3817740,pt,Nowe Drygaly
293966033,3817741,pt,Nowe Czajki
293966110,3817742,pt,Nowe Brzesko
293966187,3817743,pt,Nowe Brzesko
293966264,3817744,pt,Nowe Borowe
293966341,3817745,pt,Nowe
293966418,3817746,pt,Nowe
293966495,3817747,pt,Nowe
293966572,3817748,pt,Nowa Wroblina
293966649,3817749,pt,Nowa Wola
293966726,3817750,pt,Nowa Wola
293966803,3817751,pt,Nowa Wola
293966957,3817753,pt,Nowa Wola
293967034,3817754,pt,Nowa Wies Mala
293967111,3817755,pt,Nowa Wies Wielka
293967188,3817756,pt,Nowa Wies Reszelska
293967265,3817757,pt,Nowa Wies Ostrodzka
293967419,3817759,pt,Nowa Wies Ketrzynska
293967496,3817760,pt,Nowa Wies Ilawecka
293967573,3817761,pt,Nowa Wies Elcka
293967650,3817762,pt,Nowa Wies Dmochy
293967804,3817764,pt,Nowa Wies
293967881,3817765,pt,Nowa Wies
293967958,3817766,pt,Nowa Wies
293968112,3817768,pt,Nowa Wies
293968189,3817769,pt,Nowa Wies
293968266,3817770,pt,Nowa Wies
293968343,3817771,pt,Nowa Wies
293968497,3817773,pt,Nowa Wies
293968574,3817774,pt,Nowa Wies
293968651,3817775,pt,Nowa Wies
293968728,3817776,pt,Nowa Wies
293968805,3817777,pt,Nowa Wies
293968882,3817778,pt,Nowa Wies
293968959,3817779,pt,Nowa Wies
293969036,3817780,pt,Nowa Wies
293969113,3817781,pt,Nowa Wies
293969190,3817782,pt,Nowa Wies
293969344,3817784,pt,Nowa Wies
293969498,3817786,pt,Nowa Wies
293969652,3817788,pt,Nowa Wies
293969806,3817790,pt,Nowa Wies
293969960,3817792,pt,Nowa Wies
293970037,3817793,pt,Nowa Wies
293970114,3817794,pt,Nowa Wies
293970191,3817795,pt,Nowa Wies
293970268,3817796,pt,Nowa Wies
293970499,3817799,pt,Nowa Wies
293970730,3817802,pt,Nowa Wies
293970807,3817803,pt,Nowa Wies
293971038,3817806,pt,Nowa Wies
293971192,3817808,pt,Nowa Wies
293971269,3817809,pt,Nowa Wies
293971346,3817810,pt,Nowa Wies
293971423,3817811,pt,Nowa Wies
293971500,3817812,pt,Nowa Wies
293971577,3817813,pt,Nowa Wies
293971654,3817814,pt,Nowa Wies
293971808,3817816,pt,Nowa Wies
293971885,3817817,pt,Nowa Wies
293971962,3817818,pt,Nowa Wies
293972039,3817819,pt,Nowa Wies
293972116,3817820,pt,Nowa Wies
293972424,3817824,pt,Nowa Słupia
293972501,3817825,pt,Nowa Sarzyna
293972578,3817826,pt,Nowa Rynia
293972809,3817829,pt,Nowa Ruda
293972886,3817830,pt,Nowa Rozanka
293973040,3817832,pt,Nowa Osada
293973117,3817833,pt,Nowaki
293973194,3817834,pt,Nowaki
293973271,3817835,pt,Nowa Kaletka
293973348,3817836,pt,Nowa Kajetanowka
293973425,3817837,pt,Nowa Huta
293973502,3817838,pt,Nowa Huta
293973579,3817839,pt,Nowa Dęba
293973656,3817840,pt,Nowa Dęba
293973733,3817841,pt,Nowa Chodorowka
293973810,3817842,pt,Nowa Brzuza
293973887,3817843,pt,Nowa Biala
293973964,3817844,pt,Notyst Wielki
293974041,3817845,pt,Notyst Maly
293974195,3817847,pt,Nosy-Poniatki
293974349,3817849,pt,Nosowka
293974426,3817850,pt,Nosow
293974503,3817851,pt,Nosow
293974580,3817852,pt,Noski Snietne
293974657,3817853,pt,Nosarzewo Polne
293974734,3817854,pt,Nosarzewo Borowe
293974811,3817855,pt,Norte
293974888,3817856,pt,Nojszew
293974965,3817857,pt,Nogawki
293975042,3817858,pt,Nockowa
293975119,3817859,pt,Nizowa
293975196,3817860,pt,Niznalaka
293975273,3817861,pt,Niziolki Stare
293975350,3817862,pt,Niziolki-Dobki
293975427,3817863,pt,Niziny
293975504,3817864,pt,Niziny
293975581,3817865,pt,Niziny
293975658,3817866,pt,Nizdzin
293975735,3817867,pt,Nizatyce
293975812,3817868,pt,Niwna
293975889,3817869,pt,Niwkowo
293976043,3817871,pt,Niwki
293976120,3817872,pt,Niwka
293976197,3817873,pt,Niwka
293976274,3817874,pt,Niwka
293976351,3817875,pt,Niwiski
293976428,3817876,pt,Niwiska
293976505,3817877,pt,Niwa Babicka
293976582,3817878,pt,Niwa
293976659,3817879,pt,Niwa
293976736,3817880,pt,Nitki
293976813,3817881,pt,Nisko
293976890,3817882,pt,Nisko
293976967,3817883,pt,Niskie Wielkie
293977121,3817885,pt,Ninkow
293977198,3817886,pt,Nikutowo
293977275,3817887,pt,Niksowizna
293977352,3817888,pt,Nikodemow
293977429,3817889,pt,Nikisialka Mala
293977506,3817890,pt,Nikisialka Duza
293977583,3817891,pt,Nijaków
293977660,3817892,pt,Niezwojowice
293977737,3817893,pt,Nieznanowice
293977814,3817894,pt,Nieznanowice
293977891,3817895,pt,Nieznanki
293977968,3817896,pt,Nieznamierowice
293978122,3817898,pt,Niezdow
293978199,3817899,pt,Niezabitow
293978276,3817900,pt,Niewodowo
293978430,3817902,pt,Niewodnica Koscielna
293978507,3817903,pt,Niewodnica Korycka
293978584,3817904,pt,Niewodna
293978661,3817905,pt,Niewistka
293978738,3817906,pt,Niewirkow
293978815,3817907,pt,Niewino Stare
293978892,3817908,pt,Niewino Poplawskie
293978969,3817909,pt,Niewino Lesne
293979046,3817910,pt,Niewino Borowe
293979123,3817911,pt,Niewiatrowice
293979200,3817912,pt,Niewiarowo Sochy
293979277,3817913,pt,Niewiarowo Przybki
293979354,3817914,pt,Niewiarowo
293979431,3817915,pt,Niewiadoma
293979508,3817916,pt,Nieweglosz
293979585,3817917,pt,Nietupa
293979739,3817919,pt,Nietrzeba
293979816,3817920,pt,Nietiahy
293979893,3817921,pt,Nieszkowice Wielkie
293979970,3817922,pt,Nieszkowice Male
293980047,3817923,pt,Nieszkowice
293980124,3817924,pt,Nieszkow
293980201,3817925,pt,Nieszki
293980278,3817926,pt,Nieszawa
293980355,3817927,pt,Nieswin
293980432,3817928,pt,Niesulowo
293980509,3817929,pt,Niestoja
293980586,3817930,pt,Niestepowo
293980663,3817931,pt,Niestachow
293980740,3817932,pt,Nieskurzow Stary
293980817,3817933,pt,Nieskurzow Podlesie
293980894,3817934,pt,Nieskurzow Nowy
293981048,3817936,pt,Nieskorz
293981125,3817937,pt,Niesiolowice
293981202,3817938,pt,Niesadna
293981279,3817939,pt,Nierosno
293981433,3817941,pt,Nieradowo
293981510,3817942,pt,Nieradowo
293981587,3817943,pt,Nieprzesnia
293981664,3817944,pt,Nieprowice
293981741,3817945,pt,Niepołomice
293981818,3817946,pt,Niepołomice
293981895,3817947,pt,Niepokalanów
293981972,3817948,pt,Niepla
293982049,3817949,pt,Niepiekla
293982126,3817950,pt,Nienowice
293982203,3817951,pt,Nienaszow
293982434,3817954,pt,Nienadowka
293982511,3817955,pt,Nienadowa
293982588,3817956,pt,Niemyje-Zabki
293982819,3817959,pt,Niemstow
293982896,3817960,pt,Niemscice
293982973,3817961,pt,Niemojki
293983127,3817963,pt,Niemojewice
293983281,3817965,pt,Niemieryczow
293983358,3817966,pt,Niemiry
293983512,3817968,pt,Niemirowice
293983589,3817969,pt,Niemirowek
293983666,3817970,pt,Niemirow
293983820,3817972,pt,Niemirow
293983974,3817974,pt,Niemirki
293984051,3817975,pt,Niemieryczew
293984128,3817976,pt,Niemienice
293984205,3817977,pt,Niemienice
293984282,3817978,pt,Niemianowice
293984359,3817979,pt,Niemglowy
293984436,3817980,pt,Niemczyn
293984513,3817981,pt,Niemczewo
293984590,3817982,pt,Niemcowizna
293984667,3817983,pt,Niemce
293984744,3817984,pt,Nielisz
293984821,3817985,pt,Nielepkowice
293984898,3817986,pt,Nieledew
293984975,3817987,pt,Nielawice
293985129,3817989,pt,Niekurza
293985206,3817990,pt,Niekrasy
293985283,3817991,pt,Niekrasow
293985360,3817992,pt,Nieklan Wielki
293985437,3817993,pt,Niegowić
293985514,3817994,pt,Niegowić
293985591,3817995,pt,Niegow
293985745,3817997,pt,Niegoslawice
293985822,3817998,pt,Niegoslawice
293985899,3817999,pt,Niegoslawice
293985976,3818000,pt,Niegocin
293986053,3818001,pt,Niegocin
293986130,3818002,pt,Nieglowice
293986207,3818003,pt,Niegardow
293986284,3818004,pt,Niedzwiedzkie
293986438,3818006,pt,Niedzwiedzkie
293986515,3818007,pt,Niedzwiedzi Rog
293986592,3818008,pt,Niedzwiedzie
293986746,3818010,pt,Niedzwiedza
293986900,3818012,pt,Niedzwiedz
293986977,3818013,pt,Niedzwiedz
293987131,3818015,pt,Niedzwiedz
293987208,3818016,pt,Niedzwiedz
293987285,3818017,pt,Niedzwiedz
293987362,3818018,pt,Niedzwiadna
293987439,3818019,pt,Niedzwiadka
293987516,3818020,pt,Niedzwiada
293987593,3818021,pt,Niedzwiada
293987670,3818022,pt,Niedzieliska
293987747,3818023,pt,Niedzieliska
293987824,3818024,pt,Niedzica
293987978,3818026,pt,Niedzialki
293988055,3818027,pt,Niedzialki
293988132,3818028,pt,Niedzialka Stara
293988209,3818029,pt,Niedzborz
293988286,3818030,pt,Niedzwice
293988363,3818031,pt,Niedrzwica Koscielna
293988440,3818032,pt,Niedrzwica Duza
293988517,3818033,pt,Niedrzwica
293988594,3818034,pt,Niedomice
293988671,3818035,pt,Niedbalki
293988748,3818036,pt,Niedarzyn
293988825,3818037,pt,Niedary
293989056,3818040,pt,Niedanowo
293989133,3818041,pt,Niedabyl
293989210,3818042,pt,Nieczulice
293989287,3818043,pt,Nieczajna
293989364,3818044,pt,Nieckowo
293989441,3818045,pt,Niecki
293989518,3818046,pt,Nieciki
293989595,3818047,pt,Niecieslawice
293989672,3818048,pt,Niecieplin
293989749,3818049,pt,Niecielin
293989826,3818050,pt,Nieciecza
293989903,3818051,pt,Nieciecz
293989980,3818052,pt,Nieciecz
293990057,3818053,pt,Nieciecz
293990134,3818054,pt,Nieciece
293990288,3818056,pt,Niechodzin
293990365,3818057,pt,Niechobrz
293990442,3818058,pt,Niechlonin
293990519,3818059,pt,Niebylec
293990596,3818060,pt,Niebyla
293990673,3818061,pt,Niebrzegow
293990750,3818062,pt,Nieborzyn
293990904,3818064,pt,Nieborow
293990981,3818065,pt,Niebocko
293991058,3818066,pt,Niebo
293991135,3818067,pt,Nidzica
293991212,3818068,pt,Nidzica
293991289,3818069,pt,Nidzgora
293991366,3818070,pt,Nida
293991443,3818071,pt,Nibork
293991828,3818076,pt,Nerwik
293991905,3818077,pt,Nerwik
293991982,3818078,pt,Nepomucenow
293992059,3818079,pt,Neple
293992213,3818081,pt,Nehrybka
293992290,3818082,pt,Nedezow
293992367,3818083,pt,Nawsie Kolaczyckie
293992444,3818084,pt,Nawsie Brzosteckie
293992521,3818085,pt,Nawsie
293992598,3818086,pt,Nawoz
293992675,3818087,pt,Nawojowa
293992752,3818088,pt,Nawodzice
293992829,3818089,pt,Nawiady
293992906,3818090,pt,Nawarzyce
293992983,3818091,pt,Natolin
293993445,3818097,pt,Naterki
293993522,3818098,pt,Natalina
293993830,3818102,pt,Natalina
293993907,3818103,pt,Natalina
293994138,3818106,pt,Natalia
293994215,3818107,pt,Natac Wielka
293994292,3818108,pt,Natac Mala
293994369,3818109,pt,Naszacowice
293994446,3818110,pt,Nasuty
293994523,3818111,pt,Nasutow
293994677,3818113,pt,Naslawice
293994754,3818114,pt,Nasilow
293994831,3818115,pt,Nasilow
293994908,3818116,pt,Nasierowo Gorne
293994985,3818117,pt,Nasierowo-Dziurawieniec
293995139,3818119,pt,Comuna de Nasielsk
293995216,3818120,pt,Nasiechowice
293995293,3818121,pt,Nasiczne
293995370,3818122,pt,Nasiadki
293995447,3818123,pt,Narzym
293995524,3818124,pt,Naruszewo
293995601,3818125,pt,Narty
293995832,3818128,pt,Stary Nart
293995909,3818129,pt,Nowy Nart
293995986,3818130,pt,Narozniki
293996063,3818131,pt,Naropna
293996140,3818132,pt,Comuna de Narol
293996217,3818133,pt,Comuna de Narol
293996294,3818134,pt,Narewka
293996371,3818135,pt,Narewka
293996448,3818136,pt,Comuna de Narew
293996602,3818138,pt,Narejki
293996833,3818141,pt,Napraty
293996910,3818142,pt,Napiwoda
293997064,3818144,pt,Napierki
293997141,3818145,pt,Napekow
293997295,3818147,pt,Nalogi
293997372,3818148,pt,Nalikajmy
293997449,3818149,pt,Nalewajkow
293997603,3818151,pt,Nałęczów
293997680,3818152,pt,Naleczow
293997757,3818153,pt,Nakwasin
293997834,3818154,pt,Nakory
293997911,3818155,pt,Nakomiady
293998065,3818157,pt,Naklo
293998142,3818158,pt,Naklo
293998219,3818159,pt,Naklik
293998296,3818160,pt,Nakiel
293998373,3818161,pt,Najdymowo
293998450,3818162,pt,Nagoszyn
293998527,3818163,pt,Nagoszewo
293998604,3818164,pt,Nagorzany
293998681,3818165,pt,Nagorzany
293998758,3818166,pt,Nagornik
293998835,3818167,pt,Nagorki Olszyny
293998989,3818169,pt,Nagorki Dobrskie
293999066,3818170,pt,Nagorki
293999297,3818173,pt,Naglowice
293999374,3818174,pt,Naglady
293999451,3818175,pt,Nagawczyna
293999528,3818176,pt,Nadzow
293999605,3818177,pt,Nadziejow
293999682,3818178,pt,Nadzieja
293999759,3818179,pt,Nadworow
293999913,3818181,pt,Nadulki
293999990,3818182,pt,Nadrzecze
294000144,3818184,pt,Nadrowo
294000298,3818186,pt,Nadolna
294000375,3818187,pt,Nadole
294000452,3818188,pt,Nadole
294000529,3818189,pt,Nadole
294000606,3818190,pt,Nadolany
294000683,3818191,pt,Nadma
294000760,3818192,pt,Nadkole
294000914,3818194,pt,Nadbrzez
294000991,3818195,pt,Nadbory
294001068,3818196,pt,Nadbiel
294001145,3818197,pt,Nadarzyn
294001222,3818198,pt,Nadarzyn
294001299,3818199,pt,Nacpolsk
294001376,3818200,pt,Nabroz
294001453,3818201,pt,Naborowiec
294001530,3818202,pt,Mzurowa
294001607,3818203,pt,Mytarz
294001684,3818204,pt,Myszyniec
294001761,3818205,pt,Myszyniec
294001915,3818207,pt,Myszkowice
294001992,3818208,pt,Myszki
294002069,3818209,pt,Myszczyn
294002146,3818210,pt,Myszadla
294002223,3818211,pt,Mystkowo
294002454,3818214,pt,Mystkowiec Kalinowka
294002531,3818215,pt,Mystkow
294002608,3818216,pt,Mystki-Rzym
294002685,3818217,pt,Myslow
294002839,3818219,pt,Mysliki
294002916,3818220,pt,Mysliborz
294002993,3818221,pt,Myslibory
294003070,3818222,pt,Myslec
294003147,3818223,pt,Myslakowice
294003224,3818224,pt,Mysłaków
294003301,3818225,pt,Mysiakowiec
294003378,3818226,pt,Mysiadlo
294003455,3818227,pt,Myscowa
294003532,3818228,pt,Orikhovytsia
294003763,3818231,pt,Mydlow
294003840,3818232,pt,Myczkowce
294003917,3818233,pt,Myczkow
294003994,3818234,pt,Mycyny
294004071,3818235,pt,Mycow
294004225,3818237,pt,Mychow
294004302,3818238,pt,Muszyna
294004379,3818239,pt,Muszyna
294004456,3818240,pt,Muszaki
294004610,3818242,pt,Murzasichle
294004764,3818244,pt,Murowany Most
294004841,3818245,pt,Murowanka
294004995,3818247,pt,Murawy
294005072,3818248,pt,Murawskie Nadbuzne
294005149,3818249,pt,Morawka
294005226,3818250,pt,Murawiec
294005303,3818251,pt,Muntowo
294005380,3818252,pt,Munina
294005457,3818253,pt,Muniakowice
294005534,3818254,pt,Muniaczkowice
294005611,3818255,pt,Mula
294005765,3818257,pt,Mulawki
294005842,3818258,pt,Mulawicze
294005919,3818259,pt,Mularzow
294005996,3818260,pt,Muchowka
294006150,3818262,pt,Mszczonów
294006227,3818263,pt,Mszanna
294006304,3818264,pt,Mszanna
294006381,3818265,pt,Mszanka
294006458,3818266,pt,Mszanka
294006535,3818267,pt,Mszana Dolna
294006612,3818268,pt,Mszana Dolna
294006689,3818269,pt,Mszana
294006766,3818270,pt,Mszalnica
294006843,3818271,pt,Mszadla Stara
294006920,3818272,pt,Mszadla Nowa
294006997,3818273,pt,Mstow
294007074,3818274,pt,Msciwuje
294007151,3818275,pt,Msciszewo
294007228,3818276,pt,Msciow
294007305,3818277,pt,Mscichy
294007459,3818279,pt,Mscichow
294007613,3818281,pt,Mrzyglod
294007690,3818282,pt,Mrukowa
294007767,3818283,pt,Comuna de Mrozy
294007844,3818284,pt,Comuna de Mrozy
294007921,3818285,pt,Mrozy
294007998,3818286,pt,Mrozowa Wola
294008075,3818287,pt,Mrowla
294008152,3818288,pt,Mrowki
294008229,3818289,pt,Mrowiska
294008306,3818290,pt,Mrokow
294008537,3818293,pt,Mroczkowice
294008614,3818294,pt,Mroczkow
294008691,3818295,pt,Mroczki Rebiszewo
294008768,3818296,pt,Mroczki Kawki
294008845,3818297,pt,Mroczki
294008999,3818299,pt,Mrągowo
294009076,3818300,pt,Mrągowo
294009153,3818301,pt,Mozolice Male
294009230,3818302,pt,Mozolice Duze
294009307,3818303,pt,Mozne
294009384,3818304,pt,Mozgawa
294009461,3818305,pt,Mozdzany
294009538,3818306,pt,Motyka
294009615,3818307,pt,Motycze Szlacheckie
294009692,3818308,pt,Motycze Poduchowne
294009769,3818309,pt,Motycz
294009846,3818310,pt,Motwica
294009923,3818311,pt,Motulka
294010154,3818314,pt,Motkowice
294010231,3818315,pt,Moszyny
294010308,3818316,pt,Moszyn
294010385,3818317,pt,Mosznica
294010462,3818318,pt,Moszna
294010539,3818319,pt,Moszna
294010616,3818320,pt,Moszenki
294010693,3818321,pt,Moszczona Panska
294010770,3818322,pt,Moszczona Krolewska
294010847,3818323,pt,Moszczenica Wyzna
294010924,3818324,pt,Moszczenica Nizna
294011001,3818325,pt,Moszczenica
294011078,3818326,pt,Moszczenica
294011155,3818327,pt,Moszczanka
294011232,3818328,pt,Moszczaniec
294011309,3818329,pt,Moszczanica
294011386,3818330,pt,Mosty Male
294011540,3818332,pt,Mosty
294011617,3818333,pt,Mostowo
294011694,3818334,pt,Mostowo
294011771,3818335,pt,Mostowlany
294011848,3818336,pt,Mostowka
294011925,3818337,pt,Mostowka
294012002,3818338,pt,Mostow
294012079,3818339,pt,Mostow
294012156,3818340,pt,Mostolty
294012233,3818341,pt,Mostkowo
294012387,3818343,pt,Mostki
294012464,3818344,pt,Mostki
294012541,3818345,pt,Mostki
294012618,3818346,pt,Mostki
294012695,3818347,pt,Moskwin
294012772,3818348,pt,Moskiewce
294012926,3818350,pt,Mosciska
294013157,3818353,pt,Mosciska
294013234,3818354,pt,Mosciska
294013542,3818358,pt,Mosciska
294013927,3818363,pt,Moscicha
294014004,3818364,pt,Moscice
294014081,3818365,pt,Mosaki
294014158,3818366,pt,Morzywol
294014235,3818367,pt,Morzyczyn Wloscianski
294014389,3818369,pt,Morzychna
294014543,3818371,pt,Morze
294014620,3818372,pt,Morze
294014697,3818373,pt,Mory
294014774,3818374,pt,Morusy
294014851,3818375,pt,Morszkow
294014928,3818376,pt,Morsko
294015005,3818377,pt,Moroczyn
294015082,3818378,pt,Morochow
294015159,3818379,pt,Morgowniki
294015236,3818380,pt,Morgi
294015621,3818385,pt,Mordy
294015698,3818386,pt,Mordarka
294015775,3818387,pt,Morawy Wielkie
294015929,3818389,pt,Comuna de Morawica
294016006,3818390,pt,Comuna de Morawica
294016083,3818391,pt,Morawiany
294016160,3818392,pt,Morawianki
294016314,3818394,pt,Mońki
294016391,3818395,pt,Mońki
294016468,3818396,pt,Moniuszki
294016545,3818397,pt,Moniochy
294016622,3818398,pt,Moniatycze
294016699,3818399,pt,Moniaki
294016776,3818400,pt,Monety
294016853,3818401,pt,Monety
294016930,3818402,pt,Monetki
294017238,3818406,pt,Momoty Gorne
294017315,3818407,pt,Momoty Dolne
294017392,3818408,pt,Momocicha
294017469,3818409,pt,Momina
294017546,3818410,pt,Momajny
294017623,3818411,pt,Molza
294017700,3818412,pt,Moltajny
294017777,3818413,pt,Molozow
294017854,3818414,pt,Molozew Wies
294017931,3818415,pt,Molodiatycze
294018008,3818416,pt,Molodycz
294018085,3818417,pt,Molodutyn
294018162,3818418,pt,Moloczki
294018239,3818419,pt,Molendy
294018316,3818420,pt,Moldzie
294018393,3818421,pt,Moldávia
294018624,3818424,pt,Mokrzyska
294018701,3818425,pt,Mokrzec
294018778,3818426,pt,Mokry Las
294018932,3818428,pt,Mokrsko Gorne
294019009,3818429,pt,Mokrsko Dolne
294019163,3818431,pt,Mokrosek
294019317,3818433,pt,Mokrelipie
294019394,3818434,pt,Mokré
294019471,3818435,pt,Mokré
294019702,3818438,pt,Mokré
294019779,3818439,pt,Mokré
294019933,3818441,pt,Mokre
294020010,3818442,pt,Mokra Wies
294020087,3818443,pt,Mokra Wies
294020241,3818445,pt,Mokra Prawa
294020318,3818446,pt,Mokrany Stare
294020395,3818447,pt,Mokrany Nowe
294020549,3818449,pt,Mokra Lewa
294020626,3818450,pt,Mokradle
294020780,3818452,pt,Mokotów
294021011,3818455,pt,Mokobody
294021088,3818456,pt,Mokiny
294021165,3818457,pt,Mokas
294021242,3818458,pt,Mojzeszow
294021319,3818459,pt,Mojtyny
294021396,3818460,pt,Mojtyny
294021473,3818461,pt,Mojslawice
294021550,3818462,pt,Mojsiki
294021627,3818463,pt,Mojcza
294021781,3818465,pt,Mogilno
294021858,3818466,pt,Mogilnice
294021935,3818467,pt,Mogilnica
294022166,3818470,pt,Mogielnica
294022243,3818471,pt,Mogielnica
294022320,3818472,pt,Modzele
294022474,3818474,pt,Modzele
294022551,3818475,pt,Modzele
294022628,3818476,pt,Modrzewina
294022705,3818477,pt,Modrzewie
294022782,3818478,pt,Modrzewek
294022859,3818479,pt,Modrzewek
294022936,3818480,pt,Modrzew
294023013,3818481,pt,Modrzew
294023090,3818482,pt,Modrzejowice
294023167,3818483,pt,Modrzany
294023244,3818484,pt,Modryniec
294023321,3818485,pt,Modryn
294023398,3818486,pt,Modlki
294023475,3818487,pt,Modliszewice
294023552,3818488,pt,Comuna de Modliborzyce
294023629,3818489,pt,Comuna de Modliborzyce
294023706,3818490,pt,Comuna de Modliborzyce
294023783,3818491,pt,Modla
294023937,3818493,pt,Modgarby
294024014,3818494,pt,Moderowka
294024091,3818495,pt,Modelka
294024168,3818496,pt,Modecin
294024399,3818499,pt,Moczydly-Pszczolki
294024476,3818500,pt,Moczydly-Kukielki
294024553,3818501,pt,Moczydly-Dubiny
294024630,3818502,pt,Moczydly
294024861,3818505,pt,Moczydlow
294024938,3818506,pt,Moczydlo
294025015,3818507,pt,Moczydlo
294025246,3818510,pt,Moczydla
294025323,3818511,pt,Moczydla
294025477,3818513,pt,Moczary
294025631,3818515,pt,Moczary
294025785,3818517,pt,Mochnata
294025862,3818518,pt,Mochnaczka Wyzna
294025939,3818519,pt,Mochnaczka Nizna
294026016,3818520,pt,Mocarze
294026093,3818521,pt,Mniszkow
294026170,3818522,pt,Mniszków
294026247,3818523,pt,Mniszew
294026401,3818525,pt,Mniszek
294026555,3818527,pt,Mniszek
294026632,3818528,pt,Mniow
294026709,3818529,pt,Mnin
294026786,3818530,pt,Mnichowo
294026863,3818531,pt,Mnichów
294027017,3818533,pt,Mlyny
294027171,3818535,pt,Mlyny
294027248,3818536,pt,Mlynok
294027402,3818538,pt,Hlynne
294027556,3818540,pt,Mlyniska
294027633,3818541,pt,Mlyniska
294027710,3818542,pt,Mynivka
294027787,3818543,pt,Mynivka
294027941,3818545,pt,Mlínik
294028095,3818547,pt,Mlynek Nieswinski
294028249,3818549,pt,Mlynek
294028326,3818550,pt,Mlynczyska
294028403,3818551,pt,Mlynarze
294028480,3818552,pt,Mlynarze
294028557,3818553,pt,Mlotkowice
294028634,3818554,pt,Mlodzieszynek
294028711,3818555,pt,Mlodzieszyn
294028788,3818556,pt,Mlodziejow
294028865,3818557,pt,Mlodzianow
294028942,3818558,pt,Mlodzianow
294029019,3818559,pt,Mlodzawy Male
294029096,3818560,pt,Mlodzawy Duze
294029481,3818565,pt,Mlodynie
294029558,3818566,pt,Mlodowice
294029635,3818567,pt,Mlodocina
294029789,3818569,pt,Mlodocina
294029866,3818570,pt,Mlodochow
294029943,3818571,pt,Mlodochow
294030020,3818572,pt,Mlodnice
294030097,3818573,pt,Mlock
294030174,3818574,pt,Mlochow
294030251,3818575,pt,Mleczkow
294030328,3818576,pt,Mlecin
294030405,3818577,pt,Mława
294030482,3818578,pt,Mława
294030559,3818579,pt,Mladz
294030636,3818580,pt,Mizerna
294030713,3818581,pt,Mizerka
294030790,3818582,pt,Mizary
294030944,3818584,pt,Misztale
294031021,3818585,pt,Miszory
294031098,3818586,pt,Miszewo
294031175,3818587,pt,Miszewko Garwackie
294031252,3818588,pt,Mistrzowice
294031329,3818589,pt,Mistrzewice
294031406,3818590,pt,Mistrzejowice
294031483,3818591,pt,Mistow
294031560,3818592,pt,Misie
294031637,3818593,pt,Misany
294031714,3818594,pt,Mirzec
294031791,3818595,pt,Mirow Stary
294031868,3818596,pt,Mirow Nowy
294031945,3818597,pt,Mirowice
294032022,3818598,pt,Mirowek
294032099,3818599,pt,Mirow
294032176,3818600,pt,Miroszow
294032253,3818601,pt,Mirocin
294032330,3818602,pt,Mirocice
294032407,3818603,pt,Mirkowice
294032484,3818604,pt,Miren
294032561,3818605,pt,Mircze
294032638,3818606,pt,Miodusy Wielkie
294032715,3818607,pt,Miodusy-Stok
294032792,3818608,pt,Miodusy-Pokrzywne
294032869,3818609,pt,Miodusy-Inochy
294032946,3818610,pt,Miodusy-Dworaki
294033023,3818611,pt,Miodunskie
294033100,3818612,pt,Miodowko
294033177,3818613,pt,Mińsk Mazowiecki
294033254,3818614,pt,Mińsk Mazowiecki
294033331,3818615,pt,Minostowice
294033408,3818616,pt,Minkowlas
294033485,3818617,pt,Minkowice
294033562,3818618,pt,Minkowce
294033639,3818619,pt,Ministrowka
294033716,3818620,pt,Miniewicze
294033793,3818621,pt,Mingosy
294033870,3818622,pt,Mingajny
294033947,3818623,pt,Minczewo
294034024,3818624,pt,Mince
294034101,3818625,pt,Milusze
294034178,3818626,pt,Miluki
294034255,3818627,pt,Miluki
294034332,3818628,pt,Milowka
294034409,3818629,pt,Milotki
294034486,3818630,pt,Miloszówka
294034563,3818631,pt,Miloszowice
294034717,3818633,pt,Milosna
294034794,3818634,pt,Milogorze
294034871,3818635,pt,Milocin
294035025,3818637,pt,Milocice
294035102,3818638,pt,Milochniewice
294035179,3818639,pt,Milkowo
294035256,3818640,pt,Milkowo
294035333,3818641,pt,Milkowice-Stawki
294035410,3818642,pt,Milkowice-Paszki
294035487,3818643,pt,Milkowice-Macki
294035564,3818644,pt,Milkowice-Janki
294035641,3818645,pt,Milkowa
294035718,3818646,pt,Milkow
294035795,3818647,pt,Milkow
294035949,3818649,pt,Milki
294036026,3818650,pt,Milik
294036180,3818652,pt,Milewskie
294036257,3818653,pt,Milewo Wielkie
294036334,3818654,pt,Milewo-Tosie
294036411,3818655,pt,Milewo Raczki
294036488,3818656,pt,Milewo-Losie
294036565,3818657,pt,Milewo
294036642,3818658,pt,Milewo
294036719,3818659,pt,Milewo
294036873,3818661,pt,Milewo
294036950,3818662,pt,Milewo
294037027,3818663,pt,Milewo
294037181,3818665,pt,Milewo
294037258,3818666,pt,Milew
294037335,3818667,pt,Milejowice
294037412,3818668,pt,Milejow
294037489,3818669,pt,Milejczyce
294037643,3818671,pt,Milczany
294037720,3818672,pt,Milcza
294037797,3818673,pt,Milawczyce
294037874,3818674,pt,Milanówek
294037951,3818675,pt,Milanówek
294038105,3818677,pt,Miłakowo
294038182,3818678,pt,Miłakowo
294038259,3818679,pt,Milakow
294038336,3818680,pt,Milaki
294038413,3818681,pt,Mikuty
294038490,3818682,pt,Mikuszewskie
294038567,3818683,pt,Mikulowice
294038644,3818684,pt,Mikulowice
294038721,3818685,pt,Mikulowice
294038798,3818686,pt,Mikulin
294038875,3818687,pt,Mikulin
294038952,3818688,pt,Mikulicze
294039029,3818689,pt,Mikulice
294039106,3818690,pt,Mikowka
294039183,3818691,pt,Mikow
294039260,3818692,pt,Mikosze
294039414,3818694,pt,Mikolajowka
294039568,3818696,pt,Mikolajowice
294039645,3818697,pt,Mikolajow
294039722,3818698,pt,Mikolajow
294039799,3818699,pt,Mikołajki
294039876,3818700,pt,Comuna de Mikołajki
294040107,3818703,pt,Mikolajewo
294040261,3818705,pt,Mikolajewo
294040338,3818706,pt,Mikluszowice
294040415,3818707,pt,Miklusy
294040492,3818708,pt,Miklaszewo
294040569,3818709,pt,Mikicin
294040646,3818710,pt,Mikaszowka
294040723,3818711,pt,Mikanow
294040800,3818712,pt,Mietne
294040954,3818714,pt,Mietkie
294041031,3818715,pt,Mietkie
294041185,3818717,pt,Mietel
294041262,3818718,pt,Mieszki Wielkie
294041339,3818719,pt,Mieszki-Rozki
294041416,3818720,pt,Mieszki
294041493,3818721,pt,Mieszala
294041570,3818722,pt,Miesy
294041724,3818724,pt,Miescisko
294041801,3818725,pt,Mierzynowka
294041878,3818726,pt,Mierzwinek
294041955,3818727,pt,Mierzwin
294042032,3818728,pt,Mierzwin
294042109,3818729,pt,Mierzwice
294042263,3818731,pt,Mierzno
294042340,3818732,pt,Mierzen
294042417,3818733,pt,Mierzejewo
294042494,3818734,pt,Mierzejewo
294042571,3818735,pt,Mierzecin
294042648,3818736,pt,Mierzawa
294042725,3818737,pt,Mierzanowice
294042879,3818739,pt,Mierzaczka
294043033,3818741,pt,Mieruniszki
294043110,3818742,pt,Mierucie
294043187,3818743,pt,Mieronice
294043341,3818745,pt,Miernow
294043418,3818746,pt,Mierkinie
294043495,3818747,pt,Mierki
294043572,3818748,pt,Mieniany
294043649,3818749,pt,Mienia
294043726,3818750,pt,Mien
294043803,3818751,pt,Comuna de Mielno
294043880,3818752,pt,Mielno
294043957,3818753,pt,Mielniki
294044034,3818754,pt,Mielniki
294044111,3818755,pt,Mielnik
294044188,3818756,pt,Mieleszkowce Pawlowickie
294044265,3818757,pt,Mielec
294044342,3818758,pt,Mielec
294044419,3818759,pt,Miekoszyn
294044496,3818760,pt,Miekisz Stary
294044573,3818761,pt,Miekisz Nowy
294044650,3818762,pt,Miekiny
294044727,3818763,pt,Miejska Wola
294044804,3818764,pt,Miejska Wies
294044881,3818765,pt,Miejska Dabrowa
294044958,3818766,pt,Miejsce Piastowe
294045035,3818767,pt,Międzyrzec Podlaski
294045112,3818768,pt,Międzyrzec Podlaski
294045189,3818769,pt,Miedzylesie
294045266,3818770,pt,Miedzyles
294045343,3818771,pt,Miedzyles
294045420,3818772,pt,Miedzyles
294045497,3818773,pt,Miedzyles
294045574,3818774,pt,Miedzygorz
294045651,3818775,pt,Mizhbrody
294045728,3818776,pt,Miedzyborz
294045805,3818777,pt,Miedzyborow
294045882,3818778,pt,Miedzna Murowana
294045959,3818779,pt,Miedzna Drewniana
294046036,3818780,pt,Miedzna
294046113,3818781,pt,Miedzierza
294046190,3818782,pt,Miedzianowo
294046267,3818783,pt,Miedzianka
294046344,3818784,pt,Miedziana Gora
294046421,3818785,pt,Miedzechow
294046498,3818786,pt,Miedwiezyki
294046575,3818787,pt,Mieduniszki Male
294046652,3818788,pt,Miedniki
294046729,3818789,pt,Miednik
294046806,3818790,pt,Miedniewice
294046960,3818792,pt,Mieczyslawka
294047037,3818793,pt,Mieczyslawow
294047191,3818795,pt,Mieczyslawow
294047268,3818796,pt,Mieczyslawka Wolka
294047345,3818797,pt,Mieczyn
294047422,3818798,pt,Miecznikowo Kolaki
294047499,3818799,pt,Miecznikowo Golébie
294047576,3818800,pt,Miecznikowo Cygany
294047653,3818801,pt,Mieczkowka
294047730,3818802,pt,Mieczki-Ziemaki
294047807,3818803,pt,Mieczki-Sucholaszczki
294047884,3818804,pt,Mieczki-Poziemaki
294048038,3818806,pt,Mieczki
294048115,3818807,pt,Miecze
294048192,3818808,pt,Miechy
294048269,3818809,pt,Miechowo
294048346,3818810,pt,Miechowice Wielkie
294048423,3818811,pt,Miechowice Male
294048500,3818812,pt,Miechów
294048577,3818813,pt,Miechow
294048654,3818814,pt,Miechów
294048731,3818815,pt,Miczuly
294048808,3818816,pt,Micigozd
294048885,3818817,pt,Michrowek
294048962,3818818,pt,Michrow
294049039,3818819,pt,Michowo
294049116,3818820,pt,Comuna de Michów
294049193,3818821,pt,Michow
294049270,3818822,pt,Michny
294049347,3818823,pt,Michnowka
294049424,3818824,pt,Michnowce
294049501,3818825,pt,Michniowiec
294049578,3818826,pt,Michniow
294049655,3818827,pt,Michałowo
294049732,3818828,pt,Michałowo
294049963,3818831,pt,Michalowice
294050040,3818832,pt,Michalowice
294050117,3818833,pt,Michalowice
294050194,3818834,pt,Michalowice
294050271,3818835,pt,Michalowice
294050348,3818836,pt,Michalowice
294050425,3818837,pt,Michalowice
294050502,3818838,pt,Michalowice
294050579,3818839,pt,Michalowice
294050656,3818840,pt,Michalowice
294050733,3818841,pt,Michalowice
294050810,3818842,pt,Michalowice
294050887,3818843,pt,Michalow-Grabina
294050964,3818844,pt,Michalow Gorny
294051041,3818845,pt,Michalowek
294051118,3818846,pt,Michalowek
294051195,3818847,pt,Michalow
294051272,3818848,pt,Michalow-Reginow
294051349,3818849,pt,Michalow
294051426,3818850,pt,Michalow
294051503,3818851,pt,Michalow
294051811,3818855,pt,Michalow
294051888,3818856,pt,Michalow
294052042,3818858,pt,Michalow
294052119,3818859,pt,Michalow
294052196,3818860,pt,Comuna de Michałów
294052273,3818861,pt,Comuna de Michałów
294052350,3818862,pt,Michalkowo
294052427,3818863,pt,Michalkow
294052504,3818864,pt,Michalki
294052581,3818865,pt,Michalki
294052735,3818867,pt,Michalinowo
294052889,3818869,pt,Michalinow
294052966,3818870,pt,Michalinek
294053043,3818871,pt,Michalczowa
294053120,3818872,pt,Michalczew
294053197,3818873,pt,Michala Goa
294053274,3818874,pt,Michala
294053351,3818875,pt,Miasto Ogrod Komorow
294053428,3818876,pt,Miastkow Stary
294053505,3818877,pt,Miastkowo
294053582,3818878,pt,Miastkowek
294053659,3818879,pt,Miastkow Koscielny
294053736,3818880,pt,Miasteczko
294053813,3818881,pt,Miasowa
294053890,3818882,pt,Miase
294053967,3818883,pt,Mianowo
294054044,3818884,pt,Mianocice
294054198,3818886,pt,Miaczyn Maly
294054275,3818887,pt,Miaczynek
294054352,3818888,pt,Miaczyn Duzy
294054429,3818889,pt,Miaczyn
294054506,3818890,pt,Miaczyn
294054583,3818891,pt,Mezenin
294054660,3818892,pt,Metow
294054737,3818893,pt,Metna
294054814,3818894,pt,Metelin
294054891,3818895,pt,Metan
294054968,3818896,pt,Meszno
294055045,3818897,pt,Meszne
294055122,3818898,pt,Meszne
294055276,3818900,pt,Meszna Opacka
294055353,3818901,pt,Meszki
294055430,3818902,pt,Melsztyn
294055507,3818903,pt,Melonek
294055661,3818905,pt,Melgiew
294055738,3818906,pt,Melanów
294055815,3818907,pt,Mekarzowice
294055892,3818908,pt,Mejznerzyn
294055969,3818909,pt,Mejly
294056123,3818911,pt,Medyny
294056200,3818912,pt,Medynia Kanczucka
294056277,3818913,pt,Medynia Glogowska
294056431,3818915,pt,Mehdya
294056508,3818916,pt,Medrzyki
294056585,3818917,pt,Medrzechow
294056662,3818918,pt,Medrow
294056739,3818919,pt,Meczyn
294056816,3818920,pt,Meczki
294056893,3818921,pt,Męczennice
294057047,3818923,pt,Meciszow
294057124,3818924,pt,Meciszow
294057278,3818926,pt,Cienia Wielka
294057355,3818927,pt,Mecina Mala
294057432,3818928,pt,Mecina
294057509,3818929,pt,Mechowiec
294057586,3818930,pt,Mechlin
294057663,3818931,pt,Mdzewo
294057740,3818932,pt,Mdzewko
294057817,3818933,pt,Mchy
294057894,3818934,pt,Mchowo
294057971,3818935,pt,Mchowko
294058048,3818936,pt,Mchawa
294058125,3818937,pt,Mazury
294058202,3818938,pt,Mazury
294058279,3818939,pt,Mazury
294058356,3818940,pt,Mazuró
294058433,3818941,pt,Mazurki
294058510,3818942,pt,Mazucie
294058587,3818943,pt,Mazuchowka
294058664,3818944,pt,Mazowszany
294058741,3818945,pt,Maziben
294058818,3818946,pt,Maziarze Nowe
294058895,3818947,pt,Maziarze
294059049,3818949,pt,Maziarnia
294059434,3818954,pt,Mazewo
294059588,3818956,pt,Maze
294059665,3818957,pt,Mazany
294059742,3818958,pt,Mazanowka
294059819,3818959,pt,Mazanow
294059896,3818960,pt,Mawry
294059973,3818961,pt,Maurycew
294060050,3818962,pt,Mauda
294060127,3818963,pt,Matyty
294060281,3818965,pt,Matyniow
294060358,3818966,pt,Matildovia
294060435,3818967,pt,Matwica
294060589,3818969,pt,Malah
294060666,3818970,pt,Matki
294060743,3818971,pt,Matiaszowka
294060820,3818972,pt,Matiaszow
294060897,3818973,pt,Mateuszowo
294061051,3818975,pt,Matejki
294061128,3818976,pt,Matczyn
294061205,3818977,pt,Matcze
294061282,3818978,pt,Mataly
294061359,3818979,pt,Maszutkinie
294061436,3818980,pt,Maszow
294061513,3818981,pt,Maszkowice
294061590,3818982,pt,Maszkienice
294061667,3818983,pt,Maszki
294061744,3818984,pt,Maszewy
294061821,3818985,pt,Masuny
294061898,3818986,pt,Masty
294061975,3818987,pt,Masow
294062052,3818988,pt,Maslow
294062129,3818989,pt,Maslow
294062206,3818990,pt,Maslomiaca
294062283,3818991,pt,Maslomecz
294062437,3818993,pt,Masiewo
294062514,3818994,pt,Mashike
294062591,3818995,pt,Masiak
294062668,3818996,pt,Marzysz
294062745,3818997,pt,Marzenin
294062822,3818998,pt,Marzecin
294062899,3818999,pt,Marysinek
294062976,3819000,pt,Marysina
294063130,3819002,pt,Marysina
294063284,3819004,pt,Marysina
294063515,3819007,pt,Marysina
294063592,3819008,pt,Marysina
294063669,3819009,pt,Marysina
294063746,3819010,pt,Marysina
294063823,3819011,pt,Marynowo
294063900,3819012,pt,Marynopole
294063977,3819013,pt,Mar'ino
294064054,3819014,pt,Marynychi
294064131,3819015,pt,Marynka
294064208,3819016,pt,Maryniow
294064285,3819017,pt,Marynino
294064362,3819018,pt,Marynin
294064439,3819019,pt,Marynin
294064747,3819023,pt,Marynivka
294064824,3819024,pt,Marylka
294064978,3819026,pt,Maruszow
294065132,3819028,pt,Marusy
294065209,3819029,pt,Maruny
294065286,3819030,pt,Marta
294065363,3819031,pt,Marsiliana
294065517,3819033,pt,Marszowice
294065594,3819034,pt,Marozek
294065671,3819035,pt,Maroz
294065748,3819036,pt,Marlinowo
294065825,3819037,pt,Comuna de Markuszów
294065902,3819038,pt,Markuszow
294065979,3819039,pt,Marksoby
294066056,3819040,pt,Markow Towarzystwo
294066133,3819041,pt,Markowskie
294066210,3819042,pt,Markowo-Wolka
294066287,3819043,pt,Markowola
294066364,3819044,pt,Markowo
294066441,3819045,pt,Markowizna
294066518,3819046,pt,Markowce
294066595,3819047,pt,Comuna de Markowa
294066672,3819048,pt,Markowa
294066749,3819049,pt,Markiny
294066826,3819050,pt,Marki
294066903,3819051,pt,Marki
294067057,3819053,pt,Markajmy
294067134,3819054,pt,Mariew
294067211,3819055,pt,Marianskie Porzecze
294067365,3819057,pt,Marianowo
294067519,3819059,pt,Marianowka
294067750,3819062,pt,Marianow
294068058,3819066,pt,Marianow
294068366,3819070,pt,Marianow
294068520,3819072,pt,Marianow
294068597,3819073,pt,Marianow
294068751,3819075,pt,Marianow
294068828,3819076,pt,Marianki
294068905,3819077,pt,Marianki
294068982,3819078,pt,Marianki
294069136,3819080,pt,Marianka
294069367,3819083,pt,Marianka
294069598,3819086,pt,Marianka
294069752,3819088,pt,Mariampole
294069829,3819089,pt,Mariampol
294069983,3819091,pt,Mariampol
294070060,3819092,pt,Mariampol
294070214,3819094,pt,Mariampol
294070368,3819096,pt,Margole
294070522,3819098,pt,Mareczki
294070599,3819099,pt,Mareckie
294070830,3819102,pt,Marcjanka
294070907,3819103,pt,Marcinowo
294070984,3819104,pt,Marcinowo
294071061,3819105,pt,Marcinowka
294071215,3819107,pt,Marcinowice
294071292,3819108,pt,Marcinowa Wola
294071369,3819109,pt,Marcinow
294071446,3819110,pt,Marcinow
294071523,3819111,pt,Marcinkowo
294071677,3819113,pt,Marcinkowo
294071831,3819115,pt,Marcinkowice
294071908,3819116,pt,Marcinkowice
294071985,3819117,pt,Marcinkowice
294072062,3819118,pt,Marcinkow
294072139,3819119,pt,Marcinkow
294072216,3819120,pt,Marchocice
294072293,3819121,pt,Marchewki
294072447,3819123,pt,Marchelowka
294072524,3819124,pt,Marchaty
294072601,3819125,pt,Marcelino
294072755,3819127,pt,Maradki
294072832,3819128,pt,Many
294072909,3819129,pt,Manki
294072986,3819130,pt,Manki
294073063,3819131,pt,Maniowy
294073140,3819132,pt,Maniow
294073294,3819134,pt,Mani`
294073371,3819135,pt,Manasterz
294073448,3819136,pt,Manasterz
294073525,3819137,pt,Mamino
294073602,3819138,pt,Malyszyn
294073679,3819139,pt,Malyszczyn
294073756,3819140,pt,Maly Plock
294073910,3819142,pt,Maluzyn
294074064,3819144,pt,Malszewo
294074141,3819145,pt,Malszewko
294074372,3819148,pt,Malowista
294074449,3819149,pt,Malowidz
294074526,3819150,pt,Malowa Gora
294074603,3819151,pt,Maloszyce
294074680,3819152,pt,Maloszyce
294074757,3819153,pt,Maloszow
294074834,3819154,pt,Maloszow
294074911,3819155,pt,Malopole
294075065,3819157,pt,Maloniz
294075219,3819159,pt,Malomierzyce
294075373,3819161,pt,Małogoszcz
294075450,3819162,pt,Malogoskie
294075527,3819163,pt,Malocice
294075758,3819166,pt,Malmurzyn
294075835,3819167,pt,Malkowice
294075912,3819168,pt,Malkowice
294075989,3819169,pt,Malkowice
294076066,3819170,pt,Malkow
294076143,3819171,pt,Malkow
294076297,3819173,pt,Malkinie
294076374,3819174,pt,Malkinia Gorna
294076451,3819175,pt,Malkinia Dolna
294076605,3819177,pt,Malki
294076682,3819178,pt,Maliszow
294076759,3819179,pt,Maliszewo Perkusy
294076836,3819180,pt,Maliszewo Lynki
294077221,3819185,pt,Malinowo
294077298,3819186,pt,Malinowo
294077375,3819187,pt,Malinowka Wielka
294077452,3819188,pt,Malinowka
294077606,3819190,pt,Malinowka
294077683,3819191,pt,Malinowka
294077760,3819192,pt,Malinowka
294077837,3819193,pt,Maliniec Swidry
294077914,3819194,pt,Maliniec Swidry
294077991,3819195,pt,Malinie
294078068,3819196,pt,Malinie
294078145,3819197,pt,Malina
294078222,3819198,pt,Malina
294078299,3819199,pt,Malice Koscielne
294078376,3819200,pt,Malícia
294078453,3819201,pt,Malícia
294078530,3819202,pt,Malhowice
294078684,3819204,pt,Malewszczyzna
294078761,3819205,pt,Malewice
294078838,3819206,pt,Maleszowa
294078915,3819207,pt,Malesze
294079069,3819209,pt,Maleniska
294079146,3819210,pt,Maleniec
294079223,3819211,pt,Male Konskie
294079531,3819215,pt,Maleczyn
294079608,3819216,pt,Maleczyn
294079685,3819217,pt,Malecz
294079762,3819218,pt,Malechy
294079839,3819219,pt,Malec
294079916,3819220,pt,Malec
294079993,3819221,pt,Male Boze
294080070,3819222,pt,Maldanin
294080147,3819223,pt,Maldaniec
294080224,3819224,pt,Malczyn
294080301,3819225,pt,Malczow
294080455,3819227,pt,Malcanow
294080532,3819228,pt,Malcanow
294080609,3819229,pt,Mala Wola
294080763,3819231,pt,Mala Wies
294081071,3819235,pt,Mala Wies
294081148,3819236,pt,Mala Wies
294081225,3819237,pt,Mala Wies
294081456,3819240,pt,Mallamawa
294081610,3819242,pt,Malaszewicze
294081764,3819244,pt,Malastow
294081841,3819245,pt,Malamowka
294081995,3819247,pt,Mala Huta
294082072,3819248,pt,Malachowo
294082149,3819249,pt,Malachow
294082226,3819250,pt,Malacentow
294082303,3819251,pt,Mala
294082457,3819253,pt,Maksymow
294082534,3819254,pt,Maksymilianow
294082688,3819256,pt,Maksymilianow
294082765,3819257,pt,Makruty
294082842,3819258,pt,Makowskie
294082919,3819259,pt,Maków Mazowiecki
294082996,3819260,pt,Maków Mazowiecki
294083073,3819261,pt,Makowlany
294083150,3819262,pt,Makowka
294083227,3819263,pt,Makowka
294083304,3819264,pt,Makowisko
294083381,3819265,pt,Makowiska
294083458,3819266,pt,Makowiec Maly
294083535,3819267,pt,Makowiec Duzy
294083612,3819268,pt,Makowiec
294083689,3819269,pt,Makowica
294083766,3819270,pt,Makowica
294083843,3819271,pt,Makowa Rustykalna
294083920,3819272,pt,Makow
294083997,3819273,pt,Makow
294084074,3819274,pt,Makoszyn
294084151,3819275,pt,Makoszka
294084305,3819277,pt,Makosieje
294084382,3819278,pt,Makolin
294084459,3819279,pt,Makocice
294084613,3819281,pt,Maki
294084690,3819282,pt,Makarowka
294084767,3819283,pt,Makarki
294084844,3819284,pt,Majscowa
294084921,3819285,pt,Majkowice
294084998,3819286,pt,Majkow
294085075,3819287,pt,Majki-Tykiewki
294085152,3819288,pt,Majki
294085383,3819291,pt,Majdy
294085460,3819292,pt,Majdow
294085691,3819295,pt,Majdan Zbydniowski
294085845,3819297,pt,Majdany
294085922,3819298,pt,Majdany
294086076,3819300,pt,Majdan Wrotkowski
294086153,3819301,pt,Majdan Wierzchowinski
294086230,3819302,pt,Majdan Wielki
294086307,3819303,pt,Majdan Wielki
294086384,3819304,pt,Majdan Tuczepski
294086461,3819305,pt,Majdan Suski
294086538,3819306,pt,Majdan Surhowski
294086615,3819307,pt,Majdan Stary
294086769,3819309,pt,Majdan Starowiejski
294087154,3819314,pt,Majdan Sobieszczanski
294087231,3819315,pt,Majdan Skrzyniecki
294087385,3819317,pt,Majdan Skierbieszowski
294087462,3819318,pt,Majdan Sitaniecki
294087616,3819320,pt,Majdan Sieniawski
294087693,3819321,pt,Majdan Sielec
294087847,3819323,pt,Majdan Ruszowski
294087924,3819324,pt,Majdan Radlinski
294088155,3819327,pt,Majdan Ostrowski
294088232,3819328,pt,Majdan Nowy
294088309,3819329,pt,Majdan Nepryski
294088386,3819330,pt,Majdan Metowski
294088463,3819331,pt,Majdan Maly
294088617,3819333,pt,Majdan Luczycki
294088694,3819334,pt,Majdan Lipowiecki
294088771,3819335,pt,Majdan Lesniowski
294088848,3819336,pt,Majdan Kukawiecki
294088925,3819337,pt,Majdan Krzywski
294089002,3819338,pt,Majdan Krynicki
294089156,3819340,pt,Majdan Krolewski
294089310,3819342,pt,Majdan Krasieninski
294089387,3819343,pt,Majdan Kozlowiecki
294089464,3819344,pt,Majdan Kozic Gornych
294089541,3819345,pt,Majdan Kozic Dolnych
294089618,3819346,pt,Majdan Kobylanski
294089772,3819348,pt,Majdanki
294089849,3819349,pt,Majdan Kaweczynski
294089926,3819350,pt,Majdan Kasztelanski
294090234,3819354,pt,Majdan Gromadzki
294090311,3819355,pt,Majdan Grabina
294090388,3819356,pt,Majdan Gorny
294090465,3819357,pt,Majdan Golczanski
294090542,3819358,pt,Majdanek
294090696,3819360,pt,Majdan Brzezicki
294090773,3819361,pt,Majdan Borzechowski
294090850,3819362,pt,Majdan Borowski Drugi
294090927,3819363,pt,Majdan Borowski
294091004,3819364,pt,Majdan Borowski
294091081,3819365,pt,Majdan Abramowski
294091158,3819366,pt,Majdan
294091235,3819367,pt,Majdan
294091466,3819370,pt,Majdan
294092467,3819383,pt,Majdan
294092698,3819386,pt,Majdan
294092852,3819388,pt,Magão
294092929,3819389,pt,Magnusze
294093006,3819390,pt,Magnuszew Maly
294093083,3819391,pt,Magnuszew Duzy
294093160,3819392,pt,Magnuszew
294093237,3819393,pt,Magierowa Wola
294093314,3819394,pt,Magierow
294093391,3819395,pt,Magierow
294093468,3819396,pt,Magdalenowo
294093545,3819397,pt,Magdaleniec
294093699,3819399,pt,Maczewo
294093776,3819400,pt,Macze
294094084,3819404,pt,Mackowka
294094161,3819405,pt,Mackowicze
294094238,3819406,pt,Mackowice
294094315,3819407,pt,Mackowa Ruda
294094469,3819409,pt,Mociesze
294094546,3819410,pt,Macierzysz
294094623,3819411,pt,Maciejow Stary
294094700,3819412,pt,Maciejow Nowy
294094777,3819413,pt,Maciejowieta
294094854,3819414,pt,Maciejowice
294094931,3819415,pt,Maciejowice
294095008,3819416,pt,Maciejowice
294095085,3819417,pt,Maciejowice
294095162,3819418,pt,Maciejowice
294095239,3819419,pt,Maciejowa Wola
294095393,3819421,pt,Maciejowa
294095470,3819422,pt,Maciejow
294095547,3819423,pt,Maciejow
294095624,3819424,pt,Maciejowice
294095701,3819425,pt,Machow-Czupel
294095778,3819426,pt,Machow-Czupel
294095855,3819427,pt,Machowa
294095932,3819428,pt,Machory
294096086,3819430,pt,Machocice-Scholasteria
294096240,3819432,pt,Machnowka
294096317,3819433,pt,Machnowek
294096394,3819434,pt,Machnow
294096471,3819435,pt,Machnatka
294096548,3819436,pt,Machcin
294096625,3819437,pt,Machary
294096702,3819438,pt,Macharce
294096856,3819440,pt,Lyszkowice
294096933,3819441,pt,Lysow
294097010,3819442,pt,Lysow
294097087,3819443,pt,Lysonie
294097164,3819444,pt,Lysolaje
294097241,3819445,pt,Lysokanie
294097395,3819447,pt,Lysobyki
294097472,3819448,pt,Jeziorzany
294097549,3819449,pt,Lise
294097703,3819451,pt,Lysakowo
294097780,3819452,pt,Lysakowo
294097857,3819453,pt,Lysakowek
294097934,3819454,pt,Lysakow
294098011,3819455,pt,Lysakow
294098165,3819457,pt,Lysakow
294098242,3819458,pt,Lysa Gora
294098319,3819459,pt,Lysa Gora
294098396,3819460,pt,Lysa Gora
294098473,3819461,pt,Lysa Gora
294098550,3819462,pt,Lysa Gora
294098627,3819463,pt,Lyniew
294098704,3819464,pt,Lyna
294098781,3819465,pt,Lykoszyn
294098858,3819466,pt,Lyczba
294098935,3819467,pt,Lyczanka
294099012,3819468,pt,Lyczana
294099089,3819469,pt,Lychow
294099243,3819471,pt,Łużna
294099320,3819472,pt,Luzhna
294099397,3819473,pt,Luzki
294099628,3819476,pt,Luzany
294099705,3819477,pt,Lutynowo
294099782,3819478,pt,Lutry
294099859,3819479,pt,Lutowiska
294099936,3819480,pt,Lutostan
294100013,3819481,pt,Lutoryz
294100090,3819482,pt,Lutobrok
294100167,3819483,pt,Lutobory
294100244,3819484,pt,Lutkowo
294100321,3819485,pt,Lutkowka
294100398,3819486,pt,Lutkow
294100475,3819487,pt,Lutek
294100552,3819488,pt,Lute
294100629,3819489,pt,Lutcza
294100706,3819490,pt,Luta
294100783,3819491,pt,Luta
294100860,3819492,pt,Luszyca
294101091,3819495,pt,Luszowice Gorne
294101245,3819497,pt,Luszewo
294101399,3819499,pt,Luszczow
294101553,3819501,pt,Luszczków
294101707,3819503,pt,Luszcze
294101784,3819504,pt,Luszczacz
294101861,3819505,pt,Luszawa
294101938,3819506,pt,Lusławice
294102015,3819507,pt,Al Musin
294102092,3819508,pt,Lupstych
294102169,3819509,pt,Lupowo
294102400,3819512,pt,Lupki
294102477,3819513,pt,Tremoço
294102554,3819514,pt,Lupichy
294102631,3819515,pt,Lupianka Nowa
294102708,3819516,pt,Lupianka Nowa
294102785,3819517,pt,Luniewo Wielkie
294102862,3819518,pt,Luniewo Male
294102939,3819519,pt,Luniew
294103016,3819520,pt,Lumbie
294103093,3819521,pt,Lukta
294103170,3819522,pt,Lukowo
294103247,3819523,pt,Lukowisko
294103324,3819524,pt,Lukowiec
294103401,3819525,pt,Lukowiec
294103478,3819526,pt,Lukowiec
294103555,3819527,pt,Lukowiec
294103632,3819528,pt,Lukowiec
294103709,3819529,pt,Lukowica
294103786,3819530,pt,Lukowek
294103863,3819531,pt,Lukowe
294103940,3819532,pt,Lukowce
294104094,3819534,pt,Lukowa
294104171,3819535,pt,Lukowa
294104248,3819536,pt,Lukowa
294104325,3819537,pt,Łuków
294104402,3819538,pt,Łuków
294104633,3819541,pt,Lukawska Wola
294104710,3819542,pt,Lukawka
294104787,3819543,pt,Lukawka
294104941,3819545,pt,Lukawiec
294105018,3819546,pt,Lukawiec
294105095,3819547,pt,Lukawica
294105172,3819548,pt,Lukawica
294105249,3819549,pt,Lukawica
294105326,3819550,pt,Lukawica
294105403,3819551,pt,Lukawa
294105480,3819552,pt,Lukawa
294105557,3819553,pt,Lukaszowka
294105634,3819554,pt,Lukanowice
294105711,3819555,pt,Luka
294106019,3819559,pt,Lugwald
294106096,3819560,pt,Lugowice
294106173,3819561,pt,Lugow
294106327,3819563,pt,Lugi Wielkie
294106404,3819564,pt,Lugi-Retki
294106481,3819565,pt,Lugiele
294106558,3819566,pt,Lugi
294106712,3819568,pt,Lug
294106866,3819570,pt,Al `Udaynah
294106943,3819571,pt,Ludwinowo Zegrzynskie
294107020,3819572,pt,Ludwinowo Debskie
294107097,3819573,pt,Ludwinowo
294107174,3819574,pt,Ludwinow
294107251,3819575,pt,Ludwinow
294107328,3819576,pt,Ludwinow
294107405,3819577,pt,Ludwinow
294107636,3819580,pt,Ludwinow
294108175,3819587,pt,Comuna de Ludwin
294108252,3819588,pt,Comuna de Ludwin
294108329,3819589,pt,Ludwikow
294108406,3819590,pt,Ludwikow
294108483,3819591,pt,Ludwikow
294108560,3819592,pt,Nowy Ludwikow
294108791,3819595,pt,Ludwikow
294108868,3819596,pt,Ludwikow
294108945,3819597,pt,Ludwikow
294109022,3819598,pt,Ludmilowka
294109176,3819600,pt,Luczynow
294109253,3819601,pt,Luczyce
294109407,3819603,pt,Lucznica
294109638,3819606,pt,Lucynow Duzy
294109715,3819607,pt,Sorte
294109792,3819608,pt,Lucjanow
294109869,3819609,pt,Lucina
294110023,3819611,pt,Lucimia
294110100,3819612,pt,Luchow Gorny
294110177,3819613,pt,Luchow Dolny
294110254,3819614,pt,Lubzina
294110331,3819615,pt,Luby-Kurki
294110408,3819616,pt,Luby-Kiertany
294110485,3819617,pt,Lubycza Królewska
294110562,3819618,pt,Lubycza Kniazie
294110639,3819619,pt,Luby
294110793,3819621,pt,Lubowicz Wielki
294110870,3819622,pt,Lubowicz-Katy
294110947,3819623,pt,Lubowicz-Byzie
294111024,3819624,pt,Lubotyn
294111101,3819625,pt,Luborzyca
294111178,3819626,pt,Luborzyca
294111255,3819627,pt,Lubomirka
294111332,3819628,pt,Lubomino
294111409,3819629,pt,Lubomierz
294111486,3819630,pt,Lubomierz
294111563,3819631,pt,Lubomierz
294111717,3819633,pt,Lubocz
294111794,3819634,pt,Lubochnia-Gorki
294111871,3819635,pt,Lubochnia
294111948,3819636,pt,Lubochenek
294112025,3819637,pt,Espaço Lubno
294112179,3819639,pt,Lubno
294112256,3819640,pt,Lubno
294112333,3819641,pt,Lubniki
294112410,3819642,pt,Lubnice
294112487,3819643,pt,Lubliniec Stary
294112564,3819644,pt,Lubliniec Nowy
294112641,3819645,pt,Lublin
294112718,3819646,pt,Lublin
294112795,3819647,pt,Lublica
294112872,3819648,pt,Lubla
294112949,3819649,pt,Lubki
294113026,3819650,pt,Lubki
294113103,3819651,pt,Lubka
294113257,3819653,pt,Lubin Rudolty
294113334,3819654,pt,Lubin Koscielny
294113411,3819655,pt,Lubinka
294113488,3819656,pt,Lubiewo
294113565,3819657,pt,Lubieszcze
294113642,3819658,pt,Lubiesza
294113719,3819659,pt,Lubienko
294113796,3819660,pt,Lubenka
294113873,3819661,pt,Lubieniec
294113950,3819662,pt,Lubienica
294114027,3819663,pt,Lubienia
294114104,3819664,pt,Lubiel Stary
294114181,3819665,pt,Lubiel Stary
294114258,3819666,pt,Lubiejewo
294114335,3819667,pt,Lubiejewo
294114489,3819669,pt,Lubiec
294114566,3819670,pt,Lubiczyn
294114643,3819671,pt,Lubiczko
294114720,3819672,pt,Lubice
294114874,3819674,pt,Lubianka
294114951,3819675,pt,Lubiane
294115028,3819676,pt,Lubian
294115105,3819677,pt,Luberadz
294115182,3819678,pt,Lubenia
294115259,3819679,pt,Lubejki
294115336,3819680,pt,Lubcze
294115413,3819681,pt,Lubcza
294115490,3819682,pt,Lubcza
294115567,3819683,pt,Lubatowka
294115644,3819684,pt,Lubatowa
294115721,3819685,pt,Lubatka
294115798,3819686,pt,Lubaszowa
294115875,3819687,pt,Lubartów
294115952,3819688,pt,Lubartów
294116029,3819689,pt,Lubania
294116106,3819690,pt,Lubaczów
294116183,3819691,pt,Lubaczów
294116260,3819692,pt,Lścin
294116337,3819693,pt,Sloboda-Selets
294116414,3819694,pt,Lozowo
294116491,3819695,pt,Loznik
294116568,3819696,pt,Lozki
294116645,3819697,pt,Lozice
294116722,3819698,pt,Loza
294116799,3819699,pt,Lowocie
294116876,3819700,pt,Lownica
294116953,3819701,pt,Lowisko
294117030,3819702,pt,Lowinia
294117107,3819703,pt,Lowczowek
294117184,3819704,pt,Lowczow
294117261,3819705,pt,Lowcza
294117338,3819706,pt,Lowcza
294117415,3819707,pt,Lowce
294117492,3819708,pt,Lotow
294117569,3819709,pt,Lostowka
294117646,3819710,pt,Lososina Gorna
294117723,3819711,pt,Lososina Dolna
294117800,3819712,pt,Oshino
294117877,3819713,pt,Losinka
294117954,3819714,pt,Losiniec
294118031,3819715,pt,Losiniec
294118108,3819716,pt,Losiniany
294118185,3819717,pt,Losiewo
294118416,3819720,pt,Losiewice
294118493,3819721,pt,Losienek
294118570,3819722,pt,Losien
294118647,3819723,pt,Losie
294118724,3819724,pt,Losie
294118878,3819726,pt,Łosice
294118955,3819727,pt,Losia Wolka
294119032,3819728,pt,Los
294119109,3819729,pt,Los
294119186,3819730,pt,Lorcin
294119263,3819731,pt,Łopuszno
294119417,3819733,pt,Lopuszna
294119494,3819734,pt,Lopuszka Wielka
294119571,3819735,pt,Lopuszka Mala
294119648,3819736,pt,Lopusze
294119725,3819737,pt,Lopuchowo
294119879,3819739,pt,Lopuchowo
