id,city_id,language_key,name
99400268,1290913,mn,Гуадуалито
99400345,1290914,mn,Ла Мариа
99400499,1290916,mn,Ла Квинта
99400576,1290917,mn,Ла Тройа
99400884,1290921,mn,Зулуага
99400961,1290922,mn,Зулиа
99401192,1290925,mn,Зипакира
99401269,1290926,mn,Зипацон
99401346,1290927,mn,Зетакура
99401423,1290928,mn,Эль Пинал
99401885,1290934,mn,Зарзал
99401962,1290935,mn,Зарате
99402039,1290936,mn,Сарагоса
99402732,1290945,mn,Сапзурро
99402886,1290947,mn,Запотал
99402963,1290948,mn,Запатоса
99403117,1290950,mn,Запатоца
99403271,1290952,mn,Запата
99403502,1290955,mn,Занйон Рицо
99403579,1290956,mn,Занйон Хондо
99403656,1290957,mn,Занйон де Пиедра
99404272,1290965,mn,Замбрано
99404426,1290967,mn,Замбито
99404657,1290970,mn,Закариа
99404811,1290972,mn,Забалетас
99404965,1290974,mn,Ыуто
99405196,1290977,mn,Ыурупари
99405889,1290986,mn,Ыумбо
99406736,1290997,mn,Ыотоцо
99407275,1291004,mn,Ыопал
99407429,1291006,mn,Ыондо
99407583,1291008,mn,Ыоломбо
99408276,1291017,mn,Ыаварате
99408738,1291023,mn,Ыасцуал
99408815,1291024,mn,Ыарумито
99408892,1291025,mn,Ыарумалес
99409123,1291028,mn,Ыарумал
99409970,1291039,mn,Якива
99410663,1291048,mn,Ыалу
99410740,1291049,mn,Ыали
99411125,1291054,mn,Ыагуара
99411433,1291058,mn,Ыацуанкуер
99411510,1291059,mn,Ыацопи
99412126,1291067,mn,Вуэльта Ларга
99412588,1291073,mn,Воладор
99412896,1291077,mn,Витербо
99413281,1291082,mn,Виста Хермоса
99413435,1291084,mn,Вистахермоса
99413820,1291089,mn,Вирудо
99413974,1291091,mn,Виролин
99414051,1291092,mn,Виргиниас
99414436,1291097,mn,Вирацацха
99414513,1291098,mn,Виота
99414590,1291099,mn,Винди
99414975,1291104,mn,Виллета
99415052,1291105,mn,Виллавиейа
99415129,1291106,mn,Виллавиценцио
99415206,1291107,mn,Вилла Урибе
99415745,1291114,mn,Вилларрица
99415822,1291115,mn,Вилла Рица
99415899,1291116,mn,Вилла дел Росарио
99415976,1291117,mn,Вилла Роса
99416669,1291126,mn,Виллапинзон
99416977,1291130,mn,Виллануева
99417054,1291131,mn,Виллануева
99417824,1291141,mn,Вилла Нуева
99418132,1291145,mn,Виллануева
99418286,1291147,mn,Виллануева
99418902,1291155,mn,Вилла Мартин
99419210,1291159,mn,Вилла Мария
99419441,1291162,mn,Вилламариа
99419672,1291165,mn,Вилла Лопез
99420134,1291171,mn,Густаво Адольфо Мадеро
99420211,1291172,mn,Вилла Хермоса
99420365,1291174,mn,Виллагомез
99420442,1291175,mn,Виллагарзон
99420673,1291178,mn,Вилла Флор
99420904,1291181,mn,Вилла Естер
99421212,1291185,mn,Вилла де Леыва
99421366,1291187,mn,Вилла Фатима
99421443,1291188,mn,Вилла Цонто
99421520,1291189,mn,Вилла Цоломбиа
99421597,1291190,mn,Вилла Цларет
99421828,1291193,mn,Вилла Циенциа
99421982,1291195,mn,Вилла Царола
99422136,1291197,mn,Вилла Царо
99422675,1291204,mn,Вийес
99422829,1291206,mn,Вийагуал
99423445,1291214,mn,Вигиа дел Фуерте
99423984,1291221,mn,Ла Викториа
99424061,1291222,mn,Виктория
99424523,1291228,mn,Виани
99424600,1291229,mn,Ветас
99424677,1291230,mn,Весубио
99425216,1291237,mn,Версаллес
99425370,1291239,mn,Вергел
99425678,1291243,mn,Вергара
99425832,1291245,mn,Вердун
99426140,1291249,mn,Веранилло
99426294,1291251,mn,Веракруз
99427218,1291263,mn,Вентакуемада
99427603,1291268,mn,Венеро
99427757,1291270,mn,Венерал
99428296,1291277,mn,Венециа
99428989,1291286,mn,Венециа
99429605,1291294,mn,Венадилло
99429836,1291297,mn,Велез
99429990,1291299,mn,Веладеро
99430452,1291305,mn,Вегаларга
99430991,1291312,mn,Васкес
99431145,1291314,mn,Варсовиа
99431530,1291319,mn,Варела
99431838,1291323,mn,Ванегас
99431992,1291325,mn,Валпараисо
99432223,1291328,mn,Валпараисо
99432685,1291334,mn,Валлейуело
99432762,1291335,mn,Валледупар
99432993,1291338,mn,Венте де Новьембре
99433070,1291339,mn,Валле де Сан Йосе
99433147,1291340,mn,Валлецито
99433378,1291343,mn,Валенциа де Йесус
99433686,1291347,mn,Валенсиа
99433994,1291351,mn,Вальдивиа
99434302,1291355,mn,Вадо Реал
99434841,1291362,mn,Утика
99435072,1291365,mn,Усме
99435149,1291366,mn,Усиацури
99435226,1291367,mn,Усенда
99435457,1291370,mn,Урумита
99435996,1291377,mn,Уррао
99436381,1291382,mn,Уримацо
99436612,1291385,mn,Урибиа
99436766,1291387,mn,Урибе
99437459,1291396,mn,Сан Йосе де Уре
99437921,1291402,mn,Урамита
99438075,1291404,mn,Урамагранд
99439076,1291417,mn,Унгуиа
99439153,1291418,mn,Унете
99439307,1291420,mn,Уне
99439384,1291421,mn,Умпала
99439538,1291423,mn,Умбита
99439769,1291426,mn,Уллоа
99440308,1291433,mn,Вилла де Сан Диего де Убате
99440462,1291435,mn,Убаке
99440616,1291437,mn,Убала
99441078,1291443,mn,Тутунендо
99441309,1291446,mn,Тутаза
99441540,1291449,mn,Тута
99441617,1291450,mn,Турумбамбилла
99441848,1291453,mn,Турмина
99441925,1291454,mn,Турмек
99442002,1291455,mn,Турбо
99442156,1291457,mn,Турбана
99442233,1291458,mn,Турбацо
99442464,1291461,mn,Тукеррес
99442618,1291463,mn,Тупе
99442772,1291465,mn,Тунупе
99442849,1291466,mn,Тунунгуа
99443311,1291472,mn,Тунйа
99443388,1291473,mn,Туниа
99443696,1291477,mn,Тумбаторо
99443927,1291480,mn,Тумацо
99444004,1291481,mn,Тулуа
99444158,1291483,mn,Тулипан
99444774,1291491,mn,Туцуринца
99445005,1291494,mn,Туцхин
99445082,1291495,mn,Тубара
99445236,1291497,mn,Трухильо
99445852,1291505,mn,Тронкосо
99445929,1291506,mn,Тронцосито
99446314,1291511,mn,Тринидад
99447007,1291520,mn,Трес Куебрадас
99447392,1291525,mn,Трес Пиедрас
99447546,1291527,mn,Трес Палмас
99447623,1291528,mn,Трес Матас
99448393,1291538,mn,Трес Эскинас
99448624,1291541,mn,Трес Цруцес
99448778,1291543,mn,Трес Бокас
99449086,1291547,mn,Трементино
99449702,1291555,mn,Травесиас
99449856,1291557,mn,Травесиа
99451088,1291573,mn,Тотумито
99451319,1291576,mn,Тотумал
99451550,1291579,mn,Тосу
99451704,1291581,mn,Нийт
99452551,1291592,mn,Торо
99452782,1291595,mn,Торибио
99453244,1291601,mn,Токилла
99453398,1291603,mn,Топаипи
99453475,1291604,mn,Топага
99453937,1291610,mn,Тона
99454399,1291616,mn,Томарразон
99454553,1291618,mn,Толу Виейо
99454630,1291619,mn,Сантиаго де Толу
99455092,1291625,mn,Толима
99455400,1291629,mn,Толедо
99455477,1291630,mn,Толедо
99455631,1291632,mn,Тогуи
99455939,1291636,mn,Тофеме
99456016,1291637,mn,Тоез
99456401,1291642,mn,Тодос Лос Сантос
99456709,1291646,mn,Тоцота
99456940,1291649,mn,Тоцхе
99457248,1291653,mn,Тоцанципа
99457479,1291656,mn,Тоцаима
99457556,1291657,mn,Тоца
99457710,1291659,mn,Тобиа
99457787,1291660,mn,Тобасиа
99458018,1291663,mn,Титумате
99458172,1291665,mn,Титириби
99458403,1291668,mn,Тикуисио Нуево
99458634,1291671,mn,Типакоке
99458788,1291673,mn,Тинйаца
99459327,1291680,mn,Тимбики
99459404,1291681,mn,Тимбио
99459481,1291682,mn,Тимба
99459635,1291684,mn,Тимана
99459943,1291688,mn,Тийеретас
99460174,1291691,mn,Тигрера
99460405,1291694,mn,Тиерра Санта
99460944,1291701,mn,Тьерра Нуева
99461098,1291703,mn,Тиерра Негра
99461483,1291708,mn,Тиерралта
99461791,1291712,mn,Тьерра Грата
99462869,1291726,mn,Тиеррадентро
99463177,1291730,mn,Тиерра Бомба
99463331,1291732,mn,Тиерра Бланка
99463716,1291737,mn,Тиенда Нуева
99463793,1291738,mn,Тие
99463947,1291740,mn,Тибу
99464101,1291742,mn,Тибирита
99464332,1291745,mn,Тибасоса
99464563,1291748,mn,Тибана
99464717,1291750,mn,Тибацуы
99465333,1291758,mn,Тесцуал
99465410,1291759,mn,Тесалиа
99465487,1291760,mn,Теруел
99466026,1291767,mn,Тересита
99466257,1291770,mn,Теран
99466950,1291779,mn,Теорама
99467027,1291780,mn,Тенза
99467104,1291781,mn,Тенйо
99467412,1291785,mn,Тенерифе
99467720,1291789,mn,Тенериа
99467874,1291791,mn,Тенцхе
99468028,1291793,mn,Тена
99468490,1291799,mn,Телло
99469260,1291809,mn,Тауса
99469414,1291811,mn,Таурамена
99470107,1291820,mn,Тасцо
99470261,1291822,mn,Тасайера
99470415,1291824,mn,Тарсо
99470492,1291825,mn,Таррагона
99470723,1291828,mn,Тарки
99471031,1291832,mn,Таридо
99471262,1291835,mn,Тараза
99471647,1291840,mn,Тарапаца
99471955,1291844,mn,Тапиас
99472186,1291847,mn,Тапарал
99472494,1291851,mn,Тангуа
99472802,1291855,mn,Танела
99473033,1291858,mn,Танандо
99473110,1291859,mn,Танама
99473341,1291862,mn,Таминанго
99473418,1291863,mn,Тамесис
99473495,1291864,mn,Таме
99473572,1291865,mn,Тамборс
99473726,1291867,mn,Тамборал
99473880,1291869,mn,Ел Тамбор
99474419,1291876,mn,Тамбилло
99475035,1291884,mn,Тамара
99475189,1291886,mn,Тамаламекуито
99475343,1291888,mn,Тамаламекуе
99475882,1291895,mn,Талаута
99475959,1291896,mn,Талаигуа Виейо
99476036,1291897,mn,Талаигуа Нуево
99476113,1291898,mn,Талага
99476806,1291907,mn,Таганга
99476883,1291908,mn,Тагацхи
99477037,1291910,mn,Тадо
99477191,1291912,mn,Тацуеыо
99477499,1291916,mn,Тацхуело
99477653,1291918,mn,Тацасалума
99477807,1291920,mn,Тацамоцхо
99477884,1291921,mn,Тацамоцхито
99478115,1291924,mn,Тацалоа
99478423,1291928,mn,Таблонес
99478577,1291930,mn,Таблонцито
99478731,1291932,mn,Таблон
99479116,1291937,mn,Табио
99479193,1291938,mn,Табилес
99479424,1291941,mn,Табакаль
99479655,1291944,mn,Сутатенза
99479732,1291945,mn,Сутатауса
99479809,1291946,mn,Сутамарцхан
99480194,1291951,mn,Сусацон
99480348,1291953,mn,Сунгвизи
99480656,1291957,mn,Суримена
99480810,1291959,mn,Сур де Ата
99480887,1291960,mn,Сурата
99481041,1291962,mn,Супиа
99481118,1291963,mn,Супата
99481734,1291971,mn,Суесца
99481888,1291973,mn,Сукре
99482119,1291976,mn,Сукре
99482196,1291977,mn,Сукре
99482504,1291981,mn,Субиа
99482581,1291982,mn,Субацхокуе
99482658,1291983,mn,Суаза
99482812,1291985,mn,Суарез
99482889,1291986,mn,Суарез
99482966,1291987,mn,Суан
99483120,1291989,mn,Суаита
99483351,1291992,mn,Сотомайор
99483582,1291995,mn,Сотакура
99483813,1291998,mn,Сораца
99483890,1291999,mn,Сора
99483967,1292000,mn,Сопо
99484044,1292001,mn,Соплавиенто
99484198,1292003,mn,Сопладор
99484275,1292004,mn,Сопетран
99484352,1292005,mn,Сонсон
99484429,1292006,mn,Жензан
99484891,1292012,mn,Сомондоцо
99484968,1292013,mn,Сомбрериллос
99485199,1292016,mn,Соледад
99485584,1292021,mn,Ла Соледад
99485892,1292025,mn,Солано
99486046,1292027,mn,Согамосо
99486277,1292030,mn,Соцота
99486354,1292031,mn,Соцорро
99486585,1292034,mn,Соча Вьежо
99486662,1292035,mn,Соча
99486893,1292038,mn,Соата
99487047,1292040,mn,Соацха
99487278,1292043,mn,Сивиру
99487355,1292044,mn,Ситио Виейо
99487663,1292048,mn,Ситионуево
99487740,1292049,mn,Ситио Нуэво
99489434,1292071,mn,Сипи
99489819,1292076,mn,Синцерин
99490281,1292082,mn,Синцелейо
99490358,1292083,mn,Синцелейито
99490666,1292087,mn,Сан Луис де Синце
99490820,1292089,mn,Кантон Синай
99491128,1292093,mn,Симити
99491205,1292094,mn,Симийаца
99491359,1292096,mn,Симана
99491436,1292097,mn,Симацота
99491513,1292098,mn,Силвиа
99491590,1292099,mn,Силваниа
99491744,1292101,mn,Силва
99491821,1292102,mn,Силос
99493207,1292120,mn,Сибундоы
99493361,1292122,mn,Сибирь
99493746,1292127,mn,Сибате
99493823,1292128,mn,Сибарцо
99493977,1292130,mn,Сиахоке
99495286,1292147,mn,Севиллано
99495440,1292149,mn,Прадо-Севилла
99496133,1292158,mn,Севилла
99496287,1292160,mn,Севера
99496441,1292162,mn,Сескуиле
99496595,1292164,mn,Сервита
99497442,1292175,mn,Семпегуа
99497673,1292178,mn,Сеговиа
99498058,1292183,mn,Себастополь
99498905,1292194,mn,Сато
99498982,1292195,mn,Сативасур
99499059,1292196,mn,Сативанорте
99499213,1292198,mn,Сасаима
99499598,1292203,mn,Сардината
99499906,1292207,mn,Саравена
99500291,1292212,mn,Сапуыес
99500445,1292214,mn,Сан Зенон
99500676,1292217,mn,Сан Виценте дел Цагуан
99500753,1292218,mn,Сан Виценте де Цхуцури
99501138,1292223,mn,Сан Висенте
99502370,1292239,mn,Ел Сантуарио
99502447,1292240,mn,Сантуарио
99502601,1292242,mn,Ел Сантуарио
99502755,1292244,mn,Санто Томас
99504295,1292264,mn,Санто Доминго
99505219,1292276,mn,Сантиаго Апостол
99505450,1292279,mn,Сантьяго
99505758,1292283,mn,Сантьяго
99505989,1292286,mn,Санта Тересита
99506143,1292288,mn,Санта Тереза
99507683,1292308,mn,Санта София
99507991,1292312,mn,Санта Росита
99508376,1292317,mn,Санта Розалиа
99508453,1292318,mn,Санта Роза де Витербо
99508530,1292319,mn,Санта Роса де Тапиас
99508607,1292320,mn,Санта Роса де Саийа
99508684,1292321,mn,Санта Роса де Осос
99508838,1292323,mn,Санта Роса де Цабал
99509531,1292332,mn,Санта Роза
99512380,1292369,mn,Санта Роза
99513458,1292383,mn,Санта Рита
99515075,1292404,mn,Санта Рита
99515922,1292415,mn,Сантандер де Куилицхао
99515999,1292416,mn,Сантандер де ла Цруз
99516076,1292417,mn,Сантандер
99517077,1292430,mn,Сантана
99517231,1292432,mn,Санта Моника
99517462,1292435,mn,Санта Марта
99518694,1292451,mn,Санта Мария
99519002,1292455,mn,Санта Мария
99519233,1292458,mn,Розарио
99519618,1292463,mn,Санта Луиса
99519695,1292464,mn,Санта Люсиа
99521620,1292489,mn,Санта Летициа
99521851,1292492,mn,Санта Хуана
99522005,1292494,mn,Санта Изабел
99523006,1292507,mn,Санта Изабел
99523776,1292517,mn,Санта Изабел
99524161,1292522,mn,Санта Инес
99525701,1292542,mn,Санта Хелена
99525932,1292545,mn,Санта Фе
99527010,1292559,mn,Санта Елена
99528550,1292579,mn,Санта Елена
99528704,1292581,mn,Санта Елена
99529089,1292586,mn,Санта Круз
99530629,1292606,mn,Санта Клара
99531399,1292616,mn,Санта Сесилия
99531861,1292622,mn,Санта Каталина
99532862,1292635,mn,Санта Барбара
99533247,1292640,mn,Санта Барбара
99535172,1292665,mn,Санта Ана
99537713,1292698,mn,Сан Силвестр
99537944,1292701,mn,Сан Себастиан дел Бонго
99538021,1292702,mn,Сан Себастиан де Буенависта
99538329,1292706,mn,Сан Себастиан де Буенависта
99538637,1292710,mn,Сан Себастьян
99538791,1292712,mn,Сан Сальвадор
99540023,1292728,mn,Сан Роке
99540639,1292736,mn,Сан Рамон
99540870,1292739,mn,Сан Рафаел де Буенависта
99541486,1292747,mn,Сан Рафаэль де Жикорика
99542179,1292756,mn,Сан Рафаэль
99543642,1292775,mn,Сан Перегрино
99543719,1292776,mn,Сан Пелайо
99543796,1292777,mn,Сан Педро де Ураба
99544027,1292780,mn,Сан Педро де ла Сиерра
99544258,1292783,mn,Сан Педро де Аримена
99544489,1292786,mn,Сан Педро де Гуайараы
99545413,1292798,mn,Сан Педро
99546183,1292808,mn,Сан Педро
99547415,1292824,mn,Сан Педро
99548031,1292832,mn,Сан Пасцуал
99548185,1292834,mn,Сан Пабло де Борбур
99548262,1292835,mn,Сан Пабло Адентро
99548339,1292836,mn,Сан Пабло
99548955,1292844,mn,Сан Пабло
99550110,1292859,mn,Сан Пабло
99550187,1292860,mn,Сан Пабло
99550341,1292862,mn,Сан Онофре
99550418,1292863,mn,Сан Николас
99551265,1292874,mn,Сан Мигуел де Сема
99552189,1292886,mn,Сан Мигель
99554345,1292914,mn,Ла Дорада
99554422,1292915,mn,Сан Матиас
99554884,1292921,mn,Сан Матео
99555115,1292924,mn,Сан Мартин де Пурре
99555192,1292925,mn,Сан Мартин де Лоба
99556116,1292937,mn,Сан Мартин
99556347,1292940,mn,Сан Марино
99556501,1292942,mn,Сан Маркос
99556809,1292946,mn,Сан Луис де Паленке
99556886,1292947,mn,Сан Луис де Гацено
99556963,1292948,mn,Кубаррал
99558195,1292964,mn,Сан Луис
99559427,1292980,mn,Сан Луис
99560890,1292999,mn,Сан Лоренцо
99561121,1293002,mn,Сан Жулиан
99561275,1293004,mn,Сан Хуан Непомучено
99561352,1293005,mn,Сан Хуанито
99561429,1293006,mn,Сан Хуанито
99561660,1293009,mn,Сан Йуан де Ураба
99561814,1293011,mn,Сан Йуан де Тоцагуа
99561891,1293012,mn,Сан Йуан де Риосецо
99562122,1293015,mn,Сан Йуан дел Цесар
99562199,1293016,mn,Сан Хуан де ла Круз
99562353,1293018,mn,Сан Йуан де ла Цхина
99562661,1293022,mn,Сан Йуан де Бетулиа
99562815,1293024,mn,Сан Йуан де Арама
99562892,1293025,mn,Сан Йуанцито
99563046,1293027,mn,Сан Хуан
99563200,1293029,mn,Сан Хуан
99564432,1293045,mn,Сан Йосе де Суаита
99564509,1293046,mn,Сан Йосе де Ривера
99564663,1293048,mn,Сан Йосе де Паре
99564894,1293051,mn,Сан Йосе де Миранда
99564971,1293052,mn,Сан Йосе дел Пургаторио
99565048,1293053,mn,Сан Йосе дел Плаыон
99565125,1293054,mn,Сан Хосе дель Палмар
99565202,1293055,mn,Сан Хосе дель Нус
99565356,1293057,mn,Сан Йосе де лас Мартас
99565433,1293058,mn,Сан Йосе де лас Хермосас
99565587,1293060,mn,Сан Йосе де ла Монтана
99565664,1293061,mn,Иснос
99568744,1293101,mn,Сан Хосе
99570207,1293120,mn,Сан Хосе
99571054,1293131,mn,Сан Хосе
99571285,1293134,mn,Сан Хосе
99571516,1293137,mn,Сан Хорхе
99572825,1293154,mn,Сан Хоакин
99574134,1293171,mn,Сан Жеронимо
99574365,1293174,mn,Сан Хавьер
99574750,1293179,mn,Сан Йацинто дел Цауца
99574904,1293181,mn,Сан Жакинто
99575135,1293184,mn,Сан Исидро
99577599,1293216,mn,Сан Игнацио дел Опон
99577676,1293217,mn,Сан Игнасио
99578600,1293229,mn,Сан Грегорио
99578908,1293233,mn,Сан Гил
99578985,1293234,mn,Сан Жерардо
99579216,1293237,mn,Сан Габриел
99579293,1293238,mn,Сан Францисцо Йавиер
99579447,1293240,mn,Сан Францисцо де Наыа
99579524,1293241,mn,Сан Францисцо де Лоба
99579678,1293243,mn,Сан Франциско де Асис
99580833,1293258,mn,Сан Франциско
99580910,1293259,mn,Сан Франциско
99581064,1293261,mn,Сан Франциско
99581911,1293272,mn,Цхуаре
99582681,1293282,mn,Сан Франциско
99583297,1293290,mn,Сан Фернандо
99583990,1293299,mn,Сан Феликс
99584837,1293310,mn,Сан Фелипе
99584991,1293312,mn,Сан Фаустино
99585068,1293313,mn,Сан Эстебан
99585222,1293315,mn,Сан Естанислао
99585607,1293320,mn,Сан Эдуардо
99585684,1293321,mn,Сандовал
99585761,1293322,mn,Сандона
99585992,1293325,mn,Сан Диего
99586146,1293327,mn,Сан Даниел
99586223,1293328,mn,Сан Кристобал
99586300,1293329,mn,Сан Кристобал
99586762,1293335,mn,Сан Цлементе
99586916,1293337,mn,Сан Цлавер
99587532,1293345,mn,Сан Кайетано
99587840,1293349,mn,Сан Кайетано
99588148,1293353,mn,Сан Царлос де Гуароа
99588533,1293358,mn,Сан Карлос
99588610,1293359,mn,Сан Карлос
99588687,1293360,mn,Сан Карлос
99589303,1293368,mn,Сан Каликсто
99589380,1293369,mn,Сан Блас
99589534,1293371,mn,Сан Бернардо дел Виенто
99589996,1293377,mn,Сан Бернардо
99590304,1293381,mn,Сан Бернардо
99590535,1293384,mn,Сан Бенито Абад
99590612,1293385,mn,Сан Бенито
99590766,1293387,mn,Сан Бенито
99590997,1293390,mn,Сан Базилио
99591228,1293393,mn,Сан Бартоломе
99591382,1293395,mn,Сан Бартоло
99591613,1293398,mn,Сан Антонито
99591690,1293399,mn,Сан Антонио дел Текуендама
99591921,1293402,mn,Сан Антонио дел Рио
99592152,1293405,mn,Сан Антонио дел Цхами
99592229,1293406,mn,Сан Антонио де Цхуаре
99592306,1293407,mn,Сан Антонио де Агуилера
99593384,1293421,mn,Сан Антонио
99597542,1293475,mn,Сан Антонио
99598312,1293485,mn,Сан Антонио де Анацониа
99598389,1293486,mn,Сан Антонио де Гуруменды
99599775,1293504,mn,Сан Антонио де Гетуцха
99600160,1293509,mn,Сан Антеро
99600237,1293510,mn,Сан Антерито
99600391,1293512,mn,Сан Ангел
99600545,1293514,mn,Сан Андрес де Сотавенто
99600622,1293515,mn,Сан Андрес де Паломо
99600699,1293516,mn,Сан Андрес
99601161,1293522,mn,Сан Андрес
99601546,1293527,mn,Санаме
99601623,1293528,mn,Сан Альфонсо
99601854,1293531,mn,Сан Алейандро
99601931,1293532,mn,Элигио Эскивел Мендес (Эль Чоризо)
99602855,1293544,mn,Сан Агустин
99603317,1293550,mn,Сан Адолфо
99603625,1293554,mn,Самуриндо
99603702,1293555,mn,Сампуес
99603779,1293556,mn,Самари
99604087,1293560,mn,Саманиего
99604318,1293563,mn,Самана
99604472,1293565,mn,Самаца
99604549,1293566,mn,Салвадора
99604857,1293570,mn,Салоница
99605165,1293574,mn,Салоа
99605242,1293575,mn,Салитр
99605473,1293578,mn,Салитрал
99605627,1293580,mn,Салинас
99606166,1293587,mn,Сали
99606243,1293588,mn,Салгуерито
99606320,1293589,mn,Салгар
99606397,1293590,mn,Саленто
99606551,1293592,mn,Салдана
99606936,1293597,mn,Саламина
99607090,1293599,mn,Саламина
99607244,1293601,mn,Саладобланцо
99607552,1293605,mn,Ел Саладо
99607783,1293608,mn,Сахагун
99607860,1293609,mn,Сакраменто
99608014,1293611,mn,Сацхица
99608399,1293616,mn,Сацана
99608630,1293619,mn,Сацама
99608707,1293620,mn,Сабоя
99608861,1293622,mn,Сабанилла
99609092,1293625,mn,Сабанетас
99609169,1293626,mn,Сабанета
99610247,1293640,mn,Сабаназо
99610555,1293644,mn,Сабанас де Педро
99610632,1293645,mn,Сабанас де Муцацал
99610940,1293649,mn,Сабанас де Цали
99611017,1293650,mn,Сабанас де Белтран
99611171,1293652,mn,Сабанас
99611479,1293656,mn,Сабаналарга
99611787,1293660,mn,Сабаналарга
99611864,1293661,mn,Сабанал
99612018,1293663,mn,Сабанагранде
99612403,1293668,mn,Сабана Гранде
99612480,1293669,mn,Сабана де Торрес
99613250,1293679,mn,Сабалетас
99613481,1293682,mn,Орос
99614482,1293695,mn,Розо
99614559,1293696,mn,Роыота
99614713,1293698,mn,Ровира
99614867,1293700,mn,Ротинет
99614944,1293701,mn,Роса Виейа
99615175,1293704,mn,Росас
99615560,1293709,mn,Росал дел Монте
99615791,1293712,mn,Роса Бланца
99616253,1293718,mn,Рондон
99616484,1293721,mn,Ронцесваллес
99616715,1293724,mn,Рома
99616946,1293727,mn,Ролданилло
99617023,1293728,mn,Родео
99617100,1293729,mn,Эль Родео
99617331,1293732,mn,Родакуло
99617408,1293733,mn,Чулуурхаг Цэг
99617485,1293734,mn,Рош
99617562,1293735,mn,Роча
99617639,1293736,mn,Роблес
99618101,1293742,mn,Робледо
99618255,1293744,mn,Риверита
99618332,1293745,mn,Ривералта
99618486,1293747,mn,Ривера
99618640,1293749,mn,Рисаралда
99618717,1293750,mn,Рио Виехо
99619410,1293759,mn,Риосуцио
99619487,1293760,mn,Риосуцио
99619564,1293761,mn,Рио Секо
99619718,1293763,mn,Рионуево
99619795,1293764,mn,Рио Нуево
99620026,1293767,mn,Рионегро
99620180,1293769,mn,Рио Негро
99620334,1293771,mn,Риомар
99620488,1293773,mn,Риомансо
99620565,1293774,mn,Риолоро
99620719,1293776,mn,Риохацха
99620796,1293777,mn,Рио Гранде
99620950,1293779,mn,Рио Фрио
99621181,1293782,mn,Риофрио
99621258,1293783,mn,Рио де Оро
99621335,1293784,mn,Риоцларо
99621643,1293788,mn,Рио Бланко
99621720,1293789,mn,Риобланцо
99622028,1293793,mn,Рио Арриба
99622259,1293796,mn,Ринцон Санто
99622644,1293801,mn,Ринцон Хондо
99622798,1293803,mn,Ринцон Гуеррано
99623106,1293807,mn,Ринкон дель Мар
99623722,1293815,mn,Рицаурте
99624030,1293819,mn,Рицаурте
99624261,1293822,mn,Риацхуело
99624415,1293824,mn,Ревентонес
99624569,1293826,mn,Ретиро Нуево
99624646,1293827,mn,Ретиро де лос Индиос
99624877,1293830,mn,Ретиро
99625108,1293833,mn,Рестрепо
99625185,1293834,mn,Рестрепо
99625416,1293837,mn,Ресина
99625493,1293838,mn,Ресгардо
99626032,1293845,mn,Репелон
99626340,1293849,mn,Ремолино
99627418,1293863,mn,Ремедиос
99627649,1293866,mn,Регидор
99628188,1293873,mn,Рецетор
99628342,1293875,mn,Реал дел Обиспо
99629112,1293885,mn,Ракира
99629189,1293886,mn,Рангел
99629497,1293890,mn,Ранцхогранде
99629959,1293896,mn,Ранцхо де ла Цруз
99630498,1293903,mn,Рамирики
99631037,1293910,mn,Рагонвалиа
99631114,1293911,mn,Апуло
99631576,1293917,mn,Раболарго
99632500,1293929,mn,Квипиле
99632577,1293930,mn,Квинтеро
99632962,1293935,mn,Кинчиа
99633039,1293936,mn,Кимбаяа
99633270,1293939,mn,Квилкас
99633578,1293943,mn,Куичая
99633655,1293944,mn,Пуерто Куинцхана
99633732,1293945,mn,Кибдо
99633809,1293946,mn,Кветам
99634040,1293949,mn,Ел Куеремал
99634117,1293950,mn,Кверари
99634425,1293954,mn,Куебрадитас
99634733,1293958,mn,Кебрада Сека
99634887,1293960,mn,Куебрадасеца
99635118,1293963,mn,Куебрадануева
99635195,1293964,mn,Куебраданегра
99635503,1293968,mn,Кебрада Гранде
99636658,1293983,mn,Пурнио
99637120,1293989,mn,Пурисима де ла Цонцепцион
99637197,1293990,mn,Цэвэршүүлэх
99637890,1293999,mn,Пупиалес
99637967,1294000,mn,Пунто Нуево
99638275,1294004,mn,Пунта Верде
99638352,1294005,mn,Пунта Сеца
99638506,1294007,mn,Пунта Нуева
99638891,1294012,mn,Пунта де Ыанез
99639045,1294014,mn,Пунта де Пиедрас
99639122,1294015,mn,Пунта де Пьедра
99639276,1294017,mn,Пунта де Цартагена
99639584,1294021,mn,Пунта де Бланцо
99640200,1294029,mn,Пули
99640662,1294035,mn,Пуерто Уилцхес
99640816,1294037,mn,Пуерто Вилламизар
99640893,1294038,mn,Пуерто Виейо
99641124,1294041,mn,Пуерто Вицториа
99641278,1294043,mn,Эль Венадо
99641586,1294047,mn,Пуерто Валенциа
99641740,1294049,mn,Пуерто Валдивиа
99641971,1294052,mn,Пуерто Умбриа
99642125,1294054,mn,Пуерто Триунфо
99642433,1294058,mn,Пуерто Толедо
99642664,1294061,mn,Пуерто Тейада
99643049,1294066,mn,Пуерто Сантос
99643126,1294067,mn,Пуерто Санто
99643280,1294069,mn,Пуерто Сантандер
99643511,1294072,mn,Салгар
99643665,1294074,mn,Пуерто Салгар
99644050,1294079,mn,Пуэрто Росарио
99644127,1294080,mn,Пуерто Рондон
99644666,1294087,mn,Пуерто Ыуца
99644820,1294089,mn,Пуэрто Рико
99645205,1294094,mn,Пуерто Реы
99645667,1294100,mn,Пуерто Принципе
99645898,1294103,mn,Пуерто Порфиа
99646283,1294108,mn,Пуерто Патино
99646360,1294109,mn,Пуерто Парра
99646514,1294111,mn,Пуерто Оспина
99646591,1294112,mn,Пуерто Олаыа
99646668,1294113,mn,Пуерто Оцулто
99646745,1294114,mn,Пуэрто Нуэво
99647130,1294119,mn,Пуэрто Нино
99647592,1294125,mn,Пуерто Нарино
99647669,1294126,mn,Пуерто Наре
99648054,1294131,mn,Пуерто Мурилло
99648131,1294132,mn,Пуерто Москуито
99648362,1294135,mn,Пуерто Миранда
99648516,1294137,mn,Пуерто Меризалде
99648670,1294139,mn,Пуерто Мелук
99648824,1294141,mn,Пуэрто Анжел
99649825,1294154,mn,Пуерто Лопез
99650056,1294157,mn,Пуерто Ллерас
99650133,1294158,mn,Пуерто Лимон
99650672,1294165,mn,Пуэрто Либре
99650903,1294168,mn,Пуерто Леон
99650980,1294169,mn,Пуерто Легуизамо
99651673,1294178,mn,Пуерто Исабел
99651904,1294181,mn,Инирида
99652366,1294187,mn,Пуерто Гиралдо
99652520,1294189,mn,Пуерто Фразадас
99652597,1294190,mn,Пуерто Францо
99652674,1294191,mn,Пуерто Фенициа
99652751,1294192,mn,Пуерто Естрелла
99653136,1294197,mn,Пуерто Есцондидо
99653444,1294201,mn,Пуерто Ецхеверры
99653829,1294206,mn,Пуерто де Оро
99654060,1294209,mn,Пуерто де ла Цруз
99654830,1294219,mn,Пуерто Цордоба
99654984,1294221,mn,Пуерто Цоломбиа
99655754,1294231,mn,Пуерто Цлавер
99656601,1294242,mn,Пуерто Царрено
99656986,1294247,mn,Пуерто Цалдас
99657140,1294249,mn,Пуерто Цаиман
99657217,1294250,mn,Пуерто Цаиман
99657448,1294253,mn,Пуерто Боыаца
99657756,1294257,mn,Пуерто Боы
99657910,1294259,mn,Пуерто Богота
99658064,1294261,mn,Пуерто Беррио
99658295,1294264,mn,Пуерто Белгица
99658372,1294265,mn,Пуерто Белен
99658603,1294268,mn,Пуэрто Бадел
99658680,1294269,mn,Пуерто Асис
99658757,1294270,mn,Пуэрто Артуро
99659373,1294278,mn,Пуерто Арауйо
99659681,1294282,mn,Пуерто Антиокуиа
99659912,1294285,mn,Яхума Каллару
99660682,1294295,mn,Пуеррес
99660759,1294296,mn,Пуеррес
99660913,1294298,mn,Пуентетиерра
99661144,1294301,mn,Пуенте Согамосо
99661298,1294303,mn,Пуенте Пало
99661375,1294304,mn,Пуенте Национал
99661529,1294306,mn,Пуенте Иглесиас
99661606,1294307,mn,Пуенте Гранде
99661837,1294310,mn,Пуэнте Бояка
99661914,1294311,mn,Пуенте Бомба
99662145,1294314,mn,Пуеленйе
99662453,1294318,mn,Пуэбло Виежо
99662530,1294319,mn,Пуебло Виейо
99663531,1294332,mn,Пуеблоррицо
99663685,1294334,mn,Пуебло Рицо
99664070,1294339,mn,Пуеблонуево
99664609,1294346,mn,Пуебло Нуево Церро де Йулио
99664917,1294350,mn,Пуэбло Нуэво
99665225,1294354,mn,Пуэбло Нуэво
99666072,1294365,mn,Пуебло Бухо
99666226,1294367,mn,Пуебло Белло
99666380,1294369,mn,Пуэблито
99666842,1294375,mn,Пуеблилло
99666919,1294376,mn,Пуеблецито
99667150,1294379,mn,Пубенза
99667381,1294382,mn,Провинциал
99667458,1294383,mn,Провинциа
99668613,1294398,mn,Провиденсиа
99669229,1294406,mn,Примавера
99670384,1294421,mn,Пресиденте
99670538,1294423,mn,Пресентадо
99670615,1294424,mn,Прага
99670846,1294427,mn,Прадо
99670923,1294428,mn,Прадилла
99671154,1294431,mn,Прадера
99671616,1294437,mn,Позо Хондо
99672925,1294454,mn,Потреро Гранде
99673618,1294463,mn,Потрерито
99674080,1294469,mn,Колониа эль Виверо (Эль Пужидо)
99674157,1294470,mn,Потррилло
99675543,1294488,mn,Потоси
99676005,1294494,mn,Порвенир
99676544,1294501,mn,Португал де Пиедрас
99676621,1294502,mn,Португал
99677006,1294507,mn,Портонес
99677468,1294513,mn,Портучело
99678007,1294520,mn,нүх сүв
99678546,1294527,mn,Попонте
99678623,1294528,mn,Попаыан
99678700,1294529,mn,Понтон
99678854,1294531,mn,Понтезуела
99679085,1294534,mn,Понедера
99679162,1294535,mn,Ринцон де Помпеыа
99679855,1294544,mn,Полонуево
99680009,1294546,mn,Полони
99680086,1294547,mn,Полони
99680394,1294551,mn,Полицарпа
99680471,1294552,mn,Полецито
99681164,1294561,mn,Плаыон де Орозцо
99682011,1294572,mn,Плаыас Бланцас
99682242,1294575,mn,Плаыа Рица
99682473,1294578,mn,Плаыаррица
99682550,1294579,mn,Плаыа Нуева
99682627,1294580,mn,Плаыа Ларга
99682704,1294581,mn,Плая Гранде
99682858,1294583,mn,Плаыа де Оро
99683166,1294587,mn,Плаыа Алта
99683782,1294595,mn,Платанал
99684167,1294600,mn,Планпарейо
99684552,1294605,mn,Планета Рица
99685091,1294612,mn,Планадас
99685322,1294615,mn,Пизарро
99685399,1294616,mn,Салахонда
99685476,1294617,mn,Пизарра
99685707,1294620,mn,Пивийаы
99685861,1294622,mn,Питигуао
99686092,1294625,mn,Питаыо
99686323,1294628,mn,Питалито
99686554,1294631,mn,Питал
99686631,1294632,mn,Пита Ен Медио
99686785,1294634,mn,Пита Абайо
99686862,1294635,mn,Пита
99687170,1294639,mn,Писба
99687247,1294640,mn,Писанда
99688325,1294654,mn,Пиойо
99688402,1294655,mn,Пинзон
99688556,1294657,mn,Пинуэла
99688633,1294658,mn,Санта Барбара де Пинто
99689095,1294664,mn,Пиниллос
99689557,1294670,mn,Пинцхоте
99689711,1294672,mn,Пинал Саладо
99689788,1294673,mn,Пиналито
99690635,1294684,mn,Пилон
99690712,1294685,mn,Пилиза
99691097,1294690,mn,Пийино дел Цармен
99691174,1294691,mn,Пийигуаы
99691251,1294692,mn,Пийао
99691482,1294695,mn,Пиедрецитас
99691713,1294698,mn,Пиедрас Бланцас
99692021,1294702,mn,Пьедрас
99692175,1294704,mn,Пьедранча
99692329,1294706,mn,Пьедра Горда
99692714,1294711,mn,Пиедра де Молер
99693022,1294715,mn,Пие де Пепе
99693099,1294716,mn,Пие де Пато
99693176,1294717,mn,Пиедецуеста
99693869,1294726,mn,Пицхинде
99694023,1294728,mn,Пицхима
99694100,1294729,mn,Пицхицхи
99694639,1294736,mn,Пиамонте
99694947,1294740,mn,Пиагуа
99695717,1294750,mn,Песцадор
99696102,1294755,mn,Пескадеро
99696256,1294757,mn,Песца
99696333,1294758,mn,Песца
99696564,1294761,mn,Персиа
99696872,1294765,mn,Перпетуо Соцорро
99697180,1294769,mn,Перико
99697796,1294777,mn,Перейра
99698027,1294780,mn,Пералонсо
99698566,1294787,mn,Пике
99698951,1294792,mn,Пенсилваниа
99699490,1294799,mn,Пенон де Дуран
99699567,1294800,mn,Пенонцито
99699798,1294803,mn,Пенол Виейо
99699875,1294804,mn,Пенол
99699952,1294805,mn,Пенжамо
99700414,1294811,mn,Пена Цолорада
99700645,1294814,mn,Пена Бланка
99700722,1294815,mn,Пенас Бланцас
99701030,1294819,mn,Пелецхуа
99701107,1294820,mn,Пелаыа
99701800,1294829,mn,Педрегал
99702185,1294834,mn,Педраза
99702570,1294839,mn,Паз де Рио
99702647,1294840,mn,Паз де Арипоро
99703032,1294845,mn,Паыанде
99703109,1294846,mn,Паян
99703263,1294848,mn,Паыа
99703571,1294852,mn,Паваса
99703648,1294853,mn,Павас
99704110,1294859,mn,Паварандоцито
99704264,1294861,mn,Пауна
99704572,1294865,mn,Патуриа
99704726,1294867,mn,Патуца
99704803,1294868,mn,Палуато
99705188,1294873,mn,Пато
99705496,1294877,mn,Патио Бонито Сур
99705573,1294878,mn,Патио Бонито
99706266,1294887,mn,Патиллал
99706420,1294889,mn,Патилла
99706574,1294891,mn,Патицо
99706882,1294895,mn,Патиа
99707190,1294899,mn,Пасунцха
99707267,1294900,mn,Пасто
99707498,1294903,mn,Пасо Реал
99707883,1294908,mn,Пасо Нуево
99708422,1294915,mn,Пасо де ла Болса
99708653,1294918,mn,Пасо Анчо
99709115,1294924,mn,Пасцуита
99709192,1294925,mn,Пасца
99709500,1294929,mn,Пасацорриендо
99709654,1294931,mn,Пасацабаллос
99709885,1294934,mn,Партидас
99710116,1294937,mn,Паррага
99712734,1294971,mn,Парамо
99713581,1294982,mn,Парайсо
99714659,1294996,mn,Парагуацхон
99715044,1295001,mn,Пакило
99715352,1295005,mn,Папаыал
99715968,1295013,mn,Пантанос
99716507,1295020,mn,Пантанилло
99716584,1295021,mn,Панкеба
99716661,1295022,mn,Паникита
99716815,1295024,mn,Пангуи
99716892,1295025,mn,Панготе
99717123,1295028,mn,Пандигуандо
99717200,1295029,mn,Панди
99717354,1295031,mn,Пан де Азукар
99717739,1295036,mn,Панцитара
99717816,1295037,mn,Панцхиндо
99717970,1295039,mn,Панце
99718047,1295040,mn,Панан
99718355,1295044,mn,Памплонита
99718509,1295046,mn,Памплона
99718663,1295048,mn,Пампанилло
99718740,1295049,mn,Пампанилла
99718971,1295052,mn,Памбана
99719587,1295060,mn,Палотал
99720049,1295066,mn,Пало Секо
99720203,1295068,mn,Палонегро
99720819,1295076,mn,Паломино
99721204,1295081,mn,Паломас
99721589,1295086,mn,Паломар
99721666,1295087,mn,Ел Паломар
99722282,1295095,mn,Палогордо
99722513,1295098,mn,Пало де Агуа
99722667,1295100,mn,Палоцабилдо
99722744,1295101,mn,Пало Бланко
99722975,1295104,mn,Пало Альто
99723360,1295109,mn,Палмито
99723437,1295110,mn,Палмитас
99723514,1295111,mn,Палмитал
99724669,1295126,mn,Пальмира
99724823,1295128,mn,Палмицхал
99725593,1295138,mn,Палмасеца
99725670,1295139,mn,Палмас де Вино
99725747,1295140,mn,Палмас дел Соцорро
99726132,1295145,mn,Палмароса
99726209,1295146,mn,Палмарито
99727441,1295162,mn,Палмаритицо
99727518,1295163,mn,Палмар де Варела
99727672,1295165,mn,Палмар де Цанделариа
99727826,1295167,mn,Палмар
99728365,1295174,mn,Палма Алта
99728673,1295178,mn,Палетара
99729289,1295186,mn,Палестин
99729751,1295192,mn,Палестин
99730290,1295199,mn,Палермо
99730521,1295202,mn,Паленкуито
99730752,1295205,mn,Паленкуилло
99730906,1295207,mn,Паленк
99731368,1295213,mn,Паланкуеро
99731445,1295214,mn,Паламби
99731599,1295216,mn,Палациос
99731753,1295218,mn,Паласиноы
99731907,1295220,mn,Пайоналито
99732061,1295222,mn,Пажонал
99732908,1295233,mn,Пажарито
99733370,1295239,mn,Паиспамба
99733447,1295240,mn,Паипа
99733524,1295241,mn,Паиме
99733601,1295242,mn,Паимадо
99733678,1295243,mn,Паилитас
99733755,1295244,mn,Паила Арриба
99733832,1295245,mn,Паицол
99734371,1295252,mn,Паез
99734448,1295253,mn,Белалказар
99734525,1295254,mn,Падула
99734679,1295256,mn,Лас Маргаритас
99734833,1295258,mn,Падуа
99734910,1295259,mn,Падилла
99734987,1295260,mn,Пацора
99735603,1295268,mn,Пацхо
99735680,1295269,mn,Пацхита
99735834,1295271,mn,Пацхавита
99735911,1295272,mn,Пацхакуиаро
99736065,1295274,mn,Пацарни
99736219,1295276,mn,Овейас
99736373,1295278,mn,Оту
99736527,1295280,mn,Отрамина
99736604,1295281,mn,Отенга
99736681,1295282,mn,Отас
99736758,1295283,mn,Отанцхе
99736835,1295284,mn,Оспина Перез
99737066,1295287,mn,Оспина
99737220,1295289,mn,Ору
99737297,1295290,mn,Ортигал
99737451,1295292,mn,Ортега
99737605,1295294,mn,Орпуа
99738298,1295303,mn,Ороцуе
99738760,1295309,mn,Орипаыа
99739145,1295314,mn,Орихуеца
99739299,1295316,mn,Ориенте
99739453,1295318,mn,Органос
99739530,1295319,mn,Орейеро
99739838,1295323,mn,Опорапа
99739915,1295324,mn,Опогадо
99739992,1295325,mn,Опогодо
99740069,1295326,mn,Онзага
99740377,1295330,mn,Оливос
99740454,1295331,mn,Оливал
99740685,1295334,mn,Бодега төв
99741070,1295339,mn,Олаыа Херрера
99741147,1295340,mn,Олаыа
99742071,1295352,mn,Оицата
99742148,1295353,mn,Оиба
99742533,1295358,mn,Оцхали
99742841,1295362,mn,Окана
99742918,1295363,mn,Оцамонте
99742995,1295364,mn,Оцацхе
99743226,1295367,mn,Обонуцо
99743380,1295369,mn,Обандо
99743534,1295371,mn,Нутибара
99743765,1295374,mn,Нуки
99743919,1295376,mn,Нунцхиа
99743996,1295377,mn,Нуманциа
99744381,1295382,mn,Нуево Ретен
99744612,1295385,mn,Нуэво Параисо
99744766,1295387,mn,Нуэво Ориенте
99745305,1295394,mn,Нуэво Оризонте
99745382,1295395,mn,Нуэво Оризонте
99745844,1295401,mn,Нуево Цолон
99746075,1295404,mn,Нуево Аградо
99746152,1295405,mn,Нуева Вида
99746229,1295406,mn,Нуева Викториа
99746306,1295407,mn,Нуева Венециа
99746768,1295413,mn,Нуева Луциа
99747076,1295417,mn,Нуева Гранада
99747538,1295423,mn,Нуева Естрелла
99747615,1295424,mn,Нуева Естацион
99747769,1295426,mn,Нуева Эсперанза
99748308,1295433,mn,Нуева Цоломбиа
99748462,1295435,mn,Нуева Антиокуиа
99748616,1295437,mn,Новита
99749463,1295448,mn,Нороси
99749540,1295449,mn,Нормандиа
99749771,1295452,mn,Нухоерен
99749848,1295453,mn,Норцасиа
99750233,1295458,mn,Но Хаы Цомо Диос
99750541,1295462,mn,Ноцаима
99750695,1295464,mn,Нобса
99750772,1295465,mn,Ноанамито
99751003,1295468,mn,Нимаима
99751080,1295469,mn,Нило
99751388,1295473,mn,Никарагуа
99751696,1295477,mn,Нервити
99752081,1295482,mn,Немоцон
99752312,1295485,mn,Нейва
99752466,1295487,mn,Неира
99753005,1295494,mn,Нецоцли
99753082,1295495,mn,Нецхи
99753236,1295497,mn,Назарет
99753852,1295505,mn,Наварро
99754391,1295512,mn,Натагаима
99754468,1295513,mn,Натага
99755007,1295520,mn,Нарино
99755161,1295522,mn,Нарино
99755315,1295524,mn,Нарино
99755931,1295532,mn,Урибе Урибе
99756085,1295534,mn,Наранжал
99757240,1295549,mn,Наполос
99757548,1295553,mn,Нангума
99757933,1295558,mn,Набуга
99758010,1295559,mn,Музо
99758087,1295560,mn,Мутисцуа
99758241,1295562,mn,Мутата
99758780,1295569,mn,Муруйуы
99759011,1295572,mn,Муррапал
99759165,1295574,mn,Муриндо
99759396,1295577,mn,Мурильо
99760012,1295585,mn,Мундо Нуево
99760243,1295588,mn,Мундонуево
99760782,1295595,mn,Мумбу
99761013,1295598,mn,Мулатос
99761244,1295601,mn,Мулало
99761783,1295608,mn,Моыано
99761860,1295609,mn,Уул
99762168,1295613,mn,Мотилон
99762322,1295615,mn,Мотавита
99762630,1295619,mn,Москера
99762707,1295620,mn,Москера
99763708,1295633,mn,Морроцоы
99764247,1295640,mn,Морроа
99766326,1295667,mn,Морелиа
99766557,1295670,mn,Морцоте
99766634,1295671,mn,Морка
99766788,1295673,mn,Моралито
99766942,1295675,mn,Моралес
99767096,1295677,mn,Мокен
99767173,1295678,mn,Монтфорт
99767943,1295688,mn,Монтеррубио
99768944,1295701,mn,Монтериа
99769021,1295702,mn,Монтерредондо
99769406,1295707,mn,Монтенегро
99769560,1295709,mn,Монтелоро
99769868,1295713,mn,Монтелибано
99770099,1295716,mn,Монте Хермосо
99770176,1295717,mn,Монте Гранде
99770253,1295718,mn,Монтегранде
99771254,1295731,mn,Монтекристо
99771562,1295735,mn,Монтецитос
99772101,1295742,mn,Монтебонито
99772563,1295748,mn,Монтебелло
99772871,1295752,mn,Монтанитас
99772948,1295753,mn,Монтанита
99773102,1295755,mn,Ла Монтана
99773333,1295758,mn,Монсеррат
99773872,1295765,mn,Монрой
99774334,1295771,mn,Монопамба
99774411,1295772,mn,Монитос
99774488,1295773,mn,Монитос
99774642,1295775,mn,Моникира
99774873,1295778,mn,Монгуи
99775104,1295781,mn,Монгуа
99775181,1295782,mn,Монгон
99775797,1295790,mn,Момпос
99775951,1295792,mn,Момил
99776028,1295793,mn,Молинеро
99776259,1295796,mn,Молина
99776490,1295799,mn,Молагавита
99776721,1295802,mn,Пуэбло Нуево (Сан Кайетано)
99777183,1295808,mn,Моготес
99777414,1295811,mn,Модин
99777799,1295816,mn,Моцондино
99777876,1295817,mn,Моцоа
99778338,1295823,mn,Миту
99778415,1295824,mn,Мистрато
99779031,1295832,mn,Мираваллес
99779185,1295834,mn,Миранда
99779339,1295836,mn,Мирамар
99780417,1295850,mn,Мирафлорес
99780802,1295855,mn,Мирафлорес
99781033,1295858,mn,Мирадор
99781572,1295865,mn,Мингуилло
99781726,1295867,mn,Минго
99781957,1295870,mn,Минца
99782111,1295872,mn,Минас
99782496,1295877,mn,Милан
99783266,1295887,mn,Месопотами
99783343,1295888,mn,Месонес
99784883,1295908,mn,Мерседес
99784960,1295909,mn,Лас Мерседес
99785114,1295911,mn,Мерцадерес
99785730,1295919,mn,Мендез
99785884,1295921,mn,Менцхикуейо
99786115,1295924,mn,Мембриллал
99786423,1295928,mn,Мелгар
99786577,1295930,mn,Мелцхор
99786808,1295933,mn,Мейицо
99787270,1295939,mn,Ла Мейиа
99787655,1295944,mn,Медио Ранцхо
99787809,1295946,mn,Мадина
99788040,1295949,mn,Медиа Наранйа
99788117,1295950,mn,Медиа Луна
99788194,1295951,mn,Медиалуна
99788810,1295959,mn,Медиацаноа
99788887,1295960,mn,Меделлин дел Ариари
99789349,1295966,mn,Медельин
99789811,1295972,mn,Мецана
99789965,1295974,mn,Мазо
99790581,1295982,mn,Маыапо
99790658,1295983,mn,Маяа
99791043,1295988,mn,Матуыа
99791351,1295992,mn,Матитуы
99792506,1296007,mn,Матео Перез
99792583,1296008,mn,Матео Гомез
99793122,1296015,mn,Матецана
99794585,1296034,mn,Матанза
99794970,1296039,mn,Матаморос
99796202,1296055,mn,Мата де Гуиллин
99796356,1296057,mn,Мата де Кана
99797665,1296074,mn,Маруланда
99797819,1296076,mn,Маруамакуе
99797896,1296077,mn,Мартин Перез
99797973,1296078,mn,Мартиница
99798127,1296080,mn,Мартинез
99798204,1296081,mn,Мартинете
99798589,1296086,mn,Мартилло
99798820,1296089,mn,Марсилиана
99798974,1296091,mn,Марселла
99799436,1296097,mn,Марралу
99799513,1296098,mn,Маркес
99799667,1296100,mn,Маркуеталиа
99799975,1296104,mn,Мармато
99800360,1296109,mn,Сан Себастиан де Марикуита
99800437,1296110,mn,Марипи
99800822,1296115,mn,Маринилла
99801438,1296123,mn,Марианела
99801669,1296126,mn,Мариа ла Байа
99801746,1296127,mn,Мариа Антониа
99801900,1296129,mn,Мариангола
99802054,1296131,mn,Маргенто
99802131,1296132,mn,Маргарита
99803363,1296148,mn,Маранонал
99804133,1296158,mn,Марацаыо
99804287,1296160,mn,Марацаибо
99804749,1296166,mn,Маквенкал
99805827,1296180,mn,Эль Манзано
99805904,1296181,mn,Манзанилло дел Мар
99806366,1296187,mn,Манзанарес
99806674,1296191,mn,Мануел Сур
99807059,1296196,mn,Антекера
99807136,1296197,mn,Мантекуера
99807290,1296199,mn,Манта
99807598,1296203,mn,Манизалес
99807983,1296208,mn,Мани
99808060,1296209,mn,Мангуелито
99808291,1296212,mn,Манглар
99808522,1296215,mn,Мандингуилла
99808599,1296216,mn,Мандинга
99809138,1296223,mn,Манцхаг
99809369,1296226,mn,Манауре
99809523,1296228,mn,Манати
99810678,1296243,mn,Манагру
99811294,1296251,mn,Мамонцито
99811448,1296253,mn,Мамбита
99812064,1296261,mn,Малена
99812526,1296267,mn,Маламбо
99812834,1296271,mn,Малагана
99812988,1296273,mn,Малага
99813450,1296279,mn,Малабар
99814297,1296290,mn,Майагуал
99814451,1296292,mn,Майагуа
99814605,1296294,mn,Майто
99815067,1296300,mn,Маицира
99815144,1296301,mn,Маицао
99815529,1296306,mn,Махатес
99816222,1296315,mn,Магангуе
99816530,1296319,mn,Мадригал
99816761,1296322,mn,Мадрид
99817377,1296330,mn,Мацондо
99818378,1296343,mn,Мацхета
99818532,1296345,mn,Мацхадо
99818686,1296347,mn,Мацео
99818840,1296349,mn,Македон
99819302,1296355,mn,Мацаравита
99819764,1296361,mn,Мацанал
99819995,1296364,mn,Мацайан
99820765,1296374,mn,Луситаниа
99821304,1296381,mn,Луруацо
99821843,1296388,mn,Луцусгута
99822382,1296395,mn,Лозаниа
99822613,1296398,mn,Лурдес
99823460,1296409,mn,Лос Венадос
99823614,1296411,mn,Лос Вадос
99823691,1296412,mn,Лос Тупес
99825000,1296429,mn,Лос Сантос
99825154,1296431,mn,Лос Саладос
99825462,1296435,mn,Лос Ремедиос
99825924,1296441,mn,Лос Пуентес
99826155,1296444,mn,Лос Пондорес
99826463,1296448,mn,Лос онгоцууд
99826848,1296453,mn,Лос Пинос
99826925,1296454,mn,Лос Пинонес
99827387,1296460,mn,Лос Пендалес
99827772,1296465,mn,Лос Патос
99828003,1296468,mn,Лос Патиос
99828234,1296471,mn,Лос Пантанос
99828388,1296473,mn,Лос Палмитос
99829235,1296484,mn,Лос Нисперос
99829466,1296487,mn,Лос Негритос
99829774,1296491,mn,Лос Наранжос
99830313,1296498,mn,Лос Моренерос
99830467,1296500,mn,Конкиста Кампесина
99830544,1296501,mn,Лос Монос
99831006,1296507,mn,Лос Мимбрес
99831083,1296508,mn,Лос Милагрос
99831391,1296512,mn,Лос Медиос
99832084,1296521,mn,Лос Мангос
99833162,1296535,mn,Лос Лланос
99833778,1296543,mn,Лос Лимонес
99834086,1296547,mn,Лос Лаурелс
99834933,1296558,mn,Лос Хорнитос
99835010,1296559,mn,Лос Хатицос
99835241,1296562,mn,Лос Гуаябос
99836396,1296577,mn,Лос Гомез
99836627,1296580,mn,Лос Гарзонес
99836781,1296582,mn,Лос Галвис
99838013,1296598,mn,Лос Цурос
99838629,1296606,mn,Лос Корралес
99839091,1296612,mn,Лос Цордобас
99839168,1296613,mn,Лос Цоразонес
99839245,1296614,mn,Лос Цоразонес
99839784,1296621,mn,Лос Кокос
99840015,1296624,mn,Лос Чоррос
99840862,1296635,mn,Лос Серритос
99841247,1296640,mn,Лос-Седрос
99841632,1296645,mn,Лос-Седрос
99841786,1296647,mn,Лос Цаыитос
99841863,1296648,mn,Лос Цауцхос
99842248,1296653,mn,Лос Царретос
99842402,1296655,mn,Лос Цардонес
99842556,1296657,mn,Лос Цанос
99844096,1296677,mn,Лос Бразос
99844712,1296685,mn,Лос Беллос
99845405,1296694,mn,Лос Арраянес
99845636,1296697,mn,Лос Арболес
99845713,1296698,mn,Лос Анжелитос
99845944,1296701,mn,Лос Анжелес
99846714,1296711,mn,Лос Андес
99847638,1296723,mn,Лос Анаыес
99847792,1296725,mn,Лос Алтос
99848023,1296728,mn,Лос Алпес
99848639,1296736,mn,Лос Алпес
99848793,1296738,mn,Лос Алмендрос
99849024,1296741,mn,Лос Алгарробос
99849640,1296749,mn,Лорица
99850333,1296758,mn,Лопез
99850410,1296759,mn,Лопез
99850564,1296761,mn,Лондрес
99850718,1296763,mn,Ломитас
99851103,1296768,mn,Лома Верде
99851565,1296774,mn,Лома де Арена
99853028,1296793,mn,Лома де Цорредор
99853182,1296795,mn,Лома Колорада
99853413,1296798,mn,Лома Алта
99853567,1296800,mn,Лобо Гуерреро
99853721,1296802,mn,Ллоро
99853798,1296803,mn,Ллоренте
99854029,1296806,mn,Ллано Гранде
99854799,1296816,mn,Ллано де Палмас
99854953,1296818,mn,Ллано де ла Вирген
99855338,1296823,mn,Лланитос
99855569,1296826,mn,Лланадас
99855646,1296827,mn,Ллацуанас
99855723,1296828,mn,Литуаниа
99855954,1296831,mn,Лисбоа
99856416,1296837,mn,Линарес
99856570,1296839,mn,Лимонес
99857879,1296856,mn,Либорина
99857956,1296857,mn,Либертад
99858033,1296858,mn,Ла Либертад
99858110,1296859,mn,Либериа
99858572,1296865,mn,Либано
99858649,1296866,mn,Эль Либано
99858803,1296868,mn,Летрас
99859727,1296880,mn,Летициа
99859881,1296882,mn,Лерма
99859958,1296883,mn,Лерида
99860112,1296885,mn,Леон Ксиии
99860420,1296889,mn,Ленгуазакуе
99860805,1296894,mn,Леива
99861344,1296901,mn,Лебрийа
99861498,1296903,mn,Ла Зулиа
99861806,1296907,mn,Лазаро
99862268,1296913,mn,Ла Е
99862576,1296917,mn,Ла Вуэльта
99862807,1296920,mn,Ла Ворагине
99862961,1296922,mn,Ла Вивиенда
99863346,1296927,mn,Ла Виргиниа
99863577,1296930,mn,Ла Виржен
99864039,1296936,mn,Ла Вина
99866041,1296962,mn,Ла Викториа
99866965,1296974,mn,Ла Викториа
99867966,1296987,mn,Ла Верде
99868274,1296991,mn,Ла Вентуроса
99868428,1296993,mn,Ла Вентура
99868813,1296998,mn,Ла Вента
99870969,1297026,mn,Ла Вега
99871277,1297030,mn,Ла Вега
99871816,1297037,mn,Ла Увита
99871893,1297038,mn,Ла Уруриа
99873048,1297053,mn,Бетел
99873818,1297063,mn,Бетел
99874203,1297068,mn,Бетел
99874665,1297074,mn,Бетел
99874742,1297075,mn,Ла Унион Пенеыа
99874896,1297077,mn,Ла Тупиа
99875050,1297079,mn,Ла Тулиа
99875204,1297081,mn,Ла Троже
99875512,1297085,mn,Ла Тринидад
99876359,1297096,mn,Ла Травесиа
99876821,1297102,mn,Ла Торре
99876898,1297103,mn,Ла Тома
99877899,1297116,mn,Ла Тебаида
99878130,1297119,mn,Ла Тагуа
99879362,1297135,mn,Лас Виолетас
99879824,1297141,mn,Лас Вегас
99880363,1297148,mn,Лас Варас
99880440,1297149,mn,Лас Вакас
99880594,1297151,mn,Ла Сусана
99880671,1297152,mn,Ла Суиза
99880979,1297156,mn,Ла Субида
99881903,1297168,mn,Венустиано Карранза (Эль Пажонал)
99882981,1297182,mn,Лас Таблитас
99883674,1297191,mn,Лас Пунтас
99884059,1297196,mn,Лас Позас
99884752,1297205,mn,Лас Пьедрас
99885368,1297213,mn,Лас Пенас
99885599,1297216,mn,Лас Пелонас
99885676,1297217,mn,Лас Павитас
99885830,1297219,mn,Лас Павас
99886446,1297227,mn,Лас Паредес
99886831,1297232,mn,Лас Паломас
99887139,1297236,mn,Лас Палмитас
99887678,1297243,mn,Лас Палмерас
99887755,1297244,mn,Лас Палмас
99888833,1297258,mn,Лас Паилас
99889603,1297268,mn,Ла Сонора
99889834,1297271,mn,Ла Солита
99889988,1297273,mn,Ла Солера
99891143,1297288,mn,Лас Нубес
99892991,1297312,mn,Лас Месас
99896225,1297354,mn,Лас Мариас
99897765,1297374,mn,Лас Майагуас
99898150,1297379,mn,Лас Лланадас
99898381,1297382,mn,Лас Лаурас
99898612,1297385,mn,Лас Лайитас
99898689,1297386,mn,Лас Лажас
99899151,1297392,mn,Ла Хунта
99899228,1297393,mn,Лас Хунтас
99899998,1297403,mn,Лас Йарабас
99900229,1297406,mn,Лас Ислас
99900537,1297410,mn,Ла Сириа
99900845,1297414,mn,Ла Сирена
99901230,1297419,mn,Ла Сиеррита
99901769,1297426,mn,Ла Сьерра
99902154,1297431,mn,Лас Хуакас дель Киже
99902462,1297435,mn,Лас Гуамас
99903155,1297444,mn,Гуацас
99904002,1297455,mn,Лас Флорес
99905850,1297479,mn,Ла Селва
99906158,1297483,mn,Ла Агуадита
99906620,1297489,mn,Лас Делисис
99908853,1297518,mn,Лас Дамас
99909315,1297524,mn,Лас Крус
99910547,1297540,mn,Лас Цолес
99910778,1297543,mn,Лас Цхиспас
99910932,1297545,mn,Лас Цхицхас
99911086,1297547,mn,Лас Цхаркуитас
99911471,1297552,mn,Лас Цаситас
99912010,1297559,mn,Лас Царас
99912087,1297560,mn,Лас Каноас
99912472,1297565,mn,Лас Цамелиас
99913011,1297572,mn,Лас Брисас
99915398,1297603,mn,Лас Ботас
99915475,1297604,mn,Лас Бокиллас
99915706,1297607,mn,Лас Боцас
99915860,1297609,mn,Боцас
99916091,1297612,mn,Лас Балсас
99916630,1297619,mn,Анимас
99917323,1297628,mn,Ла Салина
99917631,1297632,mn,Лас Агуадитас
99917785,1297634,mn,Лас Агуадас
99917939,1297636,mn,Лас Ацациас
99918324,1297641,mn,Ларрайнзар
99919248,1297653,mn,Ла Ривера
99919479,1297656,mn,Ла Ринконада
99919556,1297657,mn,Ла Рибона
99919864,1297661,mn,Ла Ретирада
99920788,1297673,mn,Ла Рейоыа
99920865,1297674,mn,Ла Рейнера
99921019,1297676,mn,Ла Регина
99921173,1297678,mn,Ла Реформа
99922790,1297699,mn,Ла Раыа
99923098,1297703,mn,Ла Растра
99923329,1297706,mn,Ла Рамбла
99923791,1297712,mn,Ла Рада
99924561,1297722,mn,Ла Куиебра
99924946,1297727,mn,Ла Куебрада
99925331,1297732,mn,Ла Пунтица
99925408,1297733,mn,Ла Пунта де лос Ремедиос
99925485,1297734,mn,Ла Пунта
99925870,1297739,mn,Ла Пуэрта
99927333,1297758,mn,Ла Профунда
99927949,1297766,mn,Ла Примавера
99928488,1297773,mn,Ла Прадера
99929720,1297789,mn,Апосентос
99930105,1297794,mn,Ла Поза
99931029,1297806,mn,Ла Попа
99931183,1297808,mn,Ла Пола
99931491,1297812,mn,Ла Плазуэла
99931722,1297815,mn,Ла Плаза
99931799,1297816,mn,Ла Плейта
99932261,1297822,mn,Ла Плайа
99932954,1297831,mn,Ла Плата
99933108,1297833,mn,Ла Планада
99933724,1297841,mn,Ла Пинтада
99933955,1297844,mn,Ла Пилона
99934417,1297850,mn,Ла Пицхе
99934648,1297853,mn,Ла Пескуера
99936265,1297874,mn,Ла Пена
99936573,1297878,mn,Ла Пеинада
99936650,1297879,mn,Ла Педрера
99936727,1297880,mn,Ла Педрегоса
99937035,1297884,mn,Ла Пас
99937343,1297888,mn,Ла Пас
99937805,1297894,mn,Ла Патриа
99938267,1297900,mn,Ла Пасцуала
99938498,1297903,mn,Ла Паррокиа
99938806,1297907,mn,Ла Панама
99939114,1297911,mn,Ла Палмита
99940346,1297927,mn,Ла Пальмилла
99940423,1297928,mn,Ла Палмера
99940808,1297933,mn,Ла Пальма
99941809,1297946,mn,Ла Пальма
99942887,1297960,mn,Ла Паила
99943118,1297963,mn,Ла Пацха
99944042,1297975,mn,Ла Нуева Донйуана
99944658,1297983,mn,Ландазури
99946352,1298005,mn,Ла Монтуоса
99946583,1298008,mn,Ла Монтанита
99947430,1298019,mn,Ла Мина
99947738,1298023,mn,Ла Миел
99947969,1298026,mn,Ла Месета
99948431,1298032,mn,Ла Меса
99948970,1298039,mn,Ла Мерцед
99949432,1298045,mn,Доголон
99949586,1298047,mn,Ла Мата
99949740,1298049,mn,Ла Марина
99951588,1298073,mn,Ла Мариа
99952127,1298080,mn,Ла Маргарита
99952897,1298090,mn,Ла Манта
99952974,1298091,mn,Ла Манта
99953128,1298093,mn,Ла Манса
99953359,1298096,mn,Ла манга
99953667,1298100,mn,Ла Мана
99953821,1298102,mn,Ла Магдалена
99953975,1298104,mn,Пуерто Наре
99954283,1298108,mn,Ла Мадера
99954822,1298115,mn,Ла Луиса
99954976,1298117,mn,Ла Луча
99955823,1298128,mn,Ла Ломита
99955900,1298129,mn,Ла Лома
99957286,1298147,mn,Ла Лобата
99957594,1298151,mn,Ла Лланада
99957671,1298152,mn,Ла Ллана
99957825,1298154,mn,Ла Линда
99959596,1298177,mn,Ла Леонера
99959673,1298178,mn,Ла Леона
99960674,1298191,mn,Ла Лагуна
99962599,1298216,mn,Ла Йосефина
99962984,1298221,mn,Ла Йарра
99963061,1298222,mn,Ла Йагуа дел Пилар
99963215,1298224,mn,Ла Йагуа де Ибирицо
99963292,1298225,mn,Ла Жагуа
99963600,1298229,mn,Ла Италиа
99963677,1298230,mn,Ла Ислита
99963831,1298232,mn,Ла Исла
99964139,1298236,mn,Исла де лос Палациос
99964909,1298246,mn,Ла Исабел
99965217,1298250,mn,Ла Индиа
99965756,1298257,mn,Ла Илусион
99966218,1298263,mn,Ла Ибериа
99966372,1298265,mn,Ла Хумареда
99966680,1298269,mn,Ла Хоркуета
99967296,1298277,mn,Ла Хонда
99968066,1298287,mn,Ла Холанда
99968374,1298291,mn,Ла Херрадура
99969067,1298300,mn,Ла Хаыа
99969144,1298301,mn,Ла Хабана
99969606,1298307,mn,Лагунитас
99969760,1298309,mn,Лагунита
99970453,1298318,mn,Лагунета
99970607,1298320,mn,Лагуна Флор
99970684,1298321,mn,Лагуна де Ортицес
99972378,1298343,mn,Ла Гуафилла
99972609,1298346,mn,Ла Гран Виа
99972763,1298348,mn,Ла Гранйита
99972840,1298349,mn,Ла Гранжа
99973918,1298363,mn,Ла Гранде
99974072,1298365,mn,Ла Гранада
99974534,1298371,mn,Ла Гомез
99975843,1298388,mn,Ла Глориа
99976305,1298394,mn,Ла Гавиота
99976613,1298398,mn,Ла Гарита
99976844,1298401,mn,Ла Галлера
99977229,1298406,mn,Ла Фуэнте
99977460,1298409,mn,Ла Фронтера
99977768,1298413,mn,Ла Фриа
99977845,1298414,mn,Ла Фреснеда
99977999,1298416,mn,Ла Фрагуа
99978076,1298417,mn,Ла Фортуна
99978538,1298423,mn,Ла Форталеза
99978615,1298424,mn,Ла Фонда
99981695,1298464,mn,Ла Флорида
99981772,1298465,mn,Ла Флореста
99983081,1298482,mn,Ла Фигуероа
99983235,1298484,mn,Ла Фериа
99983312,1298485,mn,Ла Фелиса
99983466,1298487,mn,Ла Фе
99984852,1298505,mn,Ла Эстрелла
99985391,1298512,mn,Ла Эстансиа
99985930,1298519,mn,Ла Эстасион
99986777,1298530,mn,Есприелла
99989010,1298559,mn,Ла Эсперанза
99992860,1298609,mn,Ла Еспанола
99992937,1298610,mn,Ла Эсмеральда
99995478,1298643,mn,Ла Есцуела
99995709,1298646,mn,Ла Эрмита
99996248,1298653,mn,Ла Энсенада
99996402,1298655,mn,Ла Енеа
99996633,1298658,mn,Ла Энкарнасион
99996710,1298659,mn,Ла Елвира
99997249,1298666,mn,Ла Дуда
99997403,1298668,mn,Ладриллерос
99997480,1298669,mn,Ла Драга
99997788,1298673,mn,Ла Дорада
99997942,1298675,mn,Ла Донйуана
99998019,1298676,mn,Ла Доминга
99998173,1298678,mn,Ла Доцтрина
99998404,1298681,mn,Ла Диана
99998558,1298683,mn,Ла Деспенса
99999020,1298689,mn,Ла Депресион
99999174,1298691,mn,Ла Делфина
99999328,1298693,mn,Ла Данта
99999636,1298697,mn,Ла Курва
99999944,1298701,mn,Ла Камбре
100000252,1298705,mn,Ла Куева
100000637,1298710,mn,Ла Куэста
100000791,1298712,mn,Ла Кучилла
100001715,1298724,mn,Ла Црузада
100002485,1298734,mn,Ла Круз
100002793,1298738,mn,Ла Цристалина
100003332,1298745,mn,Ла Цорона
100004872,1298765,mn,Ла Конкордиа
100005103,1298768,mn,Ла Консепсион
100006720,1298789,mn,Ла САРХ [Виверо]
100006951,1298792,mn,Ла Цомарца
100007105,1298794,mn,Ла Колорада
100007336,1298797,mn,Ла Колониа
100007644,1298801,mn,Ла Колониа
100007721,1298802,mn,Ла Цоломбиа
100008260,1298809,mn,Ла Цларита
100008337,1298810,mn,Ла Клара
100009415,1298824,mn,Ла Цхоррера
100009569,1298826,mn,Ла Цхоррера
100009723,1298828,mn,Ла Цхоррера
100009954,1298831,mn,Ла Цхикуита
100010108,1298833,mn,Ла Цхина
100010493,1298838,mn,Ла Цхапа
100010647,1298840,mn,Ла Цхапа
100010878,1298843,mn,Ла Цхамба
100011186,1298847,mn,Ла Целиа
100011340,1298849,mn,Ла Цейита
100011879,1298856,mn,Ла Сежа
100012341,1298862,mn,Ла Сейба
100014343,1298888,mn,Ла Цастилла
100014420,1298889,mn,Ла Цасцада
100014574,1298891,mn,Ла Царрера
100015036,1298897,mn,Ла Кармелита
100015267,1298900,mn,Ла Капилла
100015344,1298901,mn,Ла Капилла
100015960,1298909,mn,Ла Канделяриа
100016114,1298911,mn,Ла Канделяриа
100016499,1298916,mn,Ла Канад
100016807,1298920,mn,Ла Кампина
100017192,1298925,mn,Ла Цамара
100017346,1298927,mn,Ла Цалле
100017500,1298929,mn,Ла Калера
100017808,1298933,mn,Ла Калдера
100018963,1298948,mn,Ла Цабана
100020426,1298967,mn,Ла Буитрера
100020657,1298970,mn,Ла Бреа
100020734,1298971,mn,Лабранзагранде
100020888,1298973,mn,Ла Ботица
100021042,1298975,mn,Лаборес
100021119,1298976,mn,Ла Бокуилла
100021196,1298977,mn,Ла Бонгуита
100021581,1298982,mn,Колониа Тепоктекито Санта Моника
100021966,1298987,mn,Ла Бодега
100022351,1298992,mn,Ла Бокана
100022505,1298994,mn,Ла Бока
100022890,1298999,mn,Ла Бермейа
100023891,1299012,mn,Ла Беллеза
100024276,1299017,mn,Ла Барриалоса
100024430,1299019,mn,Ла Барца
100024661,1299022,mn,Ла Балсита
100024738,1299023,mn,Ла Балса
100025431,1299032,mn,Ла Баластрера
100025508,1299033,mn,Ла Байа
100025893,1299038,mn,Ла Аурора
100027972,1299065,mn,Ла Аргентин
100028049,1299066,mn,Ла Аргелиа
100028511,1299072,mn,Ла Арена
100029897,1299090,mn,Ла Амалиа
100030205,1299094,mn,Ла Алианза
100030590,1299099,mn,Ла Алдеа
100030667,1299100,mn,Ла Албаниа
100030821,1299102,mn,Ла Агустина
100031360,1299109,mn,Ла Агуада
100032207,1299120,mn,Ла Ацекуиа
100034825,1299154,mn,Кеинана
100036981,1299182,mn,Касиволвин
100040908,1299233,mn,Йурадо
100041216,1299237,mn,Йунтас де Урамита
100041447,1299240,mn,Жунта нар
100041986,1299247,mn,Жунин
100042063,1299248,mn,Жунин
100042602,1299255,mn,Йулумито
100042987,1299260,mn,Йуаруцо
100043064,1299261,mn,Йуан ы Медио
100043526,1299267,mn,Йуан Мина
100043911,1299272,mn,Йуан Йосе
100044065,1299274,mn,Йуан Игнацио
100044296,1299277,mn,Йуан Фрио
100044450,1299279,mn,Йуан де Ацоста
100044681,1299282,mn,Йуанцхито
100045066,1299287,mn,Йуана Санцхез
100045143,1299288,mn,Йуан Ариас
100045913,1299298,mn,Йосе Мариа Хернандез
100045990,1299299,mn,Йосе Мариа
100046991,1299312,mn,Жордан
100047145,1299314,mn,Йонговито
100048839,1299336,mn,Йигуалес
100049224,1299341,mn,Есүс Мария
100049378,1299343,mn,Есүс дель Монте
100049763,1299348,mn,Йерусален
100049994,1299351,mn,Жерико
100050071,1299352,mn,Жерико
100051072,1299365,mn,Йенесано
100051149,1299366,mn,Йейен
100051226,1299367,mn,Йегуа
100051534,1299371,mn,Йаыпапехин
100052612,1299385,mn,Йардин
100052843,1299388,mn,Йараба
100052997,1299390,mn,Йапон
100053228,1299393,mn,Йанеиро
100053305,1299394,mn,Йамунди
100053382,1299395,mn,Йамондино
100053459,1299396,mn,Йамбало
100053690,1299399,mn,Жалиско
100054999,1299416,mn,Иза
100055384,1299421,mn,Итуанго
100055769,1299426,mn,Итаибе
100055846,1299427,mn,Итагуи
100056000,1299429,mn,Истмина
100056077,1299430,mn,Ислитас
100056308,1299433,mn,Исла Гранде
100056462,1299435,mn,Исла дел Росарио
100057771,1299452,mn,Исцуанде
100057848,1299453,mn,Исаза
100057925,1299454,mn,Исабел Лопез
100058541,1299462,mn,Зирара
100059003,1299468,mn,Икира
100059388,1299473,mn,Ипиалес
100059773,1299478,mn,Инза
100061313,1299498,mn,Имуес
100061390,1299499,mn,Имбили
100061621,1299502,mn,Илес
100062237,1299510,mn,Ицононзо
100062699,1299516,mn,Ибериа
100063084,1299521,mn,Ибагуе
100063469,1299526,mn,Хумбо
100065933,1299558,mn,Хуасано
100067781,1299582,mn,Хоыоррицо
100068859,1299596,mn,Хоризонтес
100068936,1299597,mn,Хоризонте
100069167,1299600,mn,Гондурас
100069629,1299606,mn,Хонда
100069706,1299607,mn,Холгуин
100070014,1299611,mn,Хойас Анцхас
100070245,1299614,mn,Хобо
100070399,1299616,mn,Хиспаниа
100070784,1299621,mn,Хигуеронцито
100070861,1299622,mn,Хигуерон
100071169,1299626,mn,Хигуеретал
100071400,1299629,mn,Хибацхаро
100071477,1299630,mn,Хервео
100071554,1299631,mn,Эррера
100071708,1299633,mn,Херран
100072093,1299638,mn,Хередиа
100072247,1299640,mn,Хенекен
100072401,1299642,mn,Хелицониа
100072632,1299645,mn,Хато Виежо
100073171,1299652,mn,Хатовиейо
100073479,1299656,mn,Хато Виежо
100074172,1299665,mn,Хатонуево
100074249,1299666,mn,Хато Нуево
100075327,1299680,mn,Хато Гранде
100076097,1299690,mn,Муниципио Хато Цорозал
100076405,1299694,mn,Хато
100076636,1299697,mn,Хатилло де Лоба
100076713,1299698,mn,Хатилло
100076790,1299699,mn,Эль Хатилло
100085491,1299812,mn,Байо Гранде
100085876,1299817,mn,Хацари
100085953,1299818,mn,Гутиеррез
100086877,1299830,mn,Гуинтар
100087031,1299832,mn,Гуинеал
100087108,1299833,mn,Гвиней
100087493,1299838,mn,Гуицан
100087647,1299840,mn,Гуепса
100087955,1299844,mn,Гуазо
100088340,1299849,mn,Гуаыата
100088417,1299850,mn,Гуаякил
100088956,1299857,mn,Гуаыацанес
100089033,1299858,mn,Гуаыацанал
100089110,1299859,mn,Гуаыацана
100089726,1299867,mn,Эль Гуаябо
100089803,1299868,mn,Гуаябито
100090034,1299871,mn,Гуаыабетал
100090111,1299872,mn,Гуаыабал де Сикуима
100092267,1299900,mn,Гуавата
100092421,1299902,mn,Гуатица
100092575,1299904,mn,Гватеке
100092729,1299906,mn,Гуатавита
100092806,1299907,mn,Гуатакуита
100092883,1299908,mn,Гуатакуисито
100092960,1299909,mn,Гуатаки
100093037,1299910,mn,Гуатапе
100093114,1299911,mn,Гуатанцуы
100093191,1299912,mn,Гуалтал
100093268,1299913,mn,Гуатаца
100094115,1299924,mn,Гуасимал
100094500,1299929,mn,Гуасца
100094808,1299933,mn,Гуарумо
100095193,1299938,mn,Гуарне
100095424,1299941,mn,Гуариноцито
100095732,1299945,mn,Гуарато
100096271,1299952,mn,Гуаранда
100096579,1299956,mn,Гуарацуре
100096810,1299959,mn,Гуакири
100096964,1299961,mn,Гуапотон
100097118,1299963,mn,Гуапота
100097272,1299965,mn,Гуапи
100097426,1299967,mn,Гуантерос
100097503,1299968,mn,Гуане
100098119,1299976,mn,Гуанабано
100098273,1299978,mn,Гуанабанал
100098735,1299984,mn,Гуамо
100099274,1299991,mn,Гуами
100099659,1299996,mn,Гуамалито
100099813,1299998,mn,Гуамал
100100506,1300007,mn,Гуамал
100100737,1300010,mn,Гуамацхито
100100814,1300011,mn,Гуамацхал
100100968,1300013,mn,Гуалон
100101122,1300015,mn,Гуалматан
100101353,1300018,mn,Гуали
100101430,1300019,mn,Гуаландаы
100101738,1300023,mn,Гуаитарилла
100101969,1300026,mn,Гуаипа
100102200,1300029,mn,Гуаимаро
100102508,1300033,mn,Гуаимарал
100103740,1300049,mn,Гуадуас
100104202,1300055,mn,Гуадуалейо
100104356,1300057,mn,Гуадуал
100104741,1300062,mn,Гуадрахума
100105049,1300066,mn,Гвадалупа
100105126,1300067,mn,Гвадалупа
100105203,1300068,mn,Гвадалупа
100105819,1300076,mn,Гуацоцхито
100105896,1300077,mn,Гуацоцхе
100106050,1300079,mn,Гуацирцо
100106435,1300084,mn,Гуацхуцал
100106512,1300085,mn,Гуацхинте
100106589,1300086,mn,Гуацхицоно
100106743,1300088,mn,Гуацхета
100106820,1300089,mn,Гуацхене
100106897,1300090,mn,Гуацхавес
100107128,1300093,mn,Гуацхал
100107205,1300094,mn,Гуацхаца
100107744,1300101,mn,Гуацари
100107821,1300102,mn,Гуацамаыо
100108283,1300108,mn,Гуацамаыас
100108514,1300111,mn,Гуацамаыал
100108976,1300117,mn,Гуаца
100109130,1300119,mn,Гуабитас
100109207,1300120,mn,Гуабас
100109284,1300121,mn,Гуабал
100110516,1300137,mn,Гранада
100110593,1300138,mn,Гранада
100110747,1300140,mn,Гранада
100110901,1300142,mn,Гранада
100111363,1300148,mn,Грамалоте
100111671,1300152,mn,Сьерра дель Грамал
100112056,1300157,mn,Гонзалез
100112287,1300160,mn,Гомез Плата
100112518,1300163,mn,Голондринас
100112980,1300169,mn,Жирон
100113211,1300172,mn,Гирардота
100113288,1300173,mn,Гирардот
100113365,1300174,mn,Жиралдо
100113827,1300180,mn,Гинебра
100113981,1300182,mn,Гиганте
100114058,1300183,mn,Гибралтар
100114982,1300195,mn,Генова
100115136,1300197,mn,Генова
100115367,1300200,mn,Газадуйе
100115829,1300206,mn,Гавалда
100116137,1300210,mn,Гарзон
100116291,1300212,mn,Карризал
100116368,1300213,mn,Гаррапатеро
100116907,1300220,mn,Гардениа
100117061,1300222,mn,Гарцитас
100117215,1300224,mn,Гарциа Цадена
100117600,1300229,mn,Гарбадо
100117677,1300230,mn,Гаравито
100117908,1300233,mn,Гарагоа
100118216,1300237,mn,Гамеза
100118293,1300238,mn,Гамеро
100118370,1300239,mn,Гамботе
100118447,1300240,mn,Гамбоа
100118524,1300241,mn,Гамбита
100118601,1300242,mn,Гамарра
100118678,1300243,mn,Гама
100118832,1300245,mn,Галлиназо
100119140,1300249,mn,Галлегос
100119217,1300250,mn,Галлего
100119371,1300252,mn,Галиндо
100119602,1300255,mn,Галиндез
100119679,1300256,mn,Галилей
100120064,1300261,mn,Галициа
100120218,1300263,mn,Галеразамба
100120295,1300264,mn,Галерас
100120526,1300267,mn,Галапа
100120757,1300270,mn,Галан
100120834,1300271,mn,Гаитаниа
100120911,1300272,mn,Гаира
100121065,1300274,mn,Гацхантива
100121142,1300275,mn,Гацханципа
100121219,1300276,mn,Гацхала
100121296,1300277,mn,Габриэль Лопез
100121604,1300281,mn,Фусагасуга
100121681,1300282,mn,Фукен
100121758,1300283,mn,Фунза
100121835,1300284,mn,Фунес
100122066,1300287,mn,Фундацион
100122374,1300291,mn,Фуенте де Оро
100122759,1300296,mn,Фронтино
100122913,1300298,mn,Фриас
100122990,1300299,mn,Фресно
100123760,1300309,mn,Фрагуита
100123837,1300310,mn,Фрагуас
100123991,1300312,mn,Фосца
100124145,1300314,mn,Фортул
100124222,1300315,mn,Форталециллас
100124530,1300319,mn,Фонтибон
100124684,1300321,mn,Фонсека
100124915,1300324,mn,Фомеке
100125069,1300326,mn,Флоридабланца
100125531,1300332,mn,Флорида
100125608,1300333,mn,Флориан
100125916,1300337,mn,Флореста
100126301,1300342,mn,Флорес де Мариа
100127533,1300358,mn,Флоренсиа
100127610,1300359,mn,Флоренсиа
100127841,1300362,mn,Флор дел Монте
100127995,1300364,mn,Флор Амарилло
100128842,1300375,mn,Флецхас
100128996,1300377,mn,Фландес
100129073,1300378,mn,Фламенцо
100129227,1300380,mn,Фиравитоба
100129458,1300383,mn,Филиппин
100129612,1300385,mn,Филандиа
100130074,1300391,mn,Филаделфиа
100130459,1300396,mn,Фенициа
100130613,1300398,mn,Фелидиа
100130767,1300400,mn,Фатима
100131229,1300406,mn,Фалан
100131460,1300409,mn,Фацататива
100131614,1300411,mn,Евитар
100133000,1300429,mn,Естацион Вилла
100133616,1300437,mn,Эспинал
100134078,1300443,mn,Эль Эспежо
100134463,1300448,mn,Есмералдас
100134925,1300454,mn,Есцобар Арриба
100135002,1300455,mn,Есцобар Абайо
100135695,1300464,mn,Енвигадо
100135772,1300465,mn,Ентрерриос
100135849,1300466,mn,Ентра Си Куиерес
100136619,1300476,mn,Енцисо
100136773,1300478,mn,Енцино
100137543,1300488,mn,Ел Зулиа
100137697,1300490,mn,Пасо Реал де Сарабиа
100138313,1300498,mn,Ел Ыуцал
100138621,1300502,mn,Эль Есо
100138698,1300503,mn,Ел Ыарумо
100138929,1300506,mn,Ел Висо
100139468,1300513,mn,Ел Винцуло
100139545,1300514,mn,Ел Виенто
100139930,1300519,mn,Ел Видриал
100140084,1300521,mn,Ел Виайано
100140469,1300526,mn,Эль Вергель
100142317,1300550,mn,Ел Веинтиоцхо
100142702,1300555,mn,Эль Варал
100142856,1300557,mn,Эль Валле
100143934,1300571,mn,Ел Турцо
100144088,1300573,mn,Ел Тропезон
100144242,1300575,mn,Эль Триунфо
100144781,1300582,mn,Ел Трибуто
100145089,1300586,mn,Эль Требол
100145474,1300591,mn,Эль Трапиче
100145705,1300594,mn,Эль Тотумо
100146398,1300603,mn,Эль Торо
100147553,1300618,mn,Ел Толима
100147707,1300620,mn,Ел Тобал
100147861,1300622,mn,Ел Тирано
100147938,1300623,mn,Ел Типле
100148015,1300624,mn,Эль Тигр
100151711,1300672,mn,Эль Тамбо
100151865,1300674,mn,Эль Тамбо
100152404,1300681,mn,Таблон де Тамара
100152712,1300685,mn,Ел Таблон
100152866,1300687,mn,Ел Таблазо
100153559,1300696,mn,Эль Суспиро
100154021,1300702,mn,Ел Судан
100154637,1300710,mn,Эль Сокорро
100155946,1300727,mn,Эль Ситио
100156331,1300732,mn,Ел Силенцио
100157178,1300743,mn,Ел Сиете
100157409,1300746,mn,Ел Сена
100157486,1300747,mn,Ел Сеис
100157717,1300750,mn,Ел Сецрето
100158487,1300760,mn,Эль Салто
100159180,1300769,mn,Ел Салобре
100159334,1300771,mn,Эль Салитре
100161105,1300794,mn,Ел Руби
100162645,1300814,mn,Эль Розарио
100162876,1300817,mn,Ел Росал
100163954,1300831,mn,Ел Роцио
100164262,1300835,mn,Эль Робле
100164955,1300844,mn,Ел Роблал
100165340,1300849,mn,Эль Ринкон
100166341,1300862,mn,Эль Ретиро
100167650,1300879,mn,Эль Ретен
100168189,1300886,mn,Ел Репосо
100168728,1300893,mn,Ел Репаро
100169113,1300898,mn,Ел Ремолино
100169190,1300899,mn,Ел Ремансо
100169421,1300902,mn,Эль Рефугио
100169729,1300906,mn,Эль Рекуердо
100169883,1300908,mn,Эл Рекрео
100171269,1300926,mn,Эль Реал
100171577,1300930,mn,Ел Раизал
100171731,1300932,mn,Эль Кемадо
100172116,1300937,mn,Эль Пуэрто
100172347,1300940,mn,Эль Пуэнте
100172732,1300945,mn,Эль Пуэблито
100173194,1300951,mn,Эль Прогресо
100173502,1300955,mn,Пуэрто Мексик
100174195,1300964,mn,Ел Позон
100174272,1300965,mn,Эль Позо
100174580,1300969,mn,Эль Позо
100174965,1300974,mn,Эль Порвенир
100176274,1300991,mn,Эль Порвенир
100177352,1301005,mn,Эль Порвенир
100178122,1301015,mn,Ел Помо
100178507,1301020,mn,Ел Плеито
100178892,1301025,mn,Эл төлөвлөгөө
100179123,1301028,mn,Эл Плейсер
100179508,1301033,mn,Эл Плейсер
100179893,1301038,mn,Эль Питал
100180586,1301047,mn,Ел Пинон
100180894,1301051,mn,Эль Пинал
100181048,1301053,mn,Эль Пилон
100181202,1301055,mn,Ел Пийао
100181356,1301057,mn,Ел Пицацхо
100181587,1301060,mn,Ел Песцадо
100181741,1301062,mn,Ел Перро
100182126,1301067,mn,Ел Пенсил
100182511,1301072,mn,Лос Артистас Сегунда Этапа
100182588,1301073,mn,Лос Артистас Сегунда Этапа
100182665,1301074,mn,Лос Артистас Сегунда Этапа
100182819,1301076,mn,Лос Артистас Сегунда Этапа
100183281,1301082,mn,Ел Пенол
100183743,1301088,mn,Эль Педрегал
100183974,1301091,mn,Ел Педрал
100184128,1301093,mn,Ел Пауйил
100184590,1301099,mn,Эль Пасо
100185514,1301111,mn,Эль Парайсо
100188209,1301146,mn,Эль Папайо
100188286,1301147,mn,Салоя 2д. Хэсэг
100188979,1301156,mn,Эль Пало
100189364,1301161,mn,Эль Палмар
100191520,1301189,mn,Ел Палито
100192136,1301197,mn,Эль Пажаро
100192521,1301202,mn,Ел Оверо
100192598,1301203,mn,Эль Отоно
100192983,1301208,mn,Ел Оро
100193753,1301218,mn,Ел Ораторио
100194138,1301223,mn,Эль Оливо
100194446,1301227,mn,Ел Ойито
100194908,1301233,mn,Ел Оцасо
100195062,1301235,mn,Ел Облигадо
100195216,1301237,mn,Ел Оасис
100195678,1301243,mn,Нокупетаро де Морелос
100195755,1301244,mn,Нокупетаро де Морелос
100196063,1301248,mn,Ел Нисперо
100196217,1301250,mn,Эль Нило
100196602,1301255,mn,Эль Наранжо
100197218,1301263,mn,Эль Наранжал
100197603,1301268,mn,Ел Мортино
100197680,1301269,mn,Ел Морро
100198681,1301282,mn,Эль Молино
100200760,1301309,mn,Ел Месон
100201145,1301314,mn,Ел Мереы
100202762,1301335,mn,Эль Манго
100203070,1301339,mn,Эл Манант
100203147,1301340,mn,Ел Мамон
100203609,1301346,mn,Эль Мадроно
100204225,1301354,mn,Эль Лано
100204841,1301362,mn,Эл Лланито
100205072,1301365,mn,Эл Лимонсито
100205149,1301366,mn,Эль Лимонар
100205457,1301370,mn,Эл Лимон
100205534,1301371,mn,Эл Лимон
100208152,1301405,mn,Ел Лауро
100208229,1301406,mn,Эль Лорел
100208691,1301412,mn,Эль Жунко
100208768,1301413,mn,Ел Йунцал
100209230,1301419,mn,Эль Жордан
100209769,1301426,mn,Эль Жобо
100210539,1301436,mn,Эль Жазмин
100210616,1301437,mn,Эль Жардин
100211617,1301450,mn,Ел Йапон
100211925,1301454,mn,Ел Йагуал
100212079,1301456,mn,Эль Ингенио
100213003,1301468,mn,Ел Империо
100213234,1301471,mn,Елиас
100213465,1301474,mn,Эль Хоёо
100213696,1301477,mn,Ел Хоыал
100213850,1301479,mn,Эль Хорно
100214004,1301481,mn,Тлаксиомулько
100214543,1301488,mn,Ел Хобо
100214774,1301491,mn,Эль Хигерон
100215236,1301497,mn,Эль Хато
100216776,1301517,mn,Ел Хатицо де лос Индиос
100216853,1301518,mn,Ел Хатицо
100217392,1301525,mn,Ел Гуинео
100218162,1301535,mn,Эль Гуаябито
100218778,1301543,mn,Ел Гуамо
100219240,1301549,mn,Ел Гуамал
100219394,1301551,mn,Ел Гуаимаро
100219548,1301553,mn,Ел Гуадуал
100219779,1301556,mn,Ел Гуацамаыо
100220472,1301565,mn,Ел Гарцеро
100221242,1301575,mn,Эл Цэцэгсийн
100221627,1301580,mn,Эль Фило
100221935,1301584,mn,Ел Естрецхо
100222320,1301589,mn,Эль Эспино
100222782,1301595,mn,Ел Еспанол
100223552,1301605,mn,Ел Енгано
100224168,1301613,mn,Эль Энканто
100224938,1301623,mn,Эль Энканто
100225400,1301629,mn,Ел Емпате
100225631,1301632,mn,Эль Эден
100226555,1301644,mn,Эль Эбано
100226709,1301646,mn,Эль Дуразно
100226786,1301647,mn,Ел Довио
100227248,1301653,mn,Лагос дел Дорадо
100227325,1301654,mn,Ел Докуе
100227402,1301655,mn,Ел Донцелло
100227479,1301656,mn,Ел Дивисо
100227633,1301658,mn,Ел Дивидиви
100227710,1301659,mn,Эль Дике
100227941,1301662,mn,Ел Диндал
100228095,1301664,mn,Ел Дифицил
100228326,1301667,mn,Эль Диаманте
100228865,1301674,mn,Даманте
100230636,1301697,mn,Ел Десиерто
100230790,1301699,mn,Ел Десео
100231637,1301710,mn,Эль Десагуэ
100233947,1301740,mn,Ел Дариен
100234563,1301748,mn,Ел Цузцо
100235256,1301757,mn,Эль Куатро
100235333,1301758,mn,Эль Крусеро
100235949,1301766,mn,Эль Крус
100236642,1301775,mn,Эль Коррал
100236719,1301776,mn,Эль Корозо
100236950,1301779,mn,Ел Цоразон
100237258,1301783,mn,Ел Цопеы
100237412,1301785,mn,Эль Конвенто
100237489,1301786,mn,Ел Цонтенто
100239337,1301810,mn,Ел Цонгресо
100239876,1301817,mn,Ел Цонго
100239953,1301818,mn,Ел Цонгал
100240184,1301821,mn,Ел Цонцхал
100240646,1301827,mn,Ел Цолегио
100240954,1301831,mn,Ел Цодито
100241031,1301832,mn,Ел Цоцуы
100241185,1301834,mn,Эль Коко
100241647,1301840,mn,Ел Цоцли
100241724,1301841,mn,Эль Кокал
100242417,1301850,mn,Ла Вега де Сан Антонио
100242879,1301856,mn,Ел Цхузо
100243572,1301865,mn,Ел Цхоррилло
100243726,1301867,mn,Ел Цхоцхо
100244188,1301873,mn,Ел Цхипал
100244265,1301874,mn,Ел Цхино
100244496,1301877,mn,Ел Цхицхо
100244804,1301881,mn,Эль Чарко
100245035,1301884,mn,Ел Цхамизо
100245189,1301886,mn,Эль Серро
100246960,1301909,mn,Эль Серрито
100247191,1301912,mn,Эль Куатро
100247576,1301917,mn,Эль Седро
100248731,1301932,mn,Эль Седрал
100249039,1301936,mn,Эль Каучо
100249501,1301942,mn,Эль Кастилло
100249809,1301946,mn,Ел Цармен де Боливар
100250733,1301958,mn,Эль Кармен
100251195,1301964,mn,Ел Цармен де Цхуцури
100251426,1301967,mn,Эль Кармен
100252196,1301977,mn,Цармен де Булира
100252812,1301985,mn,Ел Цармело
100253120,1301989,mn,Ел Царито
100253197,1301990,mn,Эль Кардон
100253505,1301994,mn,Ел Цаприцхо
100254275,1302004,mn,Эль Кано
100254506,1302007,mn,Ел Цанеы
100254891,1302012,mn,Ел Цанал
100255276,1302017,mn,Ел Цампано
100255353,1302018,mn,Эль Кампаменто
100255738,1302023,mn,Эль Калварио
100255969,1302026,mn,Ел Цайон
100256662,1302035,mn,Ел Цаиро
100257047,1302040,mn,Ел Цаимо
100257740,1302049,mn,Эль Какао
100257894,1302051,mn,Ел Цабуыал
100257971,1302052,mn,Эль Кабреро
100258048,1302053,mn,Цабо де ла Вела
100258279,1302056,mn,Эль Бурро
100258741,1302062,mn,Эл Буэй
100259049,1302066,mn,Ел Брилланте
100259434,1302071,mn,Эль Бразил
100259742,1302075,mn,Ел Ботон
100259819,1302076,mn,Эль Боске
100260435,1302084,mn,Ел Бордо
100261205,1302094,mn,Бокерон
100261513,1302098,mn,Ел Бонго
100262591,1302112,mn,Ел Биллар
100263361,1302122,mn,Ел Баура
100264208,1302133,mn,Эль Банко
100264901,1302142,mn,Ел Бамбу
100264978,1302143,mn,Ел Балсамо
100265132,1302145,mn,Ел Балсал
100265363,1302148,mn,Франциско И. Мадеро Бажо
100265748,1302153,mn,Ел Байито
100265902,1302155,mn,Эль Багре
100266903,1302168,mn,Ел Анцлар
100268443,1302188,mn,Эль Альмендро
100268905,1302194,mn,Алгарробо
100268982,1302195,mn,Ел Алгарробо
100270368,1302213,mn,Эль Агилеа
100270676,1302217,mn,Эль Агуакате
100271215,1302224,mn,Ел Абра
100271600,1302229,mn,Египто
100271754,1302231,mn,Эден
100271908,1302233,mn,Ебейицо
100272293,1302238,mn,Дураниа
100272447,1302240,mn,Дулце Номбре
100272601,1302242,mn,Дуитама
100272678,1302243,mn,Дос Куебрадас
100272832,1302245,mn,Дос Куебрадас
100273063,1302248,mn,Дос Херманос
100273602,1302255,mn,Дорадо
100273756,1302257,mn,Донматиас
100273833,1302258,mn,Дон Габриел
100274064,1302261,mn,Дон Диего
100274141,1302262,mn,Дон Диего
100274295,1302264,mn,Дона Мариа
100274603,1302268,mn,Дон Алонсо
100274757,1302270,mn,Дона Йуана
100274911,1302272,mn,Дона Ана
100274988,1302273,mn,Домингуилло
100275065,1302274,mn,Домингодо
100275219,1302276,mn,Долорес
100275296,1302277,mn,Доима
100275758,1302283,mn,Дивидиви
100276066,1302287,mn,Дистраццион
100276220,1302289,mn,Дисциплина
100276605,1302294,mn,Динамарца
100276913,1302298,mn,Дибулла
100277529,1302306,mn,Сан Педро Цонсоладо
100278145,1302314,mn,Деликиас
100278299,1302316,mn,Лас Делисис
100278915,1302324,mn,Дариен
100279300,1302329,mn,Дамасцо
100279685,1302334,mn,Дамакиль
100279762,1302335,mn,Дагуа
100279916,1302337,mn,Дабеиба
100280147,1302340,mn,Цутуру
100280455,1302344,mn,Цурумани
100280532,1302345,mn,Цуррулао
100280609,1302346,mn,Цурити
100281071,1302352,mn,Цуриацо
100281225,1302354,mn,Цуразао
100281610,1302359,mn,Цордоба Цураы
100281764,1302361,mn,Куке
100282303,1302368,mn,Цундинамарца
100282457,1302370,mn,Цундаы
100282765,1302374,mn,Цумбитара
100282842,1302375,mn,Цумбарцо
100282919,1302376,mn,Цумбал
100282996,1302377,mn,Цумарибо
100283227,1302380,mn,Цумарал
100283689,1302386,mn,Цумаца
100283997,1302390,mn,Цулебрита
100284690,1302399,mn,Цуйацал
100284921,1302402,mn,Цуива
100284998,1302403,mn,Цуитива
100285460,1302409,mn,Цуевита
100285845,1302414,mn,Цуеста Рица
100285999,1302416,mn,Куэнка
100286076,1302417,mn,Цуцутилла
100286153,1302418,mn,Цуцута
100286230,1302419,mn,Цуцуррупи
100286384,1302421,mn,Цуцунуба
100287462,1302435,mn,Цуцаита
100287539,1302436,mn,Цубара
100287770,1302439,mn,Куба
100288078,1302443,mn,Цуатро Виентос
100288309,1302446,mn,Куатро Эскинас
100288848,1302453,mn,Цуатро цаминос
100289079,1302456,mn,Цуатро Боцас
100289849,1302466,mn,Цуатис
100290465,1302474,mn,Круз Верде
100290619,1302476,mn,Цруз дел Бекуе
100290773,1302478,mn,Цруз де Амарилло
100290850,1302479,mn,Цруз Цхикуита
100291081,1302482,mn,Крус де Анори
100291158,1302483,mn,Крус
100291543,1302488,mn,Цристо Реы
100291774,1302491,mn,Цристианиа
100292005,1302494,mn,Цристалес
100292236,1302497,mn,Цриолло
100292698,1302503,mn,Цраво Норте
100292852,1302505,mn,Цоыонгал
100293006,1302507,mn,Цоыаима
100293083,1302508,mn,Цовенас
100293160,1302509,mn,Цовенас
100293391,1302512,mn,Цоторра
100293468,1302513,mn,Котоприкс
100293622,1302515,mn,Цотоца Арриба
100293699,1302516,mn,Цотоца Абайо
100293776,1302517,mn,Цотейе
100293853,1302518,mn,Кота
100293930,1302519,mn,Цостилла
100294546,1302527,mn,Коста Рика
100295393,1302538,mn,Цорреа
100295470,1302539,mn,Цоррал Виейо
100296317,1302550,mn,Цорралито
100296471,1302552,mn,Корралес
100296702,1302555,mn,Цорралейас
100296856,1302557,mn,Коррал де Пьедра
100297164,1302561,mn,Цорозалито
100297549,1302566,mn,Корозал
100298242,1302575,mn,Цороморо
100298396,1302577,mn,Цороцито
100298935,1302584,mn,Цорнета
100299166,1302587,mn,Цорнейо
100299474,1302591,mn,Цоринто
100299936,1302597,mn,Цордоба
100300475,1302604,mn,Цордоба
100300552,1302605,mn,Цордоба
100300706,1302607,mn,Цордоба
100301322,1302615,mn,Цораза
100301784,1302621,mn,Коки
100301938,1302623,mn,Копер
100302092,1302625,mn,Копакабана
100302169,1302626,mn,Цонвенцион
100302400,1302629,mn,Цонвенцион
100302785,1302634,mn,Цонтратацион
100303247,1302640,mn,Цонтадеро
100303324,1302641,mn,Цонсаца
100303555,1302644,mn,Цонфинес
100303709,1302646,mn,Конежо
100303863,1302648,mn,Цондото
100304094,1302651,mn,Конкордиа
100304171,1302652,mn,Конкордиа
100304325,1302654,mn,Конкордиа
100304633,1302658,mn,Концепци
100304710,1302659,mn,Концепци
100305172,1302665,mn,Цомейенес
100305249,1302666,mn,Цомейен
100305557,1302670,mn,Цомбита
100305634,1302671,mn,Цомбита
100305788,1302673,mn,Цомбиа
100306019,1302676,mn,Колумби
100306096,1302677,mn,Цолу
100306250,1302679,mn,Цолосо
100306404,1302681,mn,Цолорадос
100306635,1302684,mn,Колорадо
100307867,1302700,mn,Бүдүүн гэдэс
100307944,1302701,mn,Коломбой
100308637,1302710,mn,Колумб
100308714,1302711,mn,Цолимба
100309099,1302716,mn,Цохетандо
100309176,1302717,mn,Цогуа
100309330,1302719,mn,Цоелло
100309407,1302720,mn,Цоелло
100309561,1302722,mn,Цодаззи
100309638,1302723,mn,Цоцуы
100310023,1302728,mn,Цоцороте
100310100,1302729,mn,Цоцорна
100310254,1302731,mn,Цоцонуцо
100310793,1302738,mn,Лас Цоцхас
100311332,1302745,mn,Цобадилло
100311486,1302747,mn,Цлеменциа
100311717,1302750,mn,Цларинетеро
100311794,1302751,mn,Цларавал
100312025,1302754,mn,Циудад Пердида
100312102,1302755,mn,Ците
100312256,1302757,mn,Циснерос
100312410,1302759,mn,Цирило
100312564,1302761,mn,Цирцасиа
100313334,1302771,mn,Цинцелада
100313411,1302772,mn,Цимитарра
100313488,1302773,mn,Циен Песос
100313719,1302776,mn,Сиенега
100313796,1302777,mn,Циенагуита
100313950,1302779,mn,Циенагуета
100314181,1302782,mn,Циенага Гранде
100314258,1302783,mn,Гирардот
100314335,1302784,mn,Циенага де Оро
100314489,1302786,mn,Циенага
100314874,1302791,mn,Цицуцо
100315336,1302797,mn,Цхусцалес
100315798,1302803,mn,Цхуридо
100316645,1302814,mn,Цхугулди
100316799,1302816,mn,Цхуцунес
100317415,1302824,mn,Цхоррилло
100317646,1302827,mn,Цхоррерас
100317723,1302828,mn,Цхоррера
100318185,1302834,mn,Цхонтал
100318262,1302835,mn,Цхонтадуро
100319032,1302845,mn,Цхоцонта
100319186,1302847,mn,Цхоцоцито
100319340,1302849,mn,Цхоцхо
100319571,1302852,mn,Цхоацхи
100319725,1302854,mn,Цхиволо
100319879,1302856,mn,Цхивата
100320033,1302858,mn,Цхитага
100320110,1302859,mn,Чита
100320341,1302862,mn,Цхисцас
100320495,1302864,mn,Цхиригуана
100320803,1302868,mn,Цхире
100320880,1302869,mn,Чикиза
100321265,1302874,mn,Чикинкира
100321419,1302876,mn,Чики
100321573,1302878,mn,Цхипата
100321650,1302879,mn,Чипак
100321958,1302883,mn,Цхинулито
100322035,1302884,mn,Чину
100322189,1302886,mn,Цхиноблас
100322343,1302888,mn,Цхингале
100322574,1302891,mn,Цхинцхина
100322651,1302892,mn,Цхинавита
100322882,1302895,mn,Цхинацота
100323036,1302897,mn,Цхимицхагуа
100323113,1302898,mn,Цхими
100323421,1302902,mn,Цхимбе
100323729,1302906,mn,Цхима
100323806,1302907,mn,Цхима
100323960,1302909,mn,Цхиллоа
100324191,1302912,mn,Чили
100324499,1302916,mn,Цхигородо
100324730,1302919,mn,Цхицорал
100325038,1302923,mn,Цхицала
100325269,1302926,mn,Чиа
100325500,1302929,mn,Цхева
100325577,1302930,mn,Цхеруа
100325885,1302934,mn,Цхенгуе
100326270,1302939,mn,Цхемескуемена
100326655,1302944,mn,Цхавива
100327040,1302949,mn,Цхарта
100327194,1302951,mn,Цхаргуаыацо
100328041,1302962,mn,Цхарала
100328580,1302969,mn,Цхапинеро
100330890,1302999,mn,Цхапаррал
100330967,1303000,mn,Цхапал
100331198,1303003,mn,Цхапа
100331583,1303008,mn,Цханцлета
100331968,1303013,mn,Цхампан
100332122,1303015,mn,Цхамеза
100332199,1303016,mn,Цхамбу
100332969,1303026,mn,Цхалан
100333431,1303032,mn,Цхагуани
100334124,1303041,mn,Цхацхагуи
100334432,1303045,mn,Цестиллал
100334509,1303046,mn,Цеспедес
100334586,1303047,mn,Цертегуи
100334817,1303050,mn,Серро Гранде
100334971,1303052,mn,Церро де Сан Антонио
100335202,1303055,mn,Церро Азул
100335279,1303056,mn,Серро Альто
100335510,1303059,mn,Серрито
100335664,1303061,mn,Серрилло
100335895,1303064,mn,Церинза
100335972,1303065,mn,Церете
100336126,1303067,mn,Цепита
100336280,1303069,mn,Төв Америк
100336357,1303070,mn,Центро Алегре
100337435,1303084,mn,Цеилан
100337897,1303090,mn,Цеибал
100338513,1303098,mn,Цедрал
100338744,1303101,mn,Седено
100338898,1303103,mn,Сесилия
100339591,1303112,mn,Цаыо де Палма
100339668,1303113,mn,Цаыо Делгадо
100340053,1303118,mn,Цаунапи
100340438,1303123,mn,Цауцасиа
100340515,1303124,mn,Цауцасецо
100340592,1303125,mn,Цауца
100341901,1303142,mn,Цатамбуцо
100341978,1303143,mn,Каталина
100342440,1303149,mn,Цасуарито
100342517,1303150,mn,Кастро
100342748,1303153,mn,Цастиллера
100342902,1303155,mn,Цастилла ла Нуева
100342979,1303156,mn,Цастилла
100343287,1303160,mn,Цастанал
100344211,1303172,mn,Цасерио Рионегро
100345443,1303188,mn,Кайман
100346059,1303196,mn,Цасцайеро
100346213,1303198,mn,Цасцайалито
100346290,1303199,mn,Каскажал
100346829,1303206,mn,Цаса Верде
100346983,1303208,mn,Касас Виежас
100347830,1303219,mn,Цаса де Зинц
100348138,1303223,mn,Цаса де Табла
100348292,1303225,mn,Цаса де Пиедра
100348908,1303233,mn,Цасацара
100348985,1303234,mn,Цасабланца
100349370,1303239,mn,Каса Бланка
100349909,1303246,mn,Цасабианца
100350294,1303251,mn,Царупана
100350525,1303254,mn,Картаго
100350602,1303255,mn,Картаго
100350679,1303256,mn,Цартагенита
100350756,1303257,mn,Картахена
100351372,1303265,mn,Царризола
100352450,1303279,mn,Царрилло
100352604,1303281,mn,Царрето
100353066,1303287,mn,Царретеро
100353220,1303289,mn,Царретал
100353836,1303297,mn,Царраипиа
100354067,1303300,mn,Царпинтеро
100354837,1303310,mn,Каролина
100354991,1303312,mn,Царнизала
100355145,1303314,mn,Ел Цармен де Виборал
100355222,1303315,mn,Цармен дел Магдалена
100355299,1303316,mn,Цармен де Царупа
100355376,1303317,mn,Цармен де Апицала
100355684,1303321,mn,Кармело
100355761,1303322,mn,Карлосама
100356531,1303332,mn,Царгазон
100356762,1303335,mn,Кардонал
100357301,1303342,mn,Царцаси
100357378,1303343,mn,Царбонеро
100357994,1303351,mn,Цараре
100358148,1303353,mn,Царано
100358379,1303356,mn,Царамело
100358533,1303358,mn,Цараманта
100358764,1303361,mn,Царацолицито
100359457,1303370,mn,Царацоли
100359765,1303374,mn,Каракол
100359842,1303375,mn,Эль Каракол
100360227,1303380,mn,Карабалло
100360458,1303383,mn,Какиона
100360535,1303384,mn,Какеза
100360689,1303386,mn,Цапургана
100361151,1303392,mn,Цапитолио
100361228,1303393,mn,Цапитанейо
100361459,1303396,mn,Цапелланиас
100361536,1303397,mn,Капелланиа
100361613,1303398,mn,Цапаррапи
100361844,1303401,mn,Цануталито
100361921,1303402,mn,Цанутал
100362229,1303406,mn,Ел Цантил
100362383,1303408,mn,Кантера
100362845,1303414,mn,Цантагалло
100363076,1303417,mn,Цантагаллар
100363538,1303423,mn,Цаусадо
100363769,1303426,mn,Цано Сецо
100363923,1303428,mn,Цано Прието
100364462,1303435,mn,Цано де Палма
100365078,1303443,mn,Цано Цхикуито
100366079,1303456,mn,Цанделилла
100366464,1303461,mn,Канделяриа
100367157,1303470,mn,Канделяриа
100367542,1303475,mn,Цанавералес
100367850,1303479,mn,Цанавералейо
100367927,1303480,mn,Цанаверал
100368466,1303487,mn,Цанасгордас
100368928,1303493,mn,Цанангуа
100369159,1303496,mn,Цаналете
100369236,1303497,mn,Цаналетал
100370699,1303516,mn,Цампо Палларес
100371161,1303522,mn,Цампохермосо
100371469,1303526,mn,Цампо де ла Цруз
100371700,1303529,mn,Цампобелло
100371777,1303530,mn,Цампо Белло
100372162,1303535,mn,Цампо Амалиа
100374395,1303564,mn,Цампоалегре
100374549,1303566,mn,Цамперуцхо
100374626,1303567,mn,Цампецхе
100375627,1303580,mn,Кампаменто
100376628,1303593,mn,Цамбрас
100376859,1303596,mn,Цамбао
100376936,1303597,mn,Камаронууд
100377706,1303607,mn,Цалото
100377783,1303608,mn,Цалле Нуева
100377860,1303609,mn,Цаллемар
100377937,1303610,mn,Цаллеларга
100378245,1303614,mn,Цалле Ларга
100378553,1303618,mn,Каллежон
100378707,1303620,mn,Цаллейас
100379169,1303626,mn,Цалимита
100379554,1303631,mn,Калифорни
100380170,1303639,mn,Цалибио
100380247,1303640,mn,Цали
100380401,1303642,mn,Цалдоно
100380786,1303647,mn,Калцехток
100380940,1303649,mn,Калдера
100381094,1303651,mn,Цалдас Виейо
100381171,1303652,mn,Цалдас
100381248,1303653,mn,Цалдас
100381479,1303656,mn,Цаларца
100381556,1303657,mn,Цалао
100381787,1303660,mn,Цаламар
100382018,1303663,mn,Цаламар
100382172,1303665,mn,Цалахорра
100382326,1303667,mn,Калабозо
100382480,1303669,mn,Лос Цалабазос
100383096,1303677,mn,Цайица
100383173,1303678,mn,Цайибио
100383250,1303679,mn,Цайете
100383404,1303681,mn,Цайапи
100383712,1303685,mn,Хай аль Марказ
100384020,1303689,mn,Каймито
100384097,1303690,mn,Цаимитал
100385098,1303703,mn,Цаицедониа
100385175,1303704,mn,Цаицедо
100385252,1303705,mn,Цагуан
100385406,1303707,mn,Цацота
100385945,1303714,mn,Цацхири
100386022,1303715,mn,Цацхира
100386253,1303718,mn,Цацхипаы
100386484,1303721,mn,Цацхипаы
100386561,1303722,mn,Цацхимбал
100386638,1303723,mn,Цацхицамо
100386792,1303725,mn,Цацерес
100386946,1303727,mn,Какаотал
100387254,1303731,mn,Цацахуал
100387639,1303736,mn,Цабуыаро
100387793,1303738,mn,Цабуыалес
100387870,1303739,mn,Цабуыал
100388024,1303741,mn,Цабуыа
100388332,1303745,mn,Кабрера
100388409,1303746,mn,Кабрера
100388640,1303749,mn,Сан Исидро де Кабралес
100389179,1303756,mn,Цабецитас
100389487,1303760,mn,Цабецера
100389872,1303765,mn,Бусбанза
100390180,1303769,mn,Буритаца
100390565,1303774,mn,Бурбура
100390950,1303779,mn,Бугалагранде
100391027,1303780,mn,Гуадалайара де Буга
100391258,1303783,mn,Буесакуилло
100391335,1303784,mn,Буесацо
100396571,1303852,mn,Буэнос-Айрес
100397957,1303870,mn,Буэнависта
100398111,1303872,mn,Буэнависта
100398188,1303873,mn,Буэнависта
100398496,1303877,mn,Буэнависта
100398727,1303880,mn,Буена Виста
100399805,1303894,mn,Буэнависта
100400806,1303907,mn,Буэнависта
100401730,1303919,mn,Буенавентура
100401807,1303920,mn,Буенавентура
100402115,1303924,mn,Буцхитоло
100402269,1303926,mn,Буцхадо
100402423,1303928,mn,Буцарасица
100402500,1303929,mn,Баррио ла Манга
100402808,1303933,mn,Бруселас
100403270,1303939,mn,Брокуелес
100403963,1303948,mn,Брицено
100404040,1303949,mn,Брицено
100404348,1303953,mn,Провиденсиа
100404733,1303958,mn,Бремен
100404964,1303961,mn,Бразил
100405426,1303967,mn,Боыаца
100405734,1303971,mn,Ботон де Леива
100405965,1303974,mn,Ботиллеро
100406119,1303976,mn,Ботеро
100406196,1303977,mn,Ботанилла
100406350,1303979,mn,Боталон
100406504,1303981,mn,Босса Наварро
100406735,1303984,mn,Босцониа
100406889,1303986,mn,Бокия
100408275,1304004,mn,Бонда
100408429,1304006,mn,Бонафонт
100408506,1304007,mn,Бомбона
100408737,1304010,mn,Бомба
100409122,1304015,mn,Болив
100409661,1304022,mn,Боливар
100409892,1304025,mn,Боливар
100410123,1304028,mn,Боливар
100410431,1304032,mn,Бойаца
100410585,1304034,mn,Бохоркез
100410816,1304037,mn,Бохио
100411124,1304041,mn,Богота
100411586,1304047,mn,Бодега
100411817,1304050,mn,Боцхалема
100412202,1304055,mn,Боцас де Уре
100412279,1304056,mn,Боцас де Тулуа
100412433,1304058,mn,Боцас де Сатинга
100412587,1304060,mn,Боцас дел Пало
100413434,1304071,mn,Бока Гранде
100413665,1304074,mn,Бока де Сан Антонио
100413742,1304075,mn,Боца де Распадура
100413973,1304078,mn,Боца де Пепе
100414512,1304085,mn,Боца дел Монте
100414897,1304090,mn,Боца де ла Хонда
100414974,1304091,mn,Боца де ла Циенага
100415205,1304094,mn,Цурбарадо
100415282,1304095,mn,Боцацхица
100415821,1304102,mn,Боавита
100416129,1304106,mn,Битуима
100416206,1304107,mn,Битацо
100416437,1304110,mn,Бильбао
100416591,1304112,mn,Бийагуал
100417284,1304121,mn,Бетулиа
100417361,1304122,mn,Бетулиа
100417515,1304124,mn,Бетоыес
100417592,1304125,mn,Бетеитива
100417669,1304126,mn,Бете
100418054,1304131,mn,Бетаниа
100418901,1304142,mn,Бесоте
100419209,1304146,mn,Берругас
100419286,1304147,mn,Арболеда
100419671,1304152,mn,Бермейал
100419825,1304154,mn,Берлин
100421211,1304172,mn,Бербео
100421288,1304173,mn,Берастегуи
100421519,1304176,mn,Белтран
100421673,1304178,mn,Белмира
100421750,1304179,mn,Белло
100422520,1304189,mn,Белла Виста
100425754,1304231,mn,Белен де Умбриа
100425831,1304232,mn,Белен де лос Андакуиес
100425985,1304234,mn,Беленцито
100426678,1304243,mn,Бэлэн
100426909,1304246,mn,Бэлэн
100427063,1304248,mn,Белалказар
100427217,1304250,mn,Бейукуилло
100427525,1304254,mn,Бецеррил
100427679,1304256,mn,Бебедо
100427987,1304260,mn,Базан
100428064,1304261,mn,Баыунца
100428680,1304269,mn,Батеро
100428757,1304270,mn,Батеас
100429758,1304283,mn,Бару
100430374,1304291,mn,Барро Бланко
100431529,1304306,mn,Барранкилья
100431837,1304310,mn,Барранкуиллита
100432068,1304313,mn,Барранцо де Лоба
100432145,1304314,mn,Барранко
100432222,1304315,mn,Эль Барранко
100432299,1304316,mn,Барранца Виейа
100432376,1304317,mn,Барранкас
100432607,1304320,mn,Барранца Нуева
100432684,1304321,mn,Барранца де Упиа
100432838,1304323,mn,Барранцабермейа
100433454,1304331,mn,Барраган
100433762,1304335,mn,Барицхара
100433916,1304337,mn,Барселона
100434378,1304343,mn,Барбоза
100434455,1304344,mn,Барбоза
100435302,1304355,mn,Барбацоас
100435533,1304358,mn,Бараыа
100435687,1304360,mn,Бараноа
100435841,1304362,mn,Барандиллас
100437304,1304381,mn,Балсамо
100437612,1304385,mn,Балморал
100437843,1304388,mn,Баллестас
100438151,1304392,mn,Балконситос
100438382,1304395,mn,Балбоа
100438459,1304396,mn,Балбоа
100440076,1304417,mn,Бахиа Солано
100440230,1304419,mn,Бахиа Хонда
100440538,1304423,mn,Багазал
100440769,1304426,mn,Багадо
100440846,1304427,mn,Бадилло
100441385,1304434,mn,Бабега
100441847,1304440,mn,Аыапел
100441924,1304441,mn,Аыацуцхо
100442309,1304446,mn,Авирама
100443002,1304455,mn,Аурес
100443233,1304458,mn,Атунцела
100443310,1304459,mn,Атрато
100444157,1304470,mn,Атанкез
100444388,1304473,mn,Атацо
100444619,1304476,mn,Астреа
100445158,1304483,mn,Аспасица
100445466,1304487,mn,Асеррадеро
100445620,1304489,mn,Аруси
100446236,1304497,mn,Арройо Негро
100446544,1304501,mn,Арроыохондо
100446698,1304503,mn,Арройо Гранде
100447006,1304507,mn,Арроыо де Пиедра
100447545,1304514,mn,Арроыо Арена
100448238,1304523,mn,Арраыанал
100448623,1304528,mn,Аркиа
100448777,1304530,mn,Гуаябал
100449162,1304535,mn,Армениа
100449239,1304536,mn,Армениа
100449470,1304539,mn,Арма
100449547,1304540,mn,Арйона
100449701,1304542,mn,Аризона
100450317,1304550,mn,Аригуани
100450394,1304551,mn,Пуерто Арица
100450625,1304554,mn,Монте Синай Дос (Эль Феникс)
100451241,1304562,mn,Аргелиа
100451318,1304563,mn,Аргелиа
100451472,1304565,mn,Аргелиа
100451780,1304569,mn,Ареносо
100452088,1304573,mn,Аренас дел Норте
100452242,1304575,mn,Арена
100452319,1304576,mn,Ареналес
100452704,1304581,mn,Аренал
100453397,1304590,mn,Аремасахин
100453551,1304592,mn,Пунта Ардита
100453859,1304596,mn,Арцабуцо
100454013,1304598,mn,Арболетес
100454090,1304599,mn,Арболедас
100454706,1304607,mn,Арбелаез
100454783,1304608,mn,Арбела
100455014,1304611,mn,Араукита
100455245,1304614,mn,Арауца
100455553,1304618,mn,Аратоца
100455707,1304620,mn,Арарца
100455861,1304622,mn,Пуерто Сантандер
100456092,1304625,mn,Аранзазу
100456554,1304631,mn,Арагон
100456631,1304632,mn,Арацхе
100456708,1304633,mn,Арацатаца
100456939,1304636,mn,Араб
100457478,1304643,mn,Аквитаниа
100457555,1304644,mn,Апюре
100457863,1304648,mn,Апонте
100458017,1304650,mn,Апиаы
100458094,1304651,mn,Апиа
100458248,1304653,mn,Апартадо
100458479,1304656,mn,Анзоатегуи
100458556,1304657,mn,Анза
100459095,1304664,mn,Санта Фе де Антиокуиа
100459711,1304672,mn,Ансермануево
100459788,1304673,mn,Ансерма
100459942,1304675,mn,Анори
100460096,1304677,mn,Анолаима
100460866,1304687,mn,Ангостура
100461251,1304692,mn,Ангелополис
100461328,1304693,mn,Анганоы
100461867,1304700,mn,Андес
100462252,1304705,mn,Андалуциа
100462406,1304707,mn,Андагоыа
100462560,1304709,mn,Анцуыа
100462637,1304710,mn,Анцон
100462868,1304713,mn,Анапоима
100463176,1304717,mn,Анаиме
100463330,1304719,mn,Анацлето Гарциа
100463792,1304725,mn,Ла Америца
100464331,1304732,mn,Амбалема
100465101,1304742,mn,Амалфи
100465332,1304745,mn,Амаиме
100465563,1304748,mn,Амага
100465871,1304752,mn,Альварадо
100467411,1304772,mn,Алто дел Реы
100467642,1304775,mn,Алто дел Цоррал
100467719,1304776,mn,Алто де ла Мина
100468027,1304780,mn,Алто Цауца
100468258,1304783,mn,Алто Бонито
100468489,1304786,mn,Алтакер
100470183,1304808,mn,Альтамира
100470337,1304810,mn,Алтаграциа
100470799,1304816,mn,Алтацлара
100471261,1304822,mn,Алпуйарра
100471646,1304827,mn,Алмейда
100471723,1304828,mn,Алмагуер
100471800,1304829,mn,Алмагра
100472339,1304836,mn,Алгодонцилло
100472416,1304837,mn,Алгодонал
100472647,1304840,mn,Алгецирас
100472801,1304842,mn,Алгарробо
100473571,1304852,mn,Алгарробал
100473956,1304857,mn,Алфонсо Лопез
100475034,1304871,mn,Алейандриа
100475265,1304874,mn,Алейандриа
100475573,1304878,mn,Алегриас
100475881,1304882,mn,Алдеа де Мариа
100475958,1304883,mn,Алдана
100476189,1304886,mn,Алцапаррал
100476343,1304888,mn,Альбуркерке
100476728,1304893,mn,Албергуе
100476805,1304894,mn,Албаниа
100477190,1304899,mn,Албаниа
100477267,1304900,mn,Албаниа
100477575,1304904,mn,Албаниа
100477652,1304905,mn,Албан
100478191,1304912,mn,Аипе
100478961,1304922,mn,Агилар
100479038,1304923,mn,Агилеа
100479192,1304925,mn,Агуазул
100479654,1304931,mn,Агуас Вивас
100479962,1304935,mn,Агуа Суциа
100480116,1304937,mn,Агуас Неграс
100480347,1304940,mn,Агуас Цларас
100480886,1304947,mn,Агуас Бланцас
100481348,1304953,mn,Агуа Линда
100481964,1304961,mn,Агуа Фриа
100482118,1304963,mn,Агуаестрада
100482657,1304970,mn,Агуа де Диос
100482734,1304971,mn,Агуадас
100482811,1304972,mn,Агуада де Пабло
100482965,1304974,mn,Агуада
100483042,1304975,mn,Агуацлара
100483196,1304977,mn,Агуа Цлара
100483812,1304985,mn,Агуацхица
100483889,1304986,mn,Агуакат
100484274,1304991,mn,Агуа Бонита
100484736,1304997,mn,Агуа Бланка
100485352,1305005,mn,Аградо
100486122,1305015,mn,Ако
100486199,1305016,mn,Ачотал
100486353,1305018,mn,Ацхи
100486430,1305019,mn,Асеведо
100486507,1305020,mn,Ацарицуара
100486584,1305021,mn,Акапулько
100486738,1305023,mn,Ацанди
100486815,1305024,mn,Ацациас
100486969,1305026,mn,Абриаки
100487046,1305027,mn,Абрего
100487354,1305031,mn,Абейоррал
100490819,1305076,mn,Хиго Амарилло
100499905,1305194,mn,Агуас Фриас
100505218,1305263,mn,Ел Тронцал
100507682,1305295,mn,Сан Педро
100508221,1305302,mn,Миролиндо
100508914,1305311,mn,Ла Мосца
100510993,1305338,mn,Калделас
100511224,1305341,mn,Теисландиа
100515613,1305398,mn,Ла Лланита
100516768,1305413,mn,Флорез
100517692,1305425,mn,Ла Цорцова
100527317,1305550,mn,Миралиндо
100529858,1305583,mn,Виллапаз
100531706,1305607,mn,Лос Сантос
100538713,1305698,mn,Гирардот
100541639,1305736,mn,Санто Доминго
100543410,1305759,mn,Эль Либано
100544873,1305778,mn,Палобланцо
100544950,1305779,mn,Плата Пердида
100549647,1305840,mn,Ултимо Цасо
100553574,1305891,mn,Пуенте Ллано
100554421,1305902,mn,Лейаниас
100556115,1305924,mn,Цампо Хермосо
100557655,1305944,mn,Пуерто Манрикуе
100558040,1305949,mn,Ла Антиокуена
100558348,1305953,mn,Магуаре
100558733,1305958,mn,Мадре Виежа
100565355,1306044,mn,Эль Дорадо
100566356,1306057,mn,Ла Линдоса
100567511,1306072,mn,Цурилло
100567742,1306075,mn,Пуерто Торрес
100570899,1306116,mn,Ла Рица
100571130,1306119,mn,Ла Миранда
100572670,1306139,mn,Балсиллас
100578599,1306216,mn,Ел Пенцил
100580293,1306238,mn,Лома де Луиса
100581217,1306250,mn,Цхембе
100581679,1306256,mn,Ел Пандо
100583065,1306274,mn,Ла Дивиса
100583142,1306275,mn,Лаурес
100586992,1306325,mn,Антонио Нарино
100588070,1306339,mn,Бататал
100588840,1306349,mn,Лос Гуасимос
100589225,1306354,mn,Цурацас
100593537,1306410,mn,Пена Негра
100593614,1306411,mn,Терраплен
100596078,1306443,mn,Ла Вега
100597464,1306461,mn,Сантацруз
100600159,1306496,mn,Гаитан
100605472,1306565,mn,Ел Вадо
100612402,1306655,mn,Лас Месетас
100615713,1306698,mn,Ел Ейидо
100619486,1306747,mn,Барзалоса
100619563,1306748,mn,Ел Балсо
100619717,1306750,mn,Ла Флор
100620872,1306765,mn,Ла Ферреира
100624722,1306815,mn,Мирафлор
100626416,1306837,mn,Амборцо
100627956,1306857,mn,Лос Лланитос
100630420,1306889,mn,Лас Анимас
100632653,1306918,mn,Кампо Алегре
100635348,1306953,mn,Сантиаго Перез
100639044,1307001,mn,Ла Йулиа
100639891,1307012,mn,Лас Мерседес
100646128,1307093,mn,Лос Андес
100646744,1307101,mn,Ла Албаниа
100649824,1307141,mn,Квинч
100650825,1307154,mn,Пуерто Салдана
100651364,1307161,mn,Ла Паломера
100654136,1307197,mn,Бетел
100655907,1307220,mn,Цхинаута
100657293,1307238,mn,Ел Гуасимо
100658140,1307249,mn,Эль Аренал
100664223,1307328,mn,Астури
100666841,1307362,mn,Лимонцитос
100667919,1307376,mn,Ла Куина
100674387,1307460,mn,Ла Габарра
100674464,1307461,mn,Ветас де Ориенте
100675311,1307472,mn,Мария Ауксиладора
100676620,1307489,mn,Ел Тарра
100677236,1307497,mn,Эль Асеррио
100678699,1307516,mn,Брисас
100680393,1307538,mn,Отаре
100681163,1307548,mn,Пуенте Ройо
100681933,1307558,mn,Эл Квинс
100682164,1307561,mn,Ла Цолина
100682857,1307570,mn,Цампо Гилес
100683165,1307574,mn,Кампо Дос
100683627,1307580,mn,Буена Эсперанза
100686476,1307617,mn,Сан Йосе дел Тарра
100686707,1307620,mn,Астиллерос
100689633,1307658,mn,Тарра
100692020,1307689,mn,Цхенцхе Асолеадо
100693868,1307713,mn,Пуэрто Рико
100695408,1307733,mn,Сан Йосе де Мулатос
100696024,1307741,mn,Пуерто Толима
100698103,1307768,mn,Пацоа
100699335,1307784,mn,Цуцурумана
100700413,1307798,mn,Пресира
100703262,1307835,mn,Ла Пена
100705726,1307867,mn,Лабатеца
100705803,1307868,mn,Луцитаниа
100708883,1307908,mn,Лос Цамбулос
100709653,1307918,mn,Гуарамито
100713965,1307974,mn,Ел Боте
100714273,1307978,mn,Ла Царбонера
100718277,1308030,mn,Ла Дудита
100718431,1308032,mn,Ла Арцадиа
100719971,1308052,mn,Эжидо де Мимбрес
100721511,1308072,mn,Абре Ел Ойо
100721973,1308078,mn,Портацелис
100722820,1308089,mn,Пулгар
100723436,1308097,mn,Царреталито
100723821,1308102,mn,Ла Цимаррона
100725438,1308123,mn,Куебрацхал
100728287,1308160,mn,Эжидо ла Куэста
100731675,1308204,mn,Ла Провиденсиа
100733215,1308224,mn,Порвенир
100735063,1308248,mn,Ел Арцо
100740222,1308315,mn,Сиете де Агосто
100741223,1308328,mn,Ла Мариела
100743687,1308360,mn,Сабана Алта
100745766,1308387,mn,Пуерто Цонтрерас
100746690,1308399,mn,Саймон Боливар
100747691,1308412,mn,Лос Позос (Тзирио Чико)
100747768,1308413,mn,Пуерто Цолон
100747922,1308415,mn,Сан Марцелино
100748307,1308420,mn,Месетас
100749077,1308430,mn,Пуерто Цоломбиа
100749385,1308434,mn,Барко
100749616,1308437,mn,Вилла Цармело
100750309,1308446,mn,Палмерас
100751695,1308464,mn,Ла Елиецер
100751772,1308465,mn,Ел Цанаверал
100752234,1308471,mn,Ел Церал
100753235,1308484,mn,Беллависта
100756007,1308520,mn,Лос Цристалес
100756161,1308522,mn,Ла Камбре
100756392,1308525,mn,Маравелес
100760088,1308573,mn,Ла Силвиа
100771022,1308715,mn,Дивино Нино
100771869,1308726,mn,Ла Цабанита
100776027,1308780,mn,Ла Травиата
100778183,1308808,mn,Генова
100778876,1308817,mn,Балсора
100781340,1308849,mn,Ла Писта
100781494,1308851,mn,Ел Маизал
100782264,1308861,mn,Лос Ранчос
100785421,1308902,mn,Пуерто Гуадалупе
100786037,1308910,mn,Арарацуара
100788116,1308937,mn,Цантацларо
100788347,1308940,mn,Цхивор
100788732,1308945,mn,Цуернаваца
100788809,1308946,mn,Цуернаваца
100794430,1309019,mn,Гуацавиа
100794584,1309021,mn,Гуафалпинтадо
100797972,1309065,mn,Ла Меса дел Гуавио
100801360,1309109,mn,Лас Пампас
100804132,1309145,mn,Монтеррей
100805287,1309160,mn,Паратебуено
100805595,1309164,mn,Пиедра Цандела
100805903,1309168,mn,Пор Си Те Густа
100806057,1309170,mn,Пуерто Гаитан
100806827,1309180,mn,Сабаналарга
100808983,1309208,mn,Кантон Синай
100809753,1309218,mn,Виллануева
100810369,1309226,mn,Пуерто Сервиез
100810908,1309233,mn,Нарицес
100811139,1309236,mn,Ла Хондита
100811524,1309241,mn,Бетел
100811909,1309246,mn,Калера
100812987,1309260,mn,Версаллес
100814142,1309275,mn,Агуабонита
100814835,1309284,mn,Санта Инес
100815220,1309289,mn,Ла Гавиота
100818069,1309326,mn,Линдерос
100818223,1309328,mn,Ла белла
100823536,1309397,mn,Ел Марфил
100828849,1309466,mn,Лас Гуацас
100829927,1309480,mn,Матапало
100830620,1309489,mn,Мондомо
100830928,1309493,mn,Моралес
100836626,1309567,mn,Сегуенгуе
100837396,1309577,mn,Вилла Рица
100840014,1309611,mn,Буэнависта
100843094,1309651,mn,Цруцеро де Песцадор
100850178,1309743,mn,Ел Тунел
100852257,1309770,mn,Ла Цабуыера
100854028,1309793,mn,Ла Эсперанза
100857724,1309841,mn,Эль Лусеро
100858956,1309857,mn,Цампо Сецо
100862190,1309899,mn,Цано Хондо
100863653,1309918,mn,Цосцуез
100865116,1309937,mn,Ел Цонтенто
100866040,1309949,mn,Эль Эспиналь
100869659,1309996,mn,Ел Силенцио
100879207,1310120,mn,Ла Квитаз
100880362,1310135,mn,Ла Викториа
100880901,1310142,mn,Лагунас де Саилан
100882749,1310166,mn,Лос Банкос
100884597,1310190,mn,Ллано Матео
100885290,1310199,mn,Миравалле
100886676,1310217,mn,Отанцхе
100887138,1310223,mn,Пало Моцхо
100887215,1310224,mn,Патеваца
100889140,1310249,mn,Пуерто Пинзон
100889217,1310250,mn,Пуерто Ромеро
100889294,1310251,mn,Пураце
100889371,1310252,mn,Куебрада Негра
100889448,1310253,mn,Кипама
100890757,1310270,mn,Сан Йосе де Назаретх
100892143,1310288,mn,Санто Доминго
100897841,1310362,mn,Бетаниа
100899843,1310388,mn,Цармен де Аригуани
100901999,1310416,mn,Трес Пунтас
100904540,1310449,mn,Сан Валентин
100909314,1310511,mn,Сан Йосе де Аригуани
100911547,1310540,mn,Алтамар
100912779,1310556,mn,Антониа Сантос
100913087,1310560,mn,Арраян
100921172,1310665,mn,Эль Сируэло
100932260,1310809,mn,Тезокипа
100936264,1310861,mn,Ибама
100950894,1311051,mn,Эль Хуизаче (Лас Жаритас)
100952588,1311073,mn,Лос Церрос
100953435,1311084,mn,Уранден де Морелос (Уранден де Морелос арал)
100954051,1311092,mn,Лос Роблес
100963830,1311219,mn,Кебрада Арриба
100964215,1311224,mn,Ресбалон
100968296,1311277,mn,Сан Йудас
100975149,1311366,mn,Вилла Луз
100982849,1311466,mn,Корсега
100986545,1311514,mn,Ел Мартилло
100988932,1311545,mn,Ел Тайо
100993783,1311608,mn,Ла Камбре
100993860,1311609,mn,Ла Долорес
100998018,1311663,mn,Ла Пампа
100998326,1311667,mn,Ла Портада
101000174,1311691,mn,Лас Мангас
101001714,1311711,mn,Лос Манзанос
101009722,1311815,mn,Табор
101013495,1311864,mn,Цаналете
101014265,1311874,mn,Цуелло
101015728,1311893,mn,Ел Тамбито
101016960,1311909,mn,Йерусален
101017422,1311915,mn,Ла Цастеллана
101019347,1311940,mn,Лас Муйерес
101019809,1311946,mn,Лос Ескуималес
101021272,1311965,mn,Мориндо Сантана
101024429,1312006,mn,Сантафе
101025738,1312023,mn,Волцан
101025892,1312025,mn,Запиндонга
101028433,1312058,mn,Дантас
101029434,1312071,mn,Эль Досе
101031975,1312104,mn,Ла Конча
101035055,1312144,mn,Ла Султана
101036364,1312161,mn,Лос Мартирес
101042601,1312242,mn,Тапарто
101043679,1312256,mn,Ел Цонцилио
101046220,1312289,mn,Боломболо
101048068,1312313,mn,Ла Хелена
101049685,1312334,mn,Венециа
101050763,1312348,mn,Ел Ампаро
101051456,1312357,mn,Фредониа
101051918,1312363,mn,Вилла Лигиа
101051995,1312364,mn,Ел Занцудо
101053304,1312381,mn,Рафаел Урибе Урибе
101056923,1312428,mn,Монтебелло
101063930,1312519,mn,Санта Мария
101067934,1312571,mn,Ла Полониа
101070706,1312607,mn,Виллаверде
101070860,1312609,mn,Лас Нанес
101072169,1312626,mn,Ел Ацхиоте
101073940,1312649,mn,Валладолид
101074094,1312651,mn,Йорданиа
101077559,1312696,mn,Эль Эден
101078175,1312704,mn,Ла Либиа
101079176,1312717,mn,Марапра
101079407,1312720,mn,Лас Плайас
101085721,1312802,mn,Босцониа
101090033,1312858,mn,Эль Эскобал
101093421,1312902,mn,Гацхета
101093806,1312907,mn,Гуарумал
101100274,1312991,mn,Лос Лопез
101116059,1313196,mn,Ла Молана
101117522,1313215,mn,Хато де Иглесиа
101117830,1313219,mn,Йабалцон
101120833,1313258,mn,Агуас Линдас
101121757,1313270,mn,Цалабазо
101126454,1313331,mn,Ла Моралиа
101128071,1313352,mn,Лос Естрецхос
101128456,1313357,mn,Местизал
101137234,1313471,mn,Сан Циро
101137619,1313476,mn,Ел Салто де Бордонес
101137850,1313479,mn,Ла Соледад
101139698,1313503,mn,Рио Цларо
101140237,1313510,mn,Ла Салада
101140699,1313516,mn,Ыарумалито
101141700,1313529,mn,Сипирра
101144395,1313564,mn,Ла Цауцана
101145396,1313577,mn,Морета
101147475,1313604,mn,Плайа Бонита
101148245,1313614,mn,Лома Хермоса
101148784,1313621,mn,Мампаы
101149939,1313636,mn,Нуева Цолониа
101158332,1313745,mn,Паварандо Гранде
101162182,1313795,mn,Цируела
101162798,1313803,mn,Цристобал
101165724,1313841,mn,Ел Цинцо
101169959,1313896,mn,Ел Мадеро
101175041,1313962,mn,Фило Сецо
101178968,1314013,mn,Ла Цонвенцион
101183511,1314072,mn,Ла Милагроса
101187438,1314123,mn,Ла Ултима Цопа
101188593,1314138,mn,Лас Цуцхиллас
101191442,1314175,mn,Лос Помос
101192443,1314188,mn,Матасано
101192751,1314192,mn,Мигуел Перез
101197602,1314255,mn,Салазар
101197833,1314258,mn,Сан Андрес
101198603,1314268,mn,Сан Циприано
101201914,1314311,mn,Тамборцито
101208690,1314399,mn,Ел Продигио
101217545,1314514,mn,Ла Туниа
101220394,1314551,mn,Буритица
101220471,1314552,mn,Царепа
101220548,1314553,mn,Циудад Боливар
101220625,1314554,mn,Вегацхи
101220702,1314555,mn,Алтос дел Росарио
101220779,1314556,mn,Санта Роса дел Сур
101220856,1314557,mn,Тикизио
101220933,1314558,mn,Цоварацхиа
101221010,1314559,mn,Цартагена дел Цхаира
101221087,1314560,mn,Агустин Цодаззи
101221164,1314561,mn,Манауре Балцон дел Цесар
101221241,1314562,mn,Сан Мартин
101221318,1314563,mn,Цантон де Сан Пабло
101221395,1314564,mn,Ел Реторно
101221549,1314566,mn,Иснос
101221780,1314569,mn,Платон
101221857,1314570,mn,Эль Дорадо
101221934,1314571,mn,Мапирипан
101222011,1314572,mn,Пуерто Цонцордиа
101222088,1314573,mn,Ла Тола
101222165,1314574,mn,Ла Эсперанза
101222242,1314575,mn,Пуерто Гузман
101222319,1314576,mn,Эл Плейон
101222396,1314577,mn,Санта Хелена дел Опон
101222473,1314578,mn,Царуру
101222550,1314579,mn,Тараира
101222704,1314581,mn,Тибацуы
101222781,1314582,mn,Пана Пана
101222858,1314583,mn,Санта Геновева де Доцордо
101225630,1314619,mn,Буэнос-Айрес
101230173,1314678,mn,Эль Эспиналь
101236256,1314757,mn,Йагуалито
101236410,1314759,mn,Йамаица
101237411,1314772,mn,Ла Бетулиа
101238643,1314788,mn,Ла Цхоррера
101249731,1314932,mn,Китуро
101251348,1314953,mn,Сан Йосе де Белен
101256276,1315017,mn,Ла Гарруцха
101261435,1315084,mn,Сан Лазаро
101264592,1315125,mn,Нобага
101268596,1315177,mn,Вива Диос
101271214,1315211,mn,Сан Виценте дел Цонго
101273755,1315244,mn,Тоснован
101276219,1315276,mn,Лас Наранйитас
101280146,1315327,mn,Цхупаве
101282148,1315353,mn,Санта Марта
101282533,1315358,mn,Цацахуал
101284381,1315382,mn,Ыури
101290233,1315458,mn,Ла Пинуэла
101291311,1315472,mn,Агуада
101292620,1315489,mn,Ел патио
101295469,1315526,mn,Арболсоло
101296624,1315541,mn,Анацаро
101297394,1315551,mn,Серритос
101298164,1315561,mn,Ел Лембо
101299088,1315573,mn,Хуертас
101299242,1315575,mn,Ла Бананера
101299935,1315584,mn,Ла Граминеа
101302168,1315613,mn,Онце Цасас
101302399,1315616,mn,Перез
101302476,1315617,mn,Пуерто Алейандриа
101302784,1315621,mn,Пуерто Самариа
101303708,1315633,mn,Вилла Родас
101305787,1315660,mn,Палермо
101312486,1315747,mn,Сан Педро де Йагуа
101312640,1315749,mn,Дорадас
101313949,1315766,mn,Цхигуирос
101315335,1315784,mn,Ла Бастилла
101316259,1315796,mn,Тронцалес
101318415,1315824,mn,Ла Мацарена
101318492,1315825,mn,Йордан де Гуисиа
101318569,1315826,mn,Валле дел Гуамуез
101319185,1315834,mn,Цанагуаро
101320494,1315851,mn,Цацаыал
101320802,1315855,mn,Ла Цооператива
101323805,1315894,mn,Боцана Нуева
101326962,1315935,mn,Ла Кампан
101330735,1315984,mn,Санта Изабел
101338127,1316080,mn,Сан Йосе дел Фрагуа
101339205,1316094,mn,Сан Йосе дел Гуавиаре
101344364,1316161,mn,Ла Цомунидад
101350601,1316242,mn,Ла Пома
101355144,1316301,mn,Калима
101355606,1316307,mn,Триана
101355837,1316310,mn,Гуаимиа
101356068,1316313,mn,Борреро Аыербе
101356684,1316321,mn,Тринидад дел Тикуие
101359764,1316361,mn,Цхицо Перез
101360457,1316370,mn,Чете
101361073,1316378,mn,Цуервал Арриба
101362228,1316393,mn,Сан Хосе дель Агуаже
101362998,1316403,mn,Вентиадеро
101363152,1316405,mn,Саградо Цоразон де Йесус
101363691,1316412,mn,Пуерто Саийа
101364692,1316425,mn,Бубуеы
101365770,1316439,mn,Орито
101366078,1316443,mn,Пуерто Цаицедо
101370390,1316499,mn,Ла Эсперанза
101371853,1316518,mn,Сан Йуан Босцо де ла Верде
101372238,1316523,mn,Ыарима
101372315,1316524,mn,Цампо Цапоте
101372546,1316527,mn,Хато Цорозал
101373393,1316538,mn,Ловеран
101376165,1316574,mn,Белгица
101378013,1316598,mn,Томацхипан
101378552,1316605,mn,Пуерто Бетаниа
101378937,1316610,mn,Ла Царпа
101379938,1316623,mn,Сабанас де ла Фуга
101381247,1316640,mn,Трес Естреллас
101381401,1316642,mn,Цаса де Палма
101386098,1316703,mn,Вилла Силвиа
101386868,1316713,mn,Соплавиенто
101387715,1316724,mn,Цамбалацхе
101389871,1316752,mn,Малого
101390564,1316761,mn,Йуан Диаз
101393336,1316797,mn,Гуакура
101398957,1316870,mn,Цасерио Ла Цопа
101400035,1316884,mn,Пуерто Брасилиа
101401113,1316898,mn,Эль Саладито
101404578,1316943,mn,Монтебелло
101405040,1316949,mn,Солита
101408043,1316988,mn,Матегуадуа
101408428,1316993,mn,Цасерио Ремолино
101408967,1317000,mn,Матицуру-Гранарио
101410507,1317020,mn,Ел Пара
101413741,1317062,mn,Барранцо Цолорадо
101414434,1317071,mn,Вилла Ла Паз
101414511,1317072,mn,Сан Лукас
101414742,1317075,mn,Цхарцо Данто
101415435,1317084,mn,Цасибаре
101417668,1317113,mn,Йуанамбу
101419285,1317134,mn,Даза
101420594,1317151,mn,Эль Трес
101420825,1317154,mn,Ел Дос
101420979,1317156,mn,Ел Уно
101423597,1317190,mn,Нуева Фе
101424213,1317198,mn,Ла Мерцедес
101425445,1317214,mn,Ранцхоларго
101425753,1317218,mn,Самана
101428294,1317251,mn,Америк
101433530,1317319,mn,Аыацуцхо
101433684,1317321,mn,Ел Тоцхе
101437842,1317375,mn,Оливарес
101438766,1317387,mn,Тати
101439228,1317393,mn,Ел Цамбуло
101439536,1317397,mn,Лас Агилас
101444541,1317462,mn,Плацитас
101448314,1317511,mn,Ел Цхомито
101451086,1317547,mn,Белла Суиза
101456322,1317615,mn,Позо Азул
101457169,1317626,mn,Сан Луис де Оцоа
101460634,1317671,mn,Ел Портал
101461481,1317682,mn,Сан Маркос
101461789,1317686,mn,Цхаррас
101463406,1317707,mn,Толу
101464869,1317726,mn,Эстадос Юнидос
101468719,1317776,mn,Эль Диаманте
101470490,1317799,mn,Пуерто Алвира
101472569,1317826,mn,Ла Палмера
101477189,1317886,mn,Балалаика
101478806,1317907,mn,Пуерто Гузман
101479807,1317920,mn,Агуа Негра
101480115,1317924,mn,Сантиаго де Ла Селва
101481732,1317945,mn,Тайумбина
101483734,1317971,mn,Эль Чилкал
101485197,1317990,mn,Цхиллурцо
101486583,1318008,mn,Оритогуаз
101488354,1318031,mn,Алто дел Обиспо
101493282,1318095,mn,Новиа Пуерто Валдивиа
101494514,1318111,mn,Пиамонте
101494591,1318112,mn,Пуэрто Белло
101494976,1318117,mn,Ыураыацо
101497825,1318154,mn,Гилгал
101499057,1318170,mn,Пуерто Аранго
101499365,1318174,mn,Цосанза
101500674,1318191,mn,Сартенейал
101503061,1318222,mn,Сантана Лас Хермосас
101503138,1318223,mn,Сан Антонио де Атенас
101504447,1318240,mn,Норцациа
101506064,1318261,mn,Эль Платедо
101507142,1318275,mn,Эль Гиганте
101508759,1318296,mn,Эль Реалито
101509914,1318311,mn,Милагрос
101510222,1318315,mn,Зарзалито
101512609,1318346,mn,Лос Увос
101513687,1318360,mn,Боцас де Сан Францисцо
101514534,1318371,mn,Боцагранде
101515689,1318386,mn,Куинамайо
101517845,1318414,mn,Цабецитал
101518846,1318427,mn,Валле Нуэво
101520001,1318442,mn,Веинте де Йулио
101520617,1318450,mn,Марриага
101521233,1318458,mn,Алто де Мулатос
101522619,1318476,mn,Ла Цалета
101522773,1318478,mn,Пеналоса
101523158,1318483,mn,Лланерита
101527239,1318536,mn,Паредес де Орориа
101532398,1318603,mn,Гуацхарацал
101533630,1318619,mn,Бутурама
101546643,1318788,mn,Эль Пинар
101547105,1318794,mn,Ел Гуанабано
101572207,1319120,mn,Рионегро
101574902,1319155,mn,Галлардо
101575749,1319166,mn,Сайанди
101575980,1319169,mn,Барбиллас
101576288,1319173,mn,Цупи
101577828,1319193,mn,Пипирал
101586760,1319309,mn,Ла Молина
101591072,1319365,mn,Ел Роблал
101591457,1319370,mn,Ла Руфина
101593844,1319401,mn,Ломитас Абайо
101604008,1319533,mn,Хациенда Ел Ретиро
101608243,1319588,mn,Лос Брасилес
101608705,1319594,mn,Царрено
101612324,1319641,mn,Лас Питиллас
101613787,1319660,mn,Тоцаимо
101618099,1319716,mn,Куебрада Ел Цосо
101622103,1319768,mn,Алпуйарра
101622180,1319769,mn,Долорес
101622950,1319779,mn,Цхарцон
101623412,1319785,mn,Эл Ревс
101624259,1319796,mn,Эль Парке
101626261,1319822,mn,Патецуинде
101627570,1319839,mn,Цуаламана
101627724,1319841,mn,Паррокуиа Виейа
101628263,1319848,mn,Санта Вероница
101628571,1319852,mn,Пуерто Ллерас
101629495,1319864,mn,Цаса де Лата
101632113,1319898,mn,Хациенда Ла Йудеа
101633807,1319920,mn,Хациенда Цанада
101634654,1319931,mn,Гуатемала
101635963,1319948,mn,Ел Тамборал
101639659,1319996,mn,Лас Ондас
101644433,1320058,mn,Ел Броцхе
101651748,1320153,mn,Ел Цофре
101651902,1320155,mn,Галлиназо
101654905,1320194,mn,Цабанас
101662528,1320293,mn,Цанцхала
101664068,1320313,mn,Лас Энсинас
101666917,1320350,mn,Пиендамо
101678852,1320505,mn,Ел Пинде
101679314,1320511,mn,Наранжито
101680161,1320522,mn,Каситас
101680931,1320532,mn,Сан Йосе дел Тапайа
101686937,1320610,mn,Аризал
101688554,1320631,mn,Тиерра Байа
101688708,1320633,mn,Пакурита
101689324,1320641,mn,Пенас де Царацоли
101691249,1320666,mn,Ла Меса
101691711,1320672,mn,Панама де Арауца
101692173,1320678,mn,Ла Гран Виа Ел Порвенир
101695946,1320727,mn,Ел Рудал
101699334,1320771,mn,Дорадал
101699873,1320778,mn,Царибиа
101702722,1320815,mn,Ла Цхивера
101714965,1320974,mn,Руманиа
101718430,1321019,mn,Гавиотас
101721433,1321058,mn,Ла Флореста
101723050,1321079,mn,Сан Рафаэль
101729441,1321162,mn,Пуэрто Эсперанза
101733060,1321209,mn,Лас Палмас
101734292,1321225,mn,Пуебло Санцхез
101738142,1321275,mn,Молино Санта Фе
101744225,1321354,mn,Перицо Негро
101751309,1321446,mn,Пиедра Марцада
101757931,1321532,mn,Монтосо
101758085,1321534,mn,Вилла Есперанза
101763475,1321604,mn,Велу
101773023,1321728,mn,Сопетран
101773100,1321729,mn,Вальдивиа
101773177,1321730,mn,Соча
101773254,1321731,mn,Цхитаракуе
101773331,1321732,mn,Сан Фернандо
101773408,1321733,mn,Сан Мартин де Лоба
101773485,1321734,mn,Ансерма
101773562,1321735,mn,Ла Мерцед
101773639,1321736,mn,Ел Цармен де Атрато
101773716,1321737,mn,Пуерто Либертадор
101773793,1321738,mn,Ла Апартада
101773870,1321739,mn,Сан Кайетано
101773947,1321740,mn,Убала
101774024,1321741,mn,Ел Цолегио
101774409,1321746,mn,Пиментал
101774563,1321748,mn,Санта Круз дель Ислоте
101778644,1321801,mn,Мирафлорез
101789116,1321937,mn,Белла Ангостура
101794814,1322011,mn,Вилла Нуева
101799973,1322078,mn,Лас Пенитас
101806826,1322167,mn,Санта Роза
101808751,1322192,mn,Мирафлорес
101820455,1322344,mn,Куинце Летрас
101823766,1322387,mn,Ретоно
101835701,1322542,mn,Мицхуацан
101844479,1322656,mn,Лос Енаморадос
101854797,1322790,mn,Цампо Серено
101858570,1322839,mn,Алто Виенто
101869658,1322983,mn,Сиерра де ла Цанада
101873970,1323039,mn,Гуацациас
101874971,1323052,mn,Вилла де Сан Андрес
101875048,1323053,mn,Монтера
101875587,1323060,mn,Варас Бланцас
101875895,1323064,mn,Вилла Германиа
101875972,1323065,mn,Вилла дел Рио
101876280,1323069,mn,Моррисон
101876896,1323077,mn,Гуатапури
101877281,1323082,mn,Ел Лоро
101878205,1323094,mn,Вилла Руеда
